8 2.8386102
111 3.1884432
211 3.264946
309 3.0231895
408 1.172091
511 0.059138298
611 -1.0158877
711 -2.2076538
811 -3.4445274
910 -3.9649205
1010 -4.212734
1110 -3.424374
1210 -1.8476729
1310 -0.5280261
1411 0.45115042
1511 1.4970694
1611 2.5793633
1714 3.4276466
1810 3.580698
1914 3.1198454
2013 1.6312532
2114 0.7141857
2213 -0.07105589
2313 -0.86109495
2414 -1.9194984
2514 -2.66252
2614 -3.3763385
2713 -3.3766835
2814 -2.5954728
2913 -1.3457522
3013 -0.052222252
3114 1.2319975
3213 2.5077791
3313 3.4013386
3414 4.108967
3513 4.021826
3614 2.2026606
3715 1.558918
3815 0.30633926
3915 -0.829247
4015 -1.810391
4115 -2.5889213
4216 -2.9049747
4315 -2.8579144
4415 -2.339046
4515 -1.2099006
4615 -0.15781784
4716 1.3045263
4817 2.3775635
4918 2.6368804
5017 2.5997267
5118 2.178815
5217 1.6436052
5317 0.62505627
5417 -0.7181463
5517 -1.6940503
5618 -2.596813
5718 -2.698402
5818 -2.2395682
5918 -1.5738163
6019 -0.8292589
6118 0.062571526
6219 1.138022
6319 1.9691405
6419 2.4604187
6519 2.785684
6619 2.6595101
6719 2.2973046
6819 1.4723701
6903 0.49073696
7003 -0.80788803
7103 -1.8171608
7203 -2.4993806
7303 -2.6404257
7404 -2.4767408
7504 -2.1021652
7604 -1.2590675
7705 -0.16075039
7805 0.94068193
7904 1.8344917
8004 2.5417008
8105 2.9909515
8205 3.0105267
8305 2.2987952
8406 1.0366082
8505 -0.48294306
8608 -2.0996575
8706 -3.1118731
8808 -3.773251
8908 -3.852283
9008 -3.8980644
9106 -2.9415
9208 -1.6342583
9309 0.17684078
9407 1.4913397
9508 2.393611
9609 3.0175676
9709 3.2046375
9808 2.9016123
9908 1.9128928
10008 0.73294735
10109 -0.4884081
10208 -1.5518849
10311 -2.542596
10408 -3.3046763
10508 -3.447438
10611 -3.2166708
10711 -2.330701
10811 -0.75375557
10910 0.7501974
11010 1.9819078
11110 2.8150434
11210 3.2189884
11311 3.1973906
11410 2.7435827
11511 1.4732046
11610 0.35274267
11714 -0.76654243
11814 -1.8016629
11911 -2.739357
12013 -3.1591213
12112 -3.1689305
12213 -2.9496205
12312 -2.433776
12412 -1.1034584
12513 0.20715714
12612 1.3471003
12713 2.2245054
12813 3.0627651
12914 3.2094345
13014 3.196371
13113 2.657483
13213 1.5452261
13315 0.4794364
13414 -0.5585084
13514 -1.5235221
13615 -2.3310678
13714 -2.8376765
13814 -3.048325
13914 -2.9923165
14014 -2.4382253
14115 -1.3859882
14215 -0.28616238
14315 0.84186983
14415 1.7268486
14517 2.3998604
14616 2.9712076
14716 2.9403696
14816 2.2673025
14917 1.503377
15018 0.5867605
15116 -0.48218775
15217 -1.427145
15317 -2.336911
15417 -2.7599304
15518 -3.09345
15619 -3.0932267
15719 -2.581697
15819 -1.5999863
15918 -0.44992638
16018 0.4482546
16118 1.3635416
16218 2.0110579
16318 2.4579673
16419 2.6626167
16520 2.9751549
16619 3.16123
16719 2.747476
16819 1.931119
16921 0.7471962
17003 -0.07697964
17120 -1.2033296
17203 -1.9035048
17303 -2.4330106
17403 -2.819956
17504 -3.3161664
17604 -3.5219092
17704 -3.4888813
17804 -2.9908433
17904 -1.9843564
18006 -0.9197669
18106 0.001420021
18205 0.9679265
18305 1.7366419
18405 2.2876234
18505 2.6053686
18605 2.6398034
18706 2.7348504
18806 2.8143387
18909 2.7165003
19006 2.357235
19106 1.138896
19207 -0.021065712
19309 -0.82183695
19409 -1.6247268
19509 -2.2392776
19609 -2.6869826
19709 -2.9526162
19809 -3.2327023
19908 -3.3764215
20008 -3.3646462
20109 -3.2182775
20208 -2.1400568
20309 -1.0586975
20409 -0.22567225
20511 0.61586475
20611 1.3957753
20711 1.9820642
20811 2.5164704
20910 2.7841673
21010 2.8267555
21110 2.8324194
21210 2.820839
21310 2.6933494
21410 2.2709365
21510 1.3479738
21614 0.46038008
21714 -0.12962437
21811 -0.5708251
21914 -1.1208603
22014 -1.3988507
22111 -1.3772235
22214 -0.9183607
22314 -0.10923481
22414 0.6629319
22514 1.345181
22614 1.8322763
22714 2.126029
22815 2.3338728
22913 2.4945107
23014 2.6773577
23113 2.7504869
23213 2.7386217
23313 2.4757285
23413 2.026
23514 1.4526544
23614 1.2263899
23714 0.8839426
23814 0.14814615
23915 -0.55624104
24014 -1.2161782
24115 -1.9034619
24215 -2.399363
24316 -2.7483726
24416 -2.787911
24516 -2.4946132
24616 -1.4638648
24716 -0.47641325
24817 0.8254051
24916 1.8584642
25017 2.71205
25116 3.1951265
25218 3.369853
25317 3.5143108
25417 3.7194242
25518 3.5193396
25619 2.9926033
25718 2.3733711
25818 1.8023667
25918 1.069356
26018 -0.148489
26118 -0.9164324
26218 -1.5480499
26320 -2.0516222
26419 -2.3516157
26521 -2.6840749
26620 -2.8080099
26720 -2.577008
26820 -1.5933919
26919 -0.35381222
27003 0.56354856
27103 1.5254431
27203 2.2498689
27303 2.74059
27404 3.237852
27505 3.5230913
27604 3.6110773
27704 3.5218353
27805 2.8742347
27904 2.1559105
28005 1.550828
28105 0.67449474
28205 0.047896385
28305 -0.49251127
28405 -1.1218867
28505 -1.7718949
28605 -2.431782
28706 -2.6549273
28809 -2.3305593
28909 -1.0164707
29009 0.14039993
29109 1.3657022
29209 2.2199402
29309 2.9153862
29409 3.089223
29509 2.8364053
29609 2.7440352
29709 2.6327286
29809 2.0467324
29909 0.33726597
30009 -0.8825469
30109 -2.0314069
30209 -2.4973464
30308 -2.4734523
30411 -2.0564158
30511 -1.2847633
30611 -0.47913456
30711 0.39277792
30811 1.3589106
30910 2.1007872
31010 2.6901426
31111 3.1416883
31210 3.5355883
31311 3.3442192
31410 3.2726154
31510 3.006198
31610 2.5553489
31711 1.7002707
31811 0.5077977
31911 -0.48971796
32014 -1.425879
32114 -2.1474779
32214 -2.5726137
32314 -2.8576748
32414 -2.809463
32514 -2.4216716
32614 -1.4698982
32714 -0.5238137
32814 0.4368868
32913 1.3712835
33013 2.1182442
33113 2.794384
33213 3.3101206
33314 3.4587784
33413 3.4159431
33514 3.397934
33615 3.263404
33715 2.0661974
33815 1.8302794
33914 0.99559164
34015 -0.030620575
34115 -0.84705496
34215 -1.6461349
34315 -2.280851
34415 -2.947558
34516 -3.309124
34616 -3.3318653
34717 -2.992142
34817 -1.6946855
34917 -0.3361478
35017 0.78559875
35117 1.8671837
35217 2.754817
35317 3.255865
35417 3.4984083
35517 3.9010258
35617 4.0916023
35718 3.888937
35817 3.099203
35919 2.299038
36020 1.2091188
36118 0.11440182
36219 -0.7296829
36318 -1.3931439
36419 -2.2591665
36518 -2.4697812
36619 -2.6112819
36720 -2.65649
36819 -2.391667
36903 -1.8387399
37003 -0.83340025
37104 0.23821831
37204 1.0670805
37303 1.8351173
37403 2.281331
37503 2.7899895
37604 3.1195354
37704 3.4468613
37804 3.7983322
37904 3.867979
38005 3.8815432
38106 3.838501
38206 3.367773
38306 2.0327744
38406 0.6271353
38505 -0.41014862
38606 -1.2325516
38709 -2.036057
38806 -2.6343913
38907 -3.1569076
39009 -3.2480237
39106 -2.7973506
39206 -2.0515618
39309 -1.0221038
39409 -0.06250191
39508 0.8363204
39609 1.6921744
39709 2.3643456
39808 2.984182
39908 3.4606295
40008 3.5601988
40108 3.584631
40208 3.5947504
40312 3.5280466
40408 2.9458017
40512 1.8352671
40612 0.59078836
40712 -0.4619031
40811 -1.4187565
40910 -2.1739287
41010 -2.9514585
41110 -3.4914565
41210 -3.8120608
41310 -3.8616838
41410 -3.8622446
41510 -3.5406945
41611 -3.1906364
41711 -2.3584855
41814 -1.0263927
41911 0.16597652
42014 1.1934481
42111 2.2391577
42214 3.1022425
42314 3.5935059
42414 3.5978184
42514 3.6207495
42614 3.6055508
42714 3.1416826
42813 1.5507231
42913 0.3614235
43014 -0.6607404
43114 -1.3947034
43214 -1.9504673
43314 -2.2873888
43414 -2.949024
43514 -3.143449
43614 -3.8283072
43715 -3.4791043
43815 -2.2519515
43914 -1.0827415
44015 0.09352255
44115 1.0987864
44217 2.4096937
44316 3.523635
44416 3.8440952
44516 3.9947987
44616 3.858899
44716 3.6607513
44816 2.9968514
44916 1.6807699
45016 0.638927
45117 -0.34058332
45216 -1.1573989
45317 -2.1139648
45419 -2.3475966
45519 -2.7141411
45618 -5.0
45719 -4.862683
45819 -4.192047
45919 -3.1435347
46018 -1.6239173
46119 0.27829075
46219 1.7764587
46319 2.8446755
46419 3.8711462
46519 4.8189793
46620 5.0
46720 4.746257
46821 3.4984598
46920 2.0272856
47003 0.66104794
47103 -0.4628458
47203 -1.2447402
47303 -2.1221728
47404 -2.3653808
47504 -2.1135812
47604 -1.9778247
47704 -1.0803485
47805 -0.12366581
47905 0.9040704
48005 1.7815385
48105 2.4039717
48205 2.9261107
48305 3.2943335
48406 3.5606918
48505 2.2765121
48605 0.87781143
48709 -0.43768358
48809 -1.9067192
48907 -2.9076514
49007 -3.3010356
49107 -3.2862155
49207 -2.9283328
49307 -2.5073104
49407 -1.1194527
49507 -0.18703938
49607 0.67963696
49707 1.3769765
49807 1.9946113
49908 2.3598776
50008 2.681366
50109 2.676896
50209 2.5848923
50311 2.2610283
50411 0.58931065
50511 -0.97099924
50611 -2.1468024
50711 -3.1097775
50811 -3.9122896
50909 -4.2772694
51010 -3.7747855
51110 -2.9522345
51210 -1.6901906
51311 -0.55169153
51411 0.66069937
51511 1.8092065
51611 2.4516172
51711 2.7989135
51814 2.7293196
51914 2.4788032
52014 2.1321778
52114 1.2609053
52213 -0.24635983
52313 -1.3180778
52414 -2.2697475
52514 -2.9521284
52614 -3.351688
52713 -3.263929
52813 -2.9551685
52913 -2.2003975
53013 -1.332952
53114 -0.047986507
53214 1.1333933
53314 2.1283402
53413 2.5564423
53514 2.6974578
53614 2.618618
53714 2.3077912
53815 2.1559649
53915 2.1127992
54015 1.6917791
54115 0.3225832
54215 -0.6371474
54315 -1.2232933
54416 -2.7521126
54516 -3.689601
54616 -4.019849
54716 -4.037009
54817 -2.5851405
54916 -1.2305875
55018 0.061914444
55116 0.9324951
55217 2.0532622
55317 2.8068838
55417 3.9724226
55518 3.9809275
55617 3.9879026
55717 3.205659
55818 1.5005913
56135 -1.3752155
56235 -2.4080431
56335 -3.2776513
56437 -4.099122
56537 -4.1524143
56636 -3.5096464
56737 -2.3267148
56836 -1.2129066
57154 1.3791552
57253 1.8364038
57354 2.0471506
57454 1.9949913
57554 1.9581199
57654 1.6067224
57755 0.5201211
57856 -0.23964024
57956 -1.3083756
58056 -2.7608929
58155 -3.4404182
58255 -3.6096284
58355 -3.2126336
58455 -2.6162634
58556 -1.7377791
58656 -1.1022601
58756 0.5591316
58857 1.5764389
58956 2.0687394
59059 2.3728356
59159 2.3677988
59257 2.2147703
59357 2.0415869
59457 1.7945251
59557 0.34350204
59657 -0.5239229
59758 -1.7864234
59858 -2.5818753
59958 -3.356455
60059 -3.5652099
60159 -3.2755866
60258 -2.450642
60360 -1.3161786
60459 -0.37192965
60559 0.51230145
60659 1.2806892
60759 2.1591558
60859 2.53515
60961 2.8956604
61060 2.6284056
61160 1.9352355
61260 0.8311534
61360 -0.2935605
61461 -1.264071
61562 -2.087662
61878 -3.5758512
61978 -3.120334
62078 -1.9208059
62179 -0.87696934
62278 0.62005043
62379 1.5940895
62479 2.7680082
62579 3.745617
62679 4.8994846
62779 3.4862175
62880 2.909556
62981 3.2402
63080 2.1256294
63181 0.76622343
63280 -0.75882435
63380 -1.8850019
63480 -2.21562
63581 -2.373652
63681 -2.3006608
63781 -1.9129217
63881 -1.6962795
63981 -0.116244316
64081 1.0231423
64183 2.0877037
64284 3.088273
64384 3.7987413
64483 4.3799124
64583 4.2651396
64682 3.8726149
64783 2.3459015
64883 0.8723631
64984 -0.81123257
65084 -1.6033778
65184 -1.8733668
65284 -2.193131
65385 -2.0470269
65485 -1.9703197
65584 -1.405854
65684 0.031621456
65784 1.2007852
65884 2.2839594
65985 3.0458813
66085 3.4298306
66185 3.7067242
66285 2.968419
66386 1.7175093
66485 0.7533941
66586 -0.55997086
66687 -1.4007506
66786 -1.8035152
66886 -2.5458703
66987 -2.5508823
67070 -2.3834786
67170 -1.8866885
67270 -0.6758542
67371 0.5031705
67471 1.6043558
67787 3.0245943
67889 2.730639
67988 1.9082413
68088 0.811368
68189 -0.64713097
68289 -1.5820854
68389 -2.3208804
68489 -2.7589633
68590 -2.6285236
68690 -2.602002
68789 -1.2728646
68889 -0.061188698
68992 1.4782043
69091 2.3087664
69190 3.0009289
69290 3.2489395
69391 3.1045933
69491 2.0400224
69591 0.8037324
69691 -0.3520031
69791 -1.4345574
69891 -2.051344
69992 -2.5810933
70092 -4.641928
70193 -4.422507
70293 -3.62141
70393 -2.2482638
70492 -0.83995724
70593 0.24565077
70693 1.2891645
70793 2.1021814
70893 2.6597252
70993 2.7018065
71094 2.3331475
71194 1.6986413
71278 0.9190984
71377 -0.276299
71477 -0.920722
71577 -1.8325763
71677 -2.7086072
71777 -2.6851115
71878 -2.4120717
71978 -1.6939778
72078 -0.73451614
72178 0.29542065
72278 1.38346
72380 2.1998138
72479 3.2407417
72580 3.3887615
72679 3.3683548
72779 2.1574616
72879 0.8846655
72982 -0.6284089
73083 -1.6129642
73183 -2.293556
73283 -2.445912
73383 -2.557936
73483 -2.3419058
73583 -1.6674886
73683 -0.5726385
73782 0.5314455
73883 1.4050798
73981 2.0697145
74083 2.6196795
74182 3.211668
74285 3.3436375
74382 3.3319702
74482 2.0860825
74585 0.9708042
74682 -0.06874752
74785 -1.1441624
74886 -1.4705148
74984 -2.0905147
17 0.0
117 0.0
217 0.0
317 0.0
418 0.0
517 0.0
617 0.0
719 0.0
819 0.0
919 0.0
1019 0.0
1118 0.0
1219 0.0
1320 0.0
1419 0.0
1519 0.0
1619 0.0
1703 0.0
1804 0.0
1903 0.0
2003 0.0
2103 0.0
2203 0.0
2303 0.0
2404 0.0
2504 0.0
2604 1.167861
2704 0.9591341
2805 1.0808449
2904 -0.6728506
3005 -0.9285011
3105 1.155282
3205 1.1796646
3305 3.2854586
3409 2.8295493
3509 1.167283
3609 -0.39618015
3708 -1.6161265
3806 -1.8116586
3906 -1.6511548
4006 -1.0036082
4107 -0.72235155
4208 -0.11438322
4307 1.4789667
4408 2.6854758
4508 2.7672262
4609 2.7904673
4711 1.7129068
4808 0.38266373
4911 -0.70378065
5011 -1.50793
5111 -2.0027003
5211 -2.2995658
5308 -2.8339553
5411 -2.4006271
5511 -1.618428
5611 -0.43586922
5711 1.0353308
5810 1.383575
5910 2.6448464
6011 2.7162247
6110 2.1348
6211 0.55699444
6310 -0.8866601
6410 -1.6964886
6511 -2.4015718
6614 -2.9852767
6713 -3.1031926
6811 -2.2436814
6911 -1.8016858
7011 -0.55620956
7113 0.22963428
7212 1.3568902
7312 2.080739
7413 2.4862647
7513 2.3013291
7613 1.4759321
7713 -0.08834505
7813 -1.321984
7913 -2.0377605
8013 -3.096885
8114 -3.7723503
8215 -3.7682297
8316 -3.176165
8416 -1.8873584
8514 -0.66203976
8615 0.4161229
8715 1.843483
8815 2.7926955
8915 3.6399145
9015 3.9609098
9115 3.5620327
9215 2.496293
9316 2.1227255
9417 1.1510019
9516 0.13991547
9617 -0.6849613
9716 -1.255434
9817 -4.0054016
9916 -4.3589373
10017 -4.3854604
10117 -4.040306
10217 -3.7970564
10318 -2.8206458
10418 -1.6531689
10517 -0.67125416
10619 0.82175016
10719 0.58549213
10819 1.0870981
10918 1.5270996
11019 1.5734992
11118 1.4302077
11219 1.0812082
11319 -0.022345066
11419 -0.87570953
11520 -1.5092583
11620 -2.087336
11703 -3.1165893
11804 -3.5014331
11904 -3.4539113
12003 -2.9585586
12103 -2.1065192
12203 -0.7560177
12304 0.65488625
12404 1.5990105
12504 2.76761
12604 3.5749245
12704 3.5278282
12805 3.5726185
12906 3.0684605
13006 0.6990347
13106 -0.43370342
13205 -0.38640356
13308 -1.5102687
13408 -2.32465
13508 -3.5938082
13609 -3.61586
13708 -3.0654836
13806 -2.2546248
13906 -1.1233826
14006 0.16432142
14107 0.6450567
14208 1.9276628
14308 2.4016886
14408 3.3697271
14507 3.687729
14607 3.31785
14708 2.776886
14808 1.4844589
14908 0.2766142
15008 -1.0612369
15111 -1.7150922
15209 -2.623695
15309 -3.1178498
15409 -3.4442816
15512 -3.3529506
15611 -2.5529733
15711 -1.5118172
15809 -0.38232517
15910 1.1482692
16010 1.8741531
16110 2.4123163
16210 2.7850432
16311 2.7467155
16410 2.24262
16511 0.75430155
16614 -0.16549444
16714 -1.066117
16812 -1.7759299
16911 -1.7748654
17012 -1.0106149
17112 0.26796532
17212 1.3613625
17313 1.9535513
17412 2.211566
17512 2.435955
17613 3.437621
17713 4.07555
17815 4.34509
17914 4.2058296
18014 3.845581
18113 2.537652
18214 1.3953042
18315 0.033607483
18415 -0.7743578
18515 -1.6816826
18614 -2.2225566
18714 -2.4781222
18815 -2.4669623
18915 -1.9160209
19017 -0.75675297
19117 0.42438316
19216 1.4938407
19316 1.6838112
19416 2.1687026
19516 2.6743002
19616 2.8434458
19716 2.898984
19816 2.6519957
19916 3.0088644
20017 1.9747329
20117 0.49842596
20217 -0.47758532
20318 0.4442091
20418 -0.6511717
20517 -1.2468052
20618 -1.8885255
20718 -1.7463031
20818 -1.0476155
20918 -0.06396961
21019 0.89177036
21118 1.5144014
21219 2.1634765
21320 3.653533
21419 3.411642
21520 3.2835655
21620 2.6053581
21720 0.9391022
21803 -0.5376282
21903 -1.4451802
22003 -2.352734
22103 -2.4149756
22203 -1.8230634
22304 -0.78826904
22404 0.6076441
22505 1.5203271
22605 2.026544
22704 3.3854809
22805 3.5893784
22905 3.1601276
23006 2.021769
23105 -0.112490654
23206 -2.2562585
23305 -3.4020514
23405 -3.2648368
23506 -3.8023272
23607 -3.2793097
23707 -2.6696615
23809 -1.1327
23909 0.2303176
24009 1.1641502
24109 1.8821917
24209 2.2193809
24309 3.64929
24409 3.818161
24509 2.6955972
24608 1.3546214
24708 -0.17839384
24809 -1.3638344
24909 -2.286228
25009 -3.7684386
25109 -3.820366
25209 -3.7202506
25311 -2.8673618
25411 -1.8226788
25511 -0.5078249
25611 0.3930545
25711 1.1815329
25810 1.9357271
25910 3.4388142
26010 2.6117525
26111 1.753232
26211 0.84146976
26311 -0.44824648
26410 -1.3032918
26511 -1.8636999
26611 -2.1826053
26711 -2.1304672
26811 -1.583852
26914 -0.40233803
27014 0.78305674
27114 1.609633
27214 2.1453753
27314 2.2102509
27414 1.9953499
27515 1.2139859
27614 0.6527066
27713 0.45886898
27813 -0.52432156
27914 -1.494163
28013 -2.1089098
28114 -2.6746972
28213 -3.0159798
28314 -3.0041966
28414 -2.428259
28515 -1.3545766
28615 -0.25466204
28716 0.9192381
28815 1.8445649
28916 3.1392288
29015 3.8892174
29115 4.052986
29216 4.1533537
29315 3.766284
29415 2.2367883
29515 0.9138918
29616 -0.41839933
29716 -1.2941895
29818 -1.8759043
29917 -2.121793
30016 -1.9543171
30117 -1.3470273
30218 -0.25405788
30317 0.8902941
30418 1.8026199
30517 2.826209
30618 2.3206606
30719 2.2438116
30818 1.9929833
30920 1.4939666
31020 1.0501757
31119 0.6230335
31219 -0.6076689
31320 -1.3679593
31419 -1.7838101
31519 -2.1730688
31603 -2.332188
31703 -2.3061068
31803 -1.9262958
31903 -1.1397026
32004 -0.1365614
32104 0.87720776
32204 1.6962557
32304 2.2466125
32404 2.1486626
32504 1.9340987
32605 1.7863641
32704 1.4364882
32805 1.1912918
32905 0.44529486
33222 -1.8071027
33322 -2.1422105
33424 -2.2695763
33524 -2.2886338
33624 -2.1164577
33723 -1.028233
33823 0.31116676
33923 1.7105036
34023 3.0072498
34123 2.1565218
34224 1.9811835
34324 1.3647852
34424 1.0411348
34524 -0.16515636
34626 -0.8699999
34726 -1.503783
34825 -1.6950462
34925 -1.535995
35026 -1.090086
35125 -0.3502388
35225 0.5334654
35326 1.4879866
35426 2.1950684
35525 3.129507
35627 2.3053484
35726 2.0829573
35829 1.9471292
35928 1.6279922
36027 1.3930521
36128 1.1595182
36227 0.1642313
36328 -0.8865962
36427 -1.6914444
36511 -2.201921
36611 -2.440003
36711 -2.601271
36811 -1.4325185
36912 -0.2507639
37012 1.1308732
37113 2.1763945
37212 2.967939
37312 3.355524
37413 3.3461885
37513 2.3380837
37613 0.805068
37713 -0.6300359
37813 -1.8964238
37913 -2.3913398
38013 0.0
38117 0.0
38217 0.0
38317 0.0
38417 0.0
38514 0.0
38614 0.0
38717 0.0
38815 0.0
38915 0.0
39015 0.0
39116 0.0
39216 0.0
39317 0.0
39417 0.0
39517 0.0
39616 0.0
39716 0.0
39816 0.0
39919 1.5955019
40017 1.1061645
40119 0.0048570633
40220 -2.20277
40320 -2.1003428
40420 -0.713861
40520 1.9377146
40620 1.4743261
40719 0.7423878
40818 0.807436
40918 0.6846204
41018 -0.10788345
41118 -0.56754017
41219 -1.1963315
41319 -1.5406337
41422 -1.5452492
41519 -1.487061
41622 -1.4332683
41722 -0.90152407
41821 0.39976358
41920 1.1585283
42021 1.6275244
42121 1.8945832
42221 2.1074934
42320 2.1035233
42421 1.9007559
42521 1.8257127
42621 1.3654089
42722 0.9165435
42822 0.05836916
42921 -0.47533226
43023 -1.0576484
43123 -1.5568001
43222 -2.3191655
43323 -3.0613098
43423 -3.5080712
43523 -3.7502675
43623 -3.3058372
43723 -2.3257852
43824 -1.5933697
43924 -0.3115754
44024 0.40158892
44126 1.0816894
44225 1.9766617
44324 2.7267027
44425 3.4007244
44524 3.7456388
44625 3.4543972
44725 2.3239336
44824 1.0153608
44925 -0.16869545
45025 -1.082293
45126 -1.8439224
45226 -2.4735105
45328 -2.906194
45426 -3.322025
45526 -3.7579741
45626 -3.3988218
45726 -3.0720963
45826 -2.2295067
45927 -1.0562756
46027 -0.04460001
46127 1.1952367
46227 2.4831161
46544 2.7728782
46647 0.76146317
46747 -1.0407901
46847 -2.0864115
46946 -2.7661643
47047 -2.8482049
47147 -2.3836904
47246 -1.7425449
47346 -0.22179174
47446 1.2740846
47546 2.3865976
47646 3.4247093
47746 3.7022095
47846 3.4667616
47947 2.5100646
48047 1.3203545
48148 0.26191807
48248 -0.8865652
48347 -1.7156193
48448 -2.3023553
48547 -2.2063956
48648 -1.7956703
48749 -0.9678488
48848 0.33658504
48948 1.4783721
49048 2.3058305
49152 3.0571241
49252 3.1808834
49352 2.6937551
49452 1.9584069
49552 0.6800628
49652 -0.55269146
49752 -1.4092202
49850 -2.3569849
49950 -2.8518317
50050 -2.7641473
50150 -2.1129026
50250 -0.98228455
50350 0.44945955
50453 1.6429529
50552 3.275772
50652 4.3138905
50751 4.145582
50852 3.5226383
50952 2.120646
51052 0.116381645
51152 -0.9444642
51252 -1.8236325
51353 -2.2061217
51452 -2.7377505
51553 -2.4871259
51653 -1.6693096
51754 0.015179634
51854 1.3087239
51954 2.4826174
52054 3.736968
52154 4.2299175
52254 4.136503
52355 3.6689014
52454 2.483571
52554 1.0591478
52655 -0.46816492
52754 -1.3701854
52857 -3.6505666
52956 -3.8992038
53055 -3.875105
53156 -3.4531054
53257 -2.4455965
53357 -1.4651895
53456 0.15086651
53556 1.3340082
53656 1.969729
53756 2.388461
53856 2.6507502
53957 2.3215609
54057 0.66293526
54158 -0.8363657
54257 -2.157719
54358 -3.2356045
54458 -4.088337
54541 -4.2735853
54641 -3.9067566
54741 -2.6814682
54841 -1.2297554
54942 0.09169674
55043 1.0006838
55143 2.1733384
55242 2.9312882
55342 3.0550318
55443 2.9235368
55543 2.173256
55643 0.1895895
55743 -1.5166085
55843 -2.438947
55943 0.0
56043 0.0
56144 0.0
56246 0.0
56346 0.0
56447 0.0
56546 0.0
56647 0.0
56747 0.0
56845 0.0
56945 0.0
57045 0.0
57145 0.0
57246 0.0
57346 0.3289094
57446 0.4233675
57546 0.4064293
57646 -0.0149002075
57747 -0.6547866
57847 -0.6158061
57949 0.59451723
58049 0.81308174
58149 2.704589
58249 1.821949
58349 0.023992062
58449 -0.51549053
58549 0.22227573
58648 0.009491444
58748 -0.21256256
58848 -0.13911104
58948 0.19126558
59050 0.4532466
59150 0.5550413
59249 0.884635
59350 1.635942
59450 1.9554586
59550 1.5146952
59649 0.71397877
59750 0.09188175
59849 -0.6499896
59951 -1.3818939
60050 -2.2058895
60150 -2.6044784
60250 -2.3267758
60351 -0.9760685
60451 0.27691603
60551 1.3139944
60651 2.1117144
60752 2.9754362
60852 2.5564027
60952 2.4142418
61052 1.0086155
61154 0.037129402
61252 -1.062196
61352 -2.0302606
61453 -2.779448
61553 -3.059867
61653 -2.3396544
61753 -1.3386154
61854 -0.30248022
61954 0.52292204
62054 1.3707032
62154 2.7738905
62254 3.0426197
62354 2.9008226
62454 1.4672508
62554 -0.009889126
62656 -0.84116316
62756 -1.9245944
62856 -2.7030187
62955 -2.8719668
63056 -2.292213
63156 -1.0726209
63256 0.41709375
63356 1.2412391
63456 2.0565987
63556 3.1568203
63656 0.0
63756 0.0
63858 0.0
63958 0.5179224
64057 0.28747463
64157 -0.8629484
64258 -1.9712291
64357 -2.118835
64441 -1.5594401
64541 -0.20460129
64641 0.8133731
64741 1.4705482
64842 1.9566817
64942 1.9731126
65043 1.7376509
65142 0.6239128
65242 -0.38608456
65342 -1.5779636
65443 -2.2180922
65543 -2.387802
65643 -2.197637
65743 -1.8629534
65843 -0.7502618
65943 0.03559351
66043 0.5119262
66146 0.97422075
66247 1.1505475
66347 1.1791706
66447 0.95762444
66546 0.41546726
66646 -0.40174007
66746 -1.2502048
66845 -1.5846438
66945 -1.6693788
67046 -1.4835694
67145 -1.1924863
67246 -0.8583894
67347 -0.37417126
67449 0.3830061
67549 1.4555216
67649 2.3480482
67749 2.8831358
67847 2.8243332
67947 2.0239592
68047 0.68721104
68147 -0.564095
68248 -1.5309529
68347 -1.8016837
68447 -1.6742465
68549 -1.2134488
68649 -0.28968287
68749 0.817317
68848 1.4786162
68948 2.197103
69049 3.3296394
69148 3.3167114
69251 2.7043557
69352 1.4285011
69452 0.36389875
69552 -0.6076784
69652 -1.4902866
69752 -1.8723977
69851 -1.8203058
69951 -1.49031
70050 -0.83717537
70151 0.29838562
70251 1.0926542
70351 1.8248572
70451 2.2172418
70551 2.5531883
70652 2.083085
70751 1.1153913
70852 0.042545795
70954 -0.6643133
71053 -1.4752445
71153 -1.8236108
71252 -1.9083045
71353 -1.9062598
71453 -1.5347202
71553 -1.201695
71653 0.25521517
71753 1.2816019
71853 1.7465277
71954 2.775466
72054 2.9181547
72153 2.7718492
72255 1.5662093
72355 0.02264452
72454 -1.0600162
72554 -1.9949956
72655 -2.495116
72755 -2.306519
72855 -1.6980472
72956 -1.4763865
73055 -0.16238117
73155 0.83631706
73256 1.6713343
73356 2.6498384
73458 3.3984776
73556 3.2058983
73657 2.5243292
73756 0.9881859
73857 -0.49784327
73957 -1.6899154
74058 -2.4073198
74157 -2.9716618
74257 -3.109198
74341 -2.5593257
74441 -2.247957
74542 -1.4350452
74642 -0.28598452
74742 0.84216213
74841 1.5809455
74942 2.1837568
