9 0.0
110 0.0
209 0.0
309 0.0
409 0.0
509 0.0
610 0.0
710 0.0
810 0.0
911 0.0
1010 0.0
1111 0.0
1211 0.0
1311 0.0
1411 0.0
1511 0.0
1611 0.0
1712 0.0
1812 0.0
1912 0.0
2013 0.0
2112 0.0
2212 0.0
2312 0.0
2413 0.0
2513 0.0
2613 0.0
2713 0.0
2813 0.0
2913 0.0
3014 0.0
3114 0.0
3214 0.0
3314 0.0
3414 0.0
3514 0.0
3615 0.0
3715 0.0
3816 0.0
3915 0.0
4015 0.0
4115 0.0
4216 0.0
4316 0.0
4416 0.0
4517 0.0
4616 0.0
4716 0.0
4816 0.0
4917 0.0
5017 0.0
5117 0.0
5217 0.0
5318 0.0
5417 0.0
5518 0.0
5618 0.0
5718 0.0
5818 0.0
5919 0.0
6018 0.0
6118 0.0
6218 0.0
6302 0.0
6402 0.0
6502 0.0
6602 0.0
6702 0.0
6802 0.0
6902 0.0
7003 0.0
7103 0.0
7204 0.0
7304 0.0
7404 0.0
7504 0.0
7604 0.0
7704 0.0
7804 0.0
7904 0.0
8005 0.0
8105 0.0
8205 0.0
8305 0.0
8405 0.0
8506 0.0
8605 0.0
8706 0.0
8806 0.0
8907 0.0
9006 0.0
9107 0.0
9207 0.0
9308 0.0
9408 0.0
9507 0.0
9607 0.0
9707 0.0
9807 0.0
9907 0.0
10008 0.0
10108 0.0
10209 0.0
10309 0.0
10408 0.0
10509 0.0
10609 0.0
10709 0.0
10810 0.0
10909 0.0
11010 0.0
11110 0.0
11210 0.0
11310 0.0
11410 0.0
11511 0.0
11610 0.0
11711 0.0
11811 0.0
11911 0.0
12011 0.0
12111 0.0
12212 0.0
12311 0.0
12412 0.0
12512 0.0
12613 0.0
12712 0.0
12812 0.0
12912 0.0
13012 0.0
13113 0.0
13213 0.0
13313 0.0
13413 0.0
13514 0.0
13613 0.0
13714 0.0
13814 0.0
13914 0.0
14014 0.0
14115 0.0
14214 0.0
14315 0.0
14415 0.0
14515 0.0
14615 0.0
14715 0.0
14815 0.0
14915 0.0
15016 0.0
15116 0.0
15216 0.0
15316 0.0
15416 0.0
15516 0.0
15617 0.0
15716 0.0
15817 0.0
15917 0.0
16018 0.0
16117 0.0
16218 0.0
16318 0.0
16418 0.0
16518 0.0
16618 0.0
16718 0.0
16818 0.0
16919 0.0
17019 0.0
17102 0.0
17202 0.0
17302 0.0
17402 0.0
17502 0.0
17602 0.0
17703 0.0
17803 0.0
17904 0.0
18003 0.0
18104 0.0
18204 0.0
18305 0.0
18405 0.0
18505 0.0
18604 0.0
18706 0.0
18805 0.0
18905 0.0
19005 0.0
19105 0.0
19206 0.0
19306 0.0
19407 0.0
19507 0.0
19606 0.0
19707 0.0
19807 0.0
19907 0.0
20008 0.0
20108 0.0
20208 0.0
20307 0.0
20408 0.0
20507 0.0
20608 0.0
20709 0.0
20808 0.0
20908 0.0
21008 0.0
21109 0.0
21209 0.0
21309 0.0
21409 0.0
21509 0.0
21609 0.0
21709 0.0
21810 0.0
21910 0.0
22010 0.0
22110 -0.9665389
22210 0.0
22310 0.0
22410 0.0
22511 0.0
22611 0.0
22711 0.0
22812 0.0
22911 0.0
23012 0.0
23112 0.0
23213 0.0
23312 0.0
23412 0.0
23513 0.0
23612 0.0
23713 0.0
23813 0.0
23914 0.0
24013 0.0
24113 0.0
24214 0.0
24314 0.0
24414 0.0
24514 0.0
24614 0.0
24715 0.0
24815 0.0
24915 0.0
25015 0.0
25115 0.0
25215 0.0
25316 0.0
25415 0.0
25516 0.0
25616 0.0
25716 0.0
25816 0.0
25916 0.0
26016 0.0
26117 0.0
26217 0.0
26317 0.0
26417 0.0
26517 0.0
26617 0.0
26718 0.0
26817 0.0
26918 0.0
27018 0.0
27118 0.0
27218 0.0
27318 0.0
27418 0.0
27519 0.0
27619 0.0
27702 0.0
27802 0.0
27902 0.0
28002 0.0
28102 0.0
28202 0.0
28303 0.0
28403 0.0
28503 0.0
28604 0.0
28704 0.0
28804 0.0
28904 0.0
29004 0.0
29104 0.0
29204 0.0
29306 0.0
29406 0.0
29505 0.0
29605 0.0
29706 0.0
29805 0.0
29905 0.0
30007 0.0
30107 0.0
30206 0.0
30306 0.0
30407 0.0
30507 0.0
30607 0.0
30708 0.0
30808 0.0
30908 0.0
31007 0.0
31108 0.0
31208 0.0
31309 0.0
31408 0.0
31508 0.0
31609 0.0
31709 0.0
31809 0.0
31908 0.0
32009 0.0
32110 0.0
32209 0.0
32310 0.0
32410 0.0
32510 0.0
32610 0.0
32711 0.0
32811 0.0
32910 0.0
33010 0.0
33111 0.0
33211 0.0
33311 0.0
33411 0.0
33512 0.0
33612 0.0
33711 0.0
33812 0.0
33912 0.0
34012 0.0
34112 0.0
34212 0.0
34312 0.0
34412 0.0
34513 0.0
34613 0.0
34713 0.0
34813 0.0
34914 0.0
35014 0.0
35114 0.0
35214 0.0
35315 0.0
35414 0.0
35514 0.0
35614 0.0
35715 0.0
35815 0.0
35915 0.0
36015 0.0
36115 0.0
36216 0.0
36316 0.0
36416 0.0
36516 0.0
36617 0.0
36716 0.0
36816 0.0
36917 0.0
37016 0.0
37117 0.0
37217 0.0
37317 0.0
37417 0.0
37518 0.0
37618 0.0
37718 0.0
37818 0.0
37918 0.0
38019 0.0
38119 0.0
38219 0.0
38319 0.0
38402 0.0
38502 0.0
38602 0.0
38702 0.0
38802 0.0
38902 0.0
39002 0.0
39103 0.0
39203 0.0
39304 0.0
39405 0.0
39504 0.0
39604 0.0
39704 0.0
39804 0.0
39904 0.0
40006 0.0
40105 0.0
40206 0.0
40306 0.0
40406 0.0
40505 0.0
40605 0.0
40706 0.0
40807 0.0
40907 0.0
41007 0.0
41107 0.0
41207 0.0
41307 0.0
41408 0.0
41508 0.0
41607 0.0
41708 0.0
41808 0.0
41907 0.0
42008 0.0
42108 0.0
42209 0.0
42309 0.0
42409 0.0
42509 0.0
42609 0.0
42710 0.0
42809 0.0
42910 0.0
43009 0.0
43110 0.0
43211 0.0
43310 0.0
43411 0.0
43510 0.0
43610 0.0
43710 0.0
43811 0.0
43911 0.0
44011 0.0
44111 0.0
44212 0.0
44311 0.0
44412 0.0
44512 0.0
44612 0.0
44712 0.0
44812 0.0
44913 0.0
45013 0.0
45114 0.0
45213 0.0
45313 0.0
45413 0.0
45513 0.0
45613 0.0
45714 0.0
45814 0.0
45914 0.0
46015 0.0
46114 0.0
46215 0.0
46315 0.0
46414 0.0
46515 0.0
46615 0.0
46715 0.0
46816 0.0
46915 0.0
47015 0.0
47116 0.0
47217 0.0
47317 0.0
47416 0.0
47516 0.0
47617 0.0
47717 0.0
47817 0.0
47917 0.0
48017 0.0
48117 0.0
48218 0.0
48318 0.0
48418 0.0
48518 0.0
48619 0.0
48718 0.0
48819 0.0
48919 0.0
49002 0.0
49102 0.0
49202 0.0
49302 0.0
49402 0.0
49502 0.0
49602 0.0
49703 0.0
49803 0.0
49905 0.0
50004 0.0
50104 0.0
50205 0.0
50305 0.0
50404 0.0
50505 0.0
50604 0.0
50706 0.0
50806 0.0
50905 0.0
51005 0.0
51105 0.0
51205 0.0
51305 0.0
51406 0.0
51506 0.0
51606 0.0
51706 0.0
51807 0.0
51906 0.0
52007 0.0
52107 0.0
52207 0.0
52307 0.0
52408 0.0
52508 0.0
52609 0.0
52708 0.0
52808 0.0
52909 0.0
53008 0.0
53108 0.0
53209 0.0
53309 0.0
53409 0.0
53509 0.0
53609 0.0
53710 0.0
53809 0.0
53909 0.0
54010 0.0
54111 0.0
54210 0.0
54311 0.0
54410 0.0
54511 0.0
54611 0.0
54712 0.0
54811 0.0
54911 0.0
55011 0.0
55111 0.0
55212 0.0
55312 0.0
55412 0.0
55512 0.0
55612 0.0
55713 0.0
55813 0.0
55913 0.0
56013 0.0
56113 0.0
56213 0.0
56314 0.0
56413 0.0
56514 0.0
56614 0.0
56714 0.0
56815 0.0
56915 0.0
57015 0.0
57115 0.0
57215 0.0
57315 0.0
57416 0.0
57515 0.0
57616 0.0
57716 0.0
57816 0.0
57917 0.0
58016 0.0
58116 0.0
58216 0.0
58317 0.0
58416 0.0
58517 0.0
58617 0.0
58717 0.0
58817 0.0
58918 0.0
59017 0.0
59118 0.0
59218 0.0
59318 0.0
59419 0.0
59519 0.0
59619 0.0
59702 0.0
59802 0.0
59902 0.0
60002 0.0
60102 0.0
60202 0.0
60302 0.0
60403 0.0
60503 0.0
60604 0.0
60704 0.0
60804 0.0
60904 0.0
61004 0.0
61104 0.0
61204 0.0
61305 0.0
61405 0.0
61505 0.0
61605 0.0
61705 0.0
61805 0.0
61906 0.0
62006 0.0
62106 0.0
62206 0.0
62306 0.0
62406 0.0
62506 0.0
62607 0.0
62706 0.0
62808 0.0
62907 0.0
63007 0.0
63107 0.0
63208 0.0
63308 0.0
63408 0.0
63509 0.0
63608 0.0
63708 0.0
63808 0.0
63909 0.0
64009 0.0
64109 0.0
64209 0.0
64309 0.0
64409 0.0
64509 0.0
64610 0.0
64710 0.0
64810 0.0
64910 0.0
65011 0.0
65111 0.0
65211 0.0
65311 0.0
65411 0.0
65511 0.0
65611 0.0
65711 0.0
65812 0.0
65912 0.0
66012 0.0
66112 0.0
66212 0.0
66312 0.0
66412 0.0
66513 0.0
66613 0.0
66713 0.0
66813 0.0
66913 0.0
67013 0.0
67114 0.0
67214 0.0
67314 0.0
67414 0.0
67514 0.0
67614 0.0
67714 0.0
67815 0.0
67915 0.0
68015 0.0
68115 0.0
68216 0.0
68316 0.0
68415 0.0
68516 0.0
68616 0.0
68716 0.0
68816 0.0
68916 0.0
69017 0.0
69117 0.0
69217 0.0
69317 0.0
69417 0.0
69517 0.0
69618 0.0
69718 0.0
69818 0.0
69918 0.0
70018 0.0
70119 0.0
70219 0.0
70319 0.0
70419 0.0
70502 0.0
70602 0.0
70702 0.0
70802 0.0
70902 0.0
71003 0.0
71103 0.0
71203 0.0
71304 0.0
71404 0.0
71504 0.0
71604 0.0
71704 0.0
71804 0.0
71904 0.0
72005 0.0
72105 0.0
72205 0.0
72305 0.0
72405 0.0
72506 0.0
72606 0.0
72707 0.0
72807 0.0
72907 0.0
73007 0.0
73107 0.0
73207 0.0
73307 0.0
73407 0.0
73508 0.0
73608 0.0
73708 0.0
73807 0.0
73908 0.0
74008 0.0
74108 0.0
74209 0.0
74309 0.0
74409 0.0
74509 0.0
74609 0.0
74709 0.0
74809 0.0
74910 0.0
75010 0.0
13 -3.72867
113 -3.5914354
213 -1.0724049
314 1.8187447
414 1.9577203
514 1.8953743
614 -0.4009676
714 -2.1670642
814 -2.4174893
915 0.0
1015 0.0
1115 0.0
1215 0.0
1315 0.0
1416 0.0
1515 0.0
1616 0.0
1716 0.0
1816 0.0
1916 0.0
2017 0.0
2116 0.0
2217 0.0
2317 0.0
2417 0.0
2518 0.0
2618 0.0
2718 0.0
2817 0.0
2918 0.0
3019 0.0
3118 0.0
3218 0.0
3319 0.0
3419 0.0
3519 0.0
3602 0.0
3702 0.0
3802 0.0
3902 0.0
4002 0.0
4102 0.0
4202 0.0
4303 0.0
4403 0.0
4504 0.0
4604 0.0
4704 0.0
4804 0.0
4904 0.0
5004 0.0
5104 0.0
5205 0.0
5305 0.4452772
5405 1.8730111
5505 2.9090185
5605 3.2122364
5706 2.0618377
5806 0.82118225
5906 -0.24070549
6006 -0.82517195
6106 -1.0315819
6206 -0.794292
6306 0.12778187
6407 1.6384797
6507 2.9327326
6607 3.841426
6707 4.439538
6807 4.4165316
6907 3.878376
7008 2.6071029
7108 0.93355894
7208 -0.76505613
7308 -1.7339687
7408 -2.0780356
7508 -2.087647
7608 -1.6368594
7709 -0.690804
7809 0.58082104
7909 1.8196115
8009 2.660788
8109 3.0604773
8209 3.096734
8310 2.9743042
8410 2.2251754
8510 0.712451
8610 -0.61888885
8710 -1.4405093
8810 -1.8038697
8910 -1.8364036
9011 -1.6605878
9111 -1.0643692
9211 0.09580898
9311 1.2982812
9412 2.619358
9511 3.096507
9612 3.0920315
9712 2.8128653
9812 2.1342812
9913 1.0595922
10012 -0.33870363
10112 -1.3578467
10213 -1.7889247
10313 -1.8310516
10413 -1.7255485
10513 -0.99504566
10613 0.6191373
10713 1.868576
10814 2.9610229
10914 3.1503067
11014 3.1252346
11114 2.7942924
11214 2.1211267
11314 0.84572506
11414 -0.3417554
11515 -0.83975744
11615 -0.8539152
11715 0.0094919205
11815 1.0040064
11916 2.0170202
12015 3.1731348
12115 3.9308786
12216 3.8425179
12316 3.7805176
12416 3.1743793
12516 2.280757
12616 1.0796027
12716 -0.14594507
12816 -0.91377306
12917 -1.1681314
13017 -1.1899445
13117 -0.9228101
13217 -0.005821705
13317 1.1962862
13417 2.0371985
13518 2.4719763
13618 2.5747628
13718 2.495716
13818 2.4374971
13918 2.379953
14018 2.194232
14119 1.1326842
14219 -0.28492594
14302 -0.661469
14402 -0.6416998
14502 -0.060668945
14602 1.1263762
14702 2.558464
14802 3.4180603
14903 3.95827
15003 4.054286
15104 3.7777805
15203 3.119254
15304 2.0974045
15404 0.720994
15504 -0.49217558
15604 -1.28969
15704 -1.4337814
15805 -1.4147141
15905 -0.69399166
16005 0.2004404
16105 1.450284
16205 2.5648308
16305 3.2859612
16405 3.5319977
16506 3.617875
16606 3.499611
16706 3.3582945
16806 3.1002064
16906 2.7655764
17006 2.1688004
17107 1.3037629
17207 0.20535707
17307 -0.86334085
17407 -1.4479816
17507 -1.6770928
17607 -1.6362934
17707 -1.4227047
17808 -1.0116696
17908 -0.0699358
18008 0.9786711
18108 1.8043656
18208 2.410811
18308 2.881095
18409 3.1453953
18509 3.062296
18609 2.9364572
18709 2.5402489
18809 1.7652764
18909 0.71043634
19009 -0.6305661
19110 -1.4934223
19210 -2.0581346
19311 -2.260522
19410 -2.282766
19510 -2.1993337
19610 -2.0480814
19711 -1.4487579
19811 -0.3563285
19912 0.891623
20011 1.8170424
20111 2.4166985
20211 2.7102876
20312 2.8317962
20412 2.8250055
20512 2.783576
20612 2.4841485
20712 1.6807723
20813 0.35922337
20912 -0.9618678
21013 -1.9906182
21113 -2.615305
21213 -2.815271
21313 -2.845395
21413 -2.8032155
21514 -2.2255113
21613 -0.93967915
21714 0.5584836
21814 1.747901
21914 2.6534095
22015 2.996994
22114 3.0456295
22215 2.969635
22315 2.5399184
22415 1.5282884
22515 0.36661053
22615 -0.847682
22715 -1.6672692
22816 -2.199326
22916 -2.400599
23016 -2.2856972
23116 -1.88182
23216 -1.0646777
23317 0.3400116
23417 1.5197768
23517 2.5210624
23617 3.0780334
23718 3.183669
23817 3.2486973
23917 3.1116438
24017 2.839717
24118 2.046595
24218 0.9391928
24318 -0.3917122
24418 -1.5460305
24518 -2.3660808
24618 -2.951795
24718 -3.128407
24818 -3.148869
24902 -3.1072464
25002 -2.9407496
25102 -2.201349
25202 -0.5981126
25302 1.147768
25402 2.1136909
25502 2.7855582
25603 3.081005
25703 3.10631
25804 2.8619432
25904 2.119401
26004 1.1233001
26104 -0.1669836
26204 -1.3811162
26304 -2.2584074
26405 -2.7980525
26505 -2.868165
26605 -2.8634865
26705 -2.639529
26805 -1.8088956
26905 -0.5715909
27005 0.76082325
27105 1.8227997
27206 2.488378
27306 2.8335886
27406 2.9288244
27506 2.9222822
27606 2.8689728
27706 2.6745973
27807 2.1100693
27906 0.8322258
28007 -0.5739956
28107 -1.6717286
28207 -2.4933581
28307 -2.9103956
28408 -3.0910573
28508 -3.0895135
28607 -2.8580716
28708 -2.1586406
28808 -0.46977615
28908 1.0648103
29009 2.516244
29108 3.354393
29209 3.6343603
29309 3.688655
29409 3.6480389
29509 3.445468
29609 3.0565166
29710 2.1399093
29810 0.7183709
29911 -0.5541558
30010 -1.7526212
30110 -2.8256187
30210 -3.2641103
30311 -3.6105895
30411 -3.73701
30511 -3.602815
30611 -3.3848188
30711 -2.8092034
30811 -1.6956742
30911 -0.340096
31012 1.0204473
31112 2.0868483
31212 2.8620057
31312 3.2665663
31412 3.372654
31513 3.2904224
31613 2.8954592
31713 2.0552473
31813 0.68499994
31913 -0.62459993
32014 -1.7853432
32114 -2.4361732
32214 -2.8213866
32314 -2.87484
32414 -2.8259735
32514 -2.2972138
32614 -1.0884833
32714 0.09596825
32814 1.3435035
32915 2.1967325
33015 2.7936296
33115 3.1801968
33215 3.2742348
33315 3.277853
33415 3.1711454
33515 2.7747712
33616 1.9331183
33716 0.76590776
33816 -0.35800934
33916 -1.5194275
34016 -2.2889388
34116 -2.726377
34217 -2.862639
34317 -2.911405
34416 -2.7766979
34517 -2.5253954
34618 -1.520253
34718 -0.29658413
34818 0.8667021
34918 1.897429
35018 2.723391
35118 3.1893806
35219 3.3036842
35319 3.232954
35419 3.042817
35519 2.6955552
35602 2.1503806
35702 0.98765707
35802 -0.17869091
35902 -1.3152268
36002 -2.0041409
36102 -2.4836285
36202 -2.6458063
36303 -2.5187087
36404 -1.950558
36504 -0.93966675
36604 0.16406393
36704 1.2175283
36804 2.2940283
36904 2.9513311
37005 3.2257156
37104 3.2901478
37205 3.1957302
37305 2.8018746
37405 2.126748
37505 0.79139805
37605 -0.43248272
37705 -1.7233577
37806 -2.4717696
37906 -2.990203
38006 -3.1078413
38106 -3.107463
38206 -2.8267455
38306 -2.0016203
38407 -0.6729417
38507 0.55656004
38608 1.8000922
38707 2.7483454
38807 3.4150114
38907 3.7525759
39008 3.801814
39108 3.6182423
39207 3.2217464
39308 2.2703538
39408 1.183536
39508 -0.11282158
39608 -1.1741695
39708 -1.9633775
39809 -2.4675612
39909 -2.6877437
40009 -2.729793
40109 -2.661223
40209 -2.518313
40310 -2.2481208
40410 -1.5805607
40510 -0.28821754
40610 0.85704184
40710 1.6854067
40811 2.4333458
40910 2.7831774
41010 2.8793879
41111 2.811194
41211 2.6309175
41311 2.2682838
41411 1.230761
41512 0.015827656
41611 -1.1279209
41712 -1.9360871
41812 -2.5628052
41912 -2.719187
42012 -2.8431447
42112 -2.7282865
42212 -2.5852125
42313 -2.050242
42413 -1.2364342
42513 -0.35009146
42613 0.5430341
42713 1.2365608
42813 2.0186248
42914 2.490964
43014 2.6874413
43114 2.7108245
43214 2.5502725
43314 2.1720648
43414 1.5478501
43515 0.7920041
43615 -0.041856766
43714 -1.1002839
43815 -1.8347697
43915 -2.4236207
44016 -2.6992998
44115 -2.8851104
44215 -2.8980954
44316 -2.7526906
44416 -2.5370634
44517 -1.7628696
44616 -0.6289835
44717 0.46815538
44817 1.5492048
44917 2.3122125
45017 2.9012804
45117 3.2255306
45217 3.326004
45318 3.3242245
45418 3.148878
45518 2.4960775
45618 1.6292777
45718 0.50241184
45818 -0.4182701
45918 -1.4277985
46019 -1.9955757
46119 -2.3033051
46218 -2.3644135
46302 -2.1924794
46402 -1.632684
46502 -0.5445733
46602 0.49473858
46702 1.414907
46802 2.2566376
46903 2.6913323
47003 2.8208504
47104 2.7422018
47204 2.5509362
47304 2.0315676
47404 1.1116877
47504 -0.07965994
47604 -1.1352081
47704 -1.7841675
47805 -2.253183
47905 -2.4125009
48005 -2.389121
48105 -2.092755
48205 -1.2904477
48305 -0.022331715
48405 1.0723381
48505 1.9478478
48606 2.571836
48706 2.742485
48807 2.755474
48906 2.6545563
49007 2.3862333
49107 1.5644503
49207 -0.017726898
49307 -1.2762971
49407 -2.0598092
49507 -2.4801488
49608 -2.5275784
49707 -2.3509603
49808 -1.7425227
49908 -0.63213015
50008 0.49003506
50108 1.489934
50208 2.3608637
50309 2.731225
50409 2.8533034
50509 2.8294563
50609 2.5675821
50710 1.865087
50810 0.67899895
50909 -0.7213998
51010 -1.7949684
51109 -2.6786623
51210 -2.9696794
51310 -3.029891
51410 -2.941112
51511 -2.6274037
51611 -1.6817544
51711 -0.14961576
51811 1.0297256
51911 1.9692955
52011 2.617854
52111 2.7928085
52211 2.750318
52312 2.4946756
52412 1.7873054
52511 0.5737548
52612 -0.9262705
52712 -1.9353604
52812 -2.5314744
52913 -2.79557
53013 -2.7436144
53113 -2.5473747
53213 -1.8735635
53314 -0.5770607
53413 0.6444135
53513 1.6691809
53614 2.4389558
53714 2.7273269
53814 2.882618
53914 2.8135748
54014 2.604323
54114 1.8697281
54215 0.3714037
54315 -1.032311
54415 -2.194358
54515 -2.630547
54616 -2.7275689
54715 -2.7261403
54816 -2.4758112
54915 -1.805867
55016 -0.85319996
55116 0.3527527
55216 1.2441931
55316 2.08175
55417 2.572979
55516 2.708766
55617 2.6759515
55717 2.5102348
55817 2.1789384
55917 1.2698483
56018 -0.20103598
56118 -1.5952325
56218 -2.5419316
56318 -2.8656127
56418 -2.9490154
56518 -2.8808737
56618 -2.7538228
56718 -2.2447915
56818 -1.0668693
56902 0.017792702
57002 0.9406347
57102 1.5666857
57202 1.8631182
57302 1.955832
57402 1.9525857
57502 1.8927088
57603 1.7385435
57703 1.2764716
57804 -0.26525593
57904 -1.6727269
58004 -2.6520808
58104 -3.1965437
58204 -3.4316273
58304 -3.3955345
58404 -3.1080024
58505 -2.4431014
58605 -0.8898411
58705 0.56177425
58805 1.741066
58905 2.5022974
59005 2.8254218
59105 2.853839
59205 2.5039797
59306 1.6215615
59406 0.06749439
59506 -1.2866826
59606 -2.2911665
59706 -2.6771126
59807 -2.8811662
59907 -2.766241
60008 -2.5468006
60107 -2.1504562
60207 -1.0834129
60307 0.25962353
60407 1.5835638
60507 2.415681
60608 2.8027334
60708 2.905221
60808 2.911097
60908 2.7543993
61009 2.3259888
61109 1.2573409
61209 -0.27184916
61309 -1.8215122
61409 -2.8510444
61510 -3.3256774
61610 -3.4548228
61710 -3.358253
61810 -3.1429486
61910 -2.168977
62010 -0.6100049
62110 0.62048244
62211 1.8431311
62311 2.705411
62411 3.1092577
62511 3.1517897
62611 2.952382
62712 2.4309092
62811 1.3315372
62912 -0.16425991
63012 -1.5995224
63112 -2.7053423
63212 -3.1823087
63312 -3.2610242
63412 -3.147068
63512 -2.660668
63613 -1.4519782
63713 -0.20372581
63813 1.1575556
63913 2.1776428
64013 2.9314475
64114 3.2200146
64213 3.2811947
64314 3.0303316
64414 2.574974
64514 1.7131081
64614 0.30866718
64714 -1.0311885
64814 -1.9380462
64914 -2.5060716
65015 -2.644755
65115 -2.537679
65215 -2.236892
65315 -1.5462596
65415 -0.16551876
65515 1.0613494
65616 2.1408205
65716 2.792006
65817 3.098094
65916 3.1463661
66017 3.0859356
66116 2.742424
66216 1.8950853
66317 0.21939373
66417 -1.1166844
66517 -2.0480225
66617 -2.559552
66718 -2.667221
66818 -2.5913165
66918 -2.3647685
67018 -1.5145562
67118 0.02969551
67218 1.2994757
67318 2.457625
67418 3.1387386
67519 3.4390173
67602 3.4805584
67702 3.1282024
67802 2.1866798
67902 0.9946203
68002 -0.52138233
68102 -1.6213546
68202 -2.4206738
68303 -2.8350492
68403 -2.810083
68504 -2.5250778
68604 -1.9721103
68704 -0.73858595
68804 0.45740414
68904 1.7292871
69004 2.629274
69104 3.1228838
69205 3.273016
69305 3.1535215
69405 2.7873106
69505 2.1210084
69605 0.69095707
69705 -0.6000242
69806 -1.8331919
69906 -2.4042962
70006 -2.602344
70106 -2.528208
70206 -2.2488966
70306 -1.5538077
70406 -0.5272846
70507 0.73151493
70607 1.8370147
70707 2.7610145
70807 3.2932186
70907 3.3989801
71007 3.3769321
71108 3.040492
71208 2.2684655
71308 1.1673112
71408 -0.20191097
71508 -1.3380895
71608 -2.2720017
71709 -2.6555119
71809 -2.7015176
71909 -2.6793451
72009 -2.4221992
72109 -1.4855609
72209 -0.29283476
72310 1.1695933
72410 2.3404121
72510 3.2228298
72610 3.5488672
72710 3.5466862
72810 3.2671957
72911 2.5247788
73011 1.416884
73111 -0.053182602
73211 -1.4385495
73311 -2.6112158
73411 -3.1679244
73511 -3.2228858
73612 -3.0684073
73712 -2.519033
73812 -1.3784194
73912 -0.0823679
74013 1.4249024
74112 2.6391764
74213 3.3230143
74313 3.5616055
74413 3.4450665
74513 2.707232
74613 1.4866166
74713 0.004790783
74813 -1.421896
74914 -2.6652236
75013 -3.469353
