17 -1.6658082
118 -0.39823294
218 0.757246
318 1.627162
418 2.01343
518 1.978878
618 1.2904844
719 0.21452045
818 -1.0723827
919 -2.0108328
1020 -3.0880504
1120 -3.9199398
1204 -4.3841834
1303 -4.590972
1420 -4.4230886
1503 -2.9884703
1620 -1.495681
1705 -0.4741974
1820 0.84435654
1920 1.5301714
2004 1.5777712
2105 0.87863255
2205 -0.5353117
2305 -1.7506919
2404 -3.266751
2522 -4.5798144
2607 -5.0
2723 -5.0
2806 -5.0
2906 -5.0
3007 -5.0
3106 -4.408761
3206 -3.8923433
3306 -2.8415484
3407 -1.6980598
3507 -0.24103642
3606 0.8487978
3709 1.6697416
3807 1.7422194
3908 1.2526731
4007 0.033940315
4107 -1.310699
4208 -2.432369
4308 -3.6064894
4407 -4.3027368
4508 -4.684297
4611 -5.0
4708 -5.0
4809 -4.9466887
4909 -4.421482
5009 -3.8550713
5110 -2.8198347
5210 -2.154969
5309 -1.9076898
5410 -1.1201797
5509 -0.0056409836
5610 0.6269598
5711 0.778739
5810 0.31849957
5911 -0.5303116
6010 -1.2731953
6111 -2.3131726
6211 -3.3887508
6311 -4.3780017
6411 -4.896406
6511 -4.808475
6611 -4.803065
6711 -4.5781097
6813 -2.587761
6912 -0.78545
7012 0.64292717
7113 1.6148872
7213 2.1718378
7313 2.0439544
7413 1.3278513
7513 -0.019841671
7613 -1.3950074
7715 -2.4817562
7813 -3.5902932
7915 -4.654586
8013 -5.0
8114 -4.5938525
8214 -4.0386457
8315 -2.9563394
8414 -1.3861351
8515 0.049441814
8615 1.5223603
8715 2.7219048
8816 3.6670952
8916 4.046795
9017 3.9451656
9116 2.661378
9216 1.0983624
9315 -0.2845087
9416 -1.4327457
9516 -2.955885
9616 -4.2001076
9718 -5.0
9816 -5.0
9917 -5.0
10018 -4.620464
10118 -3.0471568
10217 -1.3203723
10318 0.03931904
10418 1.5780363
10518 2.8508058
10617 3.9322262
10718 4.394786
10818 4.3546085
10918 3.7303562
11020 2.7115507
11119 1.2529626
11220 -0.022429943
11537 -3.4584408
11636 -4.0185356
11737 -4.398038
11837 -4.4403725
11937 -3.9923928
12037 -2.4638696
12137 -0.7618818
12237 0.88493633
12338 2.742331
12655 5.0
12755 5.0
12905 4.837164
12956 4.492079
13056 2.9957108
13155 1.7598443
13256 0.30535793
13357 -0.9801531
13457 -1.9964335
13556 -2.9679117
13657 -3.686586
13757 -4.2545276
13856 -4.3886275
13959 -4.230027
14057 -3.3592165
14158 -1.9046292
14258 -0.3839321
14359 0.8246889
14458 2.4186096
14558 3.502695
14658 4.026559
14759 4.249484
14859 4.0019464
14959 3.407278
15059 2.0096006
15159 0.8706975
15260 -0.3175478
15360 -1.4445355
15459 -2.39718
15560 -3.3721433
15660 -3.92746
15759 -4.1827283
15860 -4.2069683
15960 -4.1669245
16060 -4.163279
16161 -4.113157
16260 -3.8925662
16362 -2.2597404
16461 -0.9085455
16562 0.26260376
16662 1.5301108
16761 2.238614
16862 2.7788782
16962 2.4268122
17062 1.9097557
17162 1.0373836
17263 0.025259972
17363 -0.99512005
17463 -1.7189832
17563 -2.404347
17663 -3.050021
17763 -3.609272
17864 -4.0079336
17965 -4.337078
18063 -4.5182066
18165 -4.6592736
18264 -4.6565475
18365 -4.5068145
18465 -4.392587
18564 -4.1138515
18664 -2.6313176
18765 -1.0570495
18865 0.35460377
18965 1.5709329
19050 2.0651884
19149 2.327273
19250 1.9738121
19350 1.4873605
19450 0.43612194
19550 -0.5384073
19650 -1.4514096
19753 -2.2940931
19867 -2.896669
19967 -3.3775182
20067 -3.8244615
20152 -4.125284
20251 -4.2138424
20352 -4.254983
20451 -4.2674685
20551 -4.080586
20652 -3.2998607
20752 -1.7447205
20854 -0.1831007
20952 0.7986884
21053 1.6008325
21152 2.1916947
21254 3.0910835
21353 3.254839
21453 3.3086824
21554 3.295454
21654 3.1128397
21754 1.7941041
21854 0.82270145
21954 -0.39517736
22055 -1.34165
22154 -2.133764
22254 -2.6724567
22355 -3.1995382
22454 -3.6639934
22555 -3.9197338
22655 -4.102276
22755 -4.128847
22856 -3.8951988
22955 -2.6040993
23056 -0.95199347
23155 0.08462238
23256 1.1287193
23356 1.9544234
23457 2.5845613
23556 3.004776
23656 2.8890762
23756 2.1178231
23856 0.73217106
23959 -0.7182169
24057 -1.7754166
24157 -2.534984
24258 -3.2803478
24358 -3.6700158
24458 -3.9481752
24558 -4.1579704
24658 -4.226884
24758 -4.197576
24860 -3.9527378
24958 -3.4557228
25060 -2.5057743
25159 -1.5589981
25259 -0.49495792
25359 0.41299534
25460 1.1213188
25559 1.7587624
25660 2.043395
25759 2.0600524
25860 1.7214546
25961 0.7747226
26060 -0.19648743
26162 -1.0652287
26260 -1.7763379
26361 -2.3430343
26461 -2.98823
26561 -3.5632665
26661 -3.8772633
26762 -4.1009173
26863 -4.0931387
26962 -3.602398
27063 -2.192376
27162 -1.1379833
27263 0.06688213
27362 1.112834
27463 2.0781708
27562 3.141057
27663 3.4717064
27763 3.7538319
27864 3.9032917
27965 3.831339
28064 2.7850976
28165 1.5684919
28264 0.34385347
28364 -0.5650511
28464 -1.490186
28565 -2.215439
28664 -2.910773
28765 -3.2928054
28864 -3.6234767
28965 -3.7763598
29050 -3.854947
29150 -3.8681955
29250 -3.629381
29366 -2.5254974
29466 -1.5598698
29549 -0.31580257
29666 0.8459463
29749 1.4987116
29850 1.992063
29950 2.6766677
30050 3.0143566
30151 3.1772747
30251 3.1532564
30351 3.034296
30450 2.3740425
30552 1.3167467
30651 0.4189577
30751 -0.4451666
30852 -1.1999557
30952 -1.8268371
31053 -2.4735255
31154 -3.0119822
31253 -3.4966097
31352 -3.910542
31452 -4.055325
31553 -3.9516478
31654 -3.4932513
31756 -2.6025093
31854 -1.6873558
31956 -0.9351249
32054 -0.18075228
32155 0.54031134
32255 1.2558889
32354 1.8402839
32455 2.3405333
32555 2.5337877
32655 2.700029
32755 2.6939888
32855 2.046659
32955 0.8713746
33055 -0.60484266
33155 -1.7022214
33256 -2.3203368
33356 -2.805073
33456 -3.0622308
33556 -3.3825393
33656 -3.5845878
33759 -3.6886191
33857 -3.6974342
33958 -3.5343485
34057 -2.6498132
34158 -1.150804
34258 0.21312618
34358 1.0936174
34458 1.991271
34558 2.541803
34657 2.979617
34758 3.0096455
34860 2.7178736
34958 2.2112741
35059 0.8358946
35159 -0.2996173
35259 -1.1043487
35359 -1.71749
35459 -2.3559284
35559 -3.009024
35659 -3.3335166
35759 -3.5731947
35859 -3.7590542
35961 -3.8302746
36060 -3.6564956
36161 -2.6460962
36261 -1.4686375
36361 -0.41130352
36461 0.6382127
36561 1.1822572
36661 1.8693337
36761 2.1507363
36863 2.4069595
36961 2.593914
37063 2.6276808
37162 2.5036788
37263 1.5809159
37362 0.1458273
37462 -0.8284569
37562 -1.6333499
37662 -2.4106688
37763 -3.0548441
37863 -3.720467
37965 -4.1173115
38064 -4.312672
38164 -4.173763
38264 -3.7533567
38364 -3.0056875
38464 -2.1558766
38564 -1.4492188
38666 -0.5880718
38764 0.18488693
38866 0.93160534
38964 1.5491247
39066 2.3078828
39165 2.5832224
39265 2.7613668
39365 2.7937927
39465 2.7676
39566 2.3241134
39666 1.0060072
39768 -0.093173504
39867 -1.1830611
39967 -2.077863
40067 -2.7783315
40167 -3.258637
40267 -3.616431
40368 -3.795373
40452 -3.795142
40567 -3.7041066
40653 -2.977366
40752 -1.7708268
40853 -0.57633686
40952 0.13698673
41052 0.90286016
41152 1.4428797
41252 2.056159
41352 2.452211
41453 2.7939672
41552 2.8909287
41653 2.859343
41754 2.0665398
41853 0.82965183
41954 -0.36028385
42054 -1.1491439
42154 -1.740483
42254 -2.3126225
42355 -2.78894
42454 -3.3691874
42555 -3.696762
42656 -3.8287253
42754 -3.598912
42855 -2.5610027
42955 -1.3108311
43055 -0.52781534
43155 0.19951105
43256 0.93903065
43355 1.7284102
43456 2.4471574
43556 2.868618
43656 2.9810867
43756 3.056387
43857 2.983283
43957 2.410615
44056 1.23207
44157 0.039782524
44257 -1.0524724
44358 -1.8436289
44457 -2.5670123
44558 -3.0400567
44659 -3.4498415
44758 -3.7185292
44858 -3.8710334
44959 -3.7385035
45058 -3.1072917
45158 -1.7545605
45258 -0.5323286
45359 0.54071665
45459 1.8390703
45561 3.0358353
45660 3.5101566
45761 3.5184002
45860 3.5435238
45961 3.2667522
46061 2.0708375
46160 0.5214567
46261 -0.84760094
46361 -1.9512229
46461 -2.7516847
46561 -3.4341707
46662 -4.140926
46761 -4.2739925
46862 -4.278211
46962 -3.6265037
47062 -1.8684847
47161 -0.5224123
47262 0.92488766
47362 2.4068594
47463 3.115755
47565 3.4179325
47662 3.5437565
47763 3.0688992
47863 2.2569895
47964 0.8402567
48063 -0.2967291
48164 -1.2418418
48264 -2.1898165
48364 -2.8992817
48463 -3.5085435
48564 -3.6487815
48666 -3.468501
48764 -2.786915
48864 -1.3588309
48965 -0.029239655
49065 1.2357545
49165 2.1733346
49265 3.0245485
49365 3.5183916
49466 3.9186392
49565 4.0382433
49666 3.9948168
49766 3.4019632
49866 2.365766
50183 -1.7588525
50283 -2.6716373
50384 -3.5042093
50483 -4.2012863
50584 -4.331142
50684 -4.2297277
50785 -3.7061985
50887 -2.24377
50986 -0.7022352
51085 0.72454023
51185 2.0765138
51286 3.0148182
51385 3.8726196
51486 4.4697533
51586 4.7156057
51686 4.6387234
51787 4.1164303
51886 2.9800935
51987 1.3739538
52086 0.10988331
52187 -1.0283313
52287 -2.315434
52388 -3.1522624
52487 -3.868125
52588 -4.0368867
52688 -3.5468543
52788 -2.473501
52888 -0.9473839
52987 0.34092236
53088 1.7013311
53188 2.8545065
53289 3.6702776
53388 4.2171993
53489 4.3858643
53589 4.384218
53689 3.6699362
53790 1.8161116
53890 0.3374076
53991 -0.8494196
54090 -1.751126
54191 -2.436963
54290 -3.0945761
54390 -3.4670217
54490 -3.4260674
54590 -2.9978147
54677 -1.9724073
54774 -0.77487755
54875 0.42172718
54974 1.6467896
55076 2.7103987
55176 3.3408337
55275 3.6519022
55375 3.6556902
55476 3.191412
55576 2.1802588
55676 1.0283747
55777 -0.1755271
55876 -1.2446506
55976 -2.4240026
56077 -3.1686141
56177 -3.6735096
56277 -4.0708957
56378 -3.9543293
56477 -3.1782827
56578 -1.7616203
56679 -0.20412159
56778 1.3980188
56878 2.757689
56978 3.5751991
57079 3.8946924
57178 3.5344229
57279 2.9620857
57379 1.4741926
57478 0.3322239
57579 -0.75414276
57679 -1.64836
57780 -2.7220807
57880 -3.501021
57980 -4.0862336
58080 -4.187808
58180 -4.113757
58280 -3.572708
58380 -2.358642
58480 -0.8014984
58581 0.749125
58683 2.003395
58781 2.784809
58882 3.1385822
58981 3.0355167
59082 2.335219
59182 0.7207618
59282 -0.20726681
59382 -1.2549672
59482 -2.2145069
59583 -3.26338
59683 -4.0580153
59784 -4.488329
59883 -4.595233
59983 -4.4445367
60083 -3.5193784
60184 -2.0948775
60299 -0.47895908
60400 1.1125607
60484 2.4632797
60601 3.9952946
60701 4.6504936
60785 5.0
60885 5.0
60984 5.0
61086 4.724702
61186 3.106081
61302 1.5288367
61389 0.34838772
61486 -0.966352
61587 -2.1793265
61702 -3.1941667
61788 -3.8115401
61886 -4.0550222
61987 -3.7073689
62087 -2.6601477
62187 -1.4420078
62291 -0.11631966
62388 1.1381593
62487 2.225295
62588 2.8480692
62689 3.2534132
62788 3.333311
62890 2.9930182
62988 2.226335
63089 1.1229067
63189 0.008854389
63289 -1.3645186
63389 -2.2965639
63489 -3.41088
63589 -3.974253
63689 -4.096749
63791 -3.9764478
63890 -3.0490334
63991 -1.7961433
64090 -0.4725194
64190 0.8343668
64290 2.094119
64391 2.9362235
64490 3.3340168
64591 3.8152332
64691 4.4468784
64790 4.065933
64891 2.7682366
64991 1.6946931
65092 0.5328107
65192 -0.3654499
65292 -1.4180169
65392 -2.4570174
65492 -3.2624478
65593 -4.242943
65693 -4.280409
65794 -4.248944
65893 -3.9297314
65993 -2.9210553
66094 -1.7608879
66194 -0.36851168
66293 1.4303904
66393 2.5870209
66494 3.5268059
66593 4.0165777
66694 3.9398785
66794 3.7906628
66895 3.0015564
66994 1.6640053
67095 0.01094532
67195 -1.4591973
67295 -2.7134728
67395 -3.665348
67495 -4.084663
67596 -4.2398825
67696 -3.9006362
68014 0.06709099
68113 1.4275575
68214 2.9838195
68313 3.9260998
68414 4.3088064
68514 4.3719044
68614 4.1420155
68715 3.8559933
68831 2.7101393
68915 1.4407754
69031 -0.029148579
69115 -0.95361376
69214 -1.8551154
69316 -2.8922868
69416 -3.2814164
69516 -3.6220553
69616 -3.669689
69717 -3.2098906
69817 -2.2778502
69917 -1.0643601
70018 0.4515605
70117 1.6079216
70218 2.4629655
70317 3.1114902
70417 3.5591545
70517 3.7603483
70617 3.6826992
70717 2.8347464
70818 1.1080041
70919 -0.29427528
71018 -1.3902698
71118 -2.3065524
71218 -3.0590682
71319 -3.4169683
71418 -3.7872305
71519 -3.7692003
71618 -2.9768503
71719 -2.4080029
71822 -0.8373227
71920 0.6401801
72021 2.269731
72119 3.2323627
72220 3.6963177
72321 4.132969
72420 4.4221544
72521 4.3195095
72621 3.2583876
72720 2.0297103
72821 0.8632636
72922 -0.1799016
73255 -2.9346926
73354 -3.634876
73456 -4.1117897
73555 -4.251332
73655 -4.268938
73755 -3.5901203
73856 -2.3520665
73956 -1.3998909
74056 -0.21033335
74157 0.7879057
74256 1.7203155
74356 2.5928564
74457 3.1266518
74558 3.0417223
74658 2.8199873
74741 2.444304
74857 1.4051757
74944 0.4641409
9 -3.2195604
110 -1.6727843
210 -0.37261486
310 0.82226944
411 2.1043062
510 2.7740793
610 3.320097
711 3.6598597
811 3.4793425
911 3.0485744
1012 1.6544838
1111 0.4738531
1212 -0.90168476
1312 -2.0555766
1412 -2.5561106
1513 -3.3122454
1613 -3.744369
1712 -3.893126
1812 -3.899786
1912 -3.704108
2013 -2.7613397
2114 -1.3004456
2213 -0.03746462
2314 1.107213
2414 2.3893127
2514 3.3721333
2614 4.0825434
2714 4.4321995
2817 4.2639046
2914 3.826518
3015 3.3275127
3114 2.121499
3215 0.23774481
3315 -1.1616654
3416 -2.3685915
3515 -3.6074944
3615 -4.6594315
3715 -5.0
3815 -5.0
3917 -4.4956784
4016 -2.629277
4117 -1.3102989
4216 -0.35042858
4317 0.95577335
4417 1.9747667
4517 2.7380028
4616 3.3788843
4717 3.4829674
4820 3.48102
4917 2.7808557
5019 1.2580824
5117 0.20251894
5218 -0.9446039
5318 -1.697834
5419 -2.4531736
5518 -3.473542
5619 -4.2476673
5719 -4.1613035
5819 -3.756538
5919 -2.933856
6019 -1.9371924
6121 -0.7771292
6220 0.4203596
6320 1.4735208
6421 2.5372934
6520 3.5456476
6620 4.1649075
6720 4.144931
6820 4.051588
6920 3.5128498
7023 2.0601401
7122 0.6766386
7222 -0.3859725
7321 -1.481493
7422 -2.3681035
7522 -2.9963367
7622 -3.7371185
7706 -4.1240287
7822 -4.076168
7907 -3.2775497
8006 -2.142325
8106 -1.057647
8206 0.1270175
8307 1.3001399
8407 2.262185
8507 3.7380962
8607 4.203809
8708 4.4430904
8807 4.2061834
8908 3.985877
9580 -3.8634944
9703 -4.6707487
9776 -4.8458495
9876 -4.9057856
9976 -4.88031
10076 -4.7428317
10176 -3.1166425
10276 -1.5542436
10376 -0.073394775
10477 1.1879125
10578 2.2157135
10677 3.1536226
10778 3.7537498
10862 3.9373379
10978 3.9592028
11062 3.7263126
11178 2.605587
11261 1.5152373
11362 0.3403058
11462 -0.9167371
11562 -1.9469893
11663 -2.948102
11762 -3.6739936
11863 -3.831872
11962 -3.9203343
12063 -3.7637224
12162 -2.8260918
12263 -1.5319195
12364 -0.18186665
12463 1.1324806
12564 2.3252015
12664 3.211937
12764 3.865283
12864 4.0702734
12964 4.1036625
13064 3.7561102
13164 2.6370826
13264 1.4142342
13365 0.4322338
13465 -0.79064417
13565 -1.8072474
13666 -2.8716846
13766 -3.6698146
13866 -3.9784076
13966 -4.5513415
14065 -4.5018606
14166 -3.8588347
14266 -2.9392095
14367 -1.4020596
14466 -0.29420805
14568 0.6982832
14669 1.3250904
14767 2.44172
14868 3.452299
14968 3.6242905
15069 3.6744423
15168 3.4670534
15268 2.2683768
15367 0.8067026
15469 -0.6235366
15568 -1.6623855
15669 -2.2430272
15769 -2.73072
15869 -3.1629488
15969 -3.743032
16069 -3.7845693
16169 -3.3244264
16269 -2.7753773
16371 -1.5116687
16470 -0.55676556
16570 0.25030613
16671 1.1858029
16771 2.0960793
16870 2.8874092
16971 3.3600826
17071 3.5009575
17171 3.0466175
17271 2.18604
17371 1.2162852
17472 0.015974998
17572 -1.0420513
17672 -1.8347485
17772 -2.5252035
17872 -2.9666376
17972 -3.0633473
18073 -2.6530635
18172 -1.5184712
18273 -0.2986517
18374 0.83197355
18473 1.5896378
18573 2.1644769
18674 2.832395
18774 3.3657093
18874 3.3718996
18974 2.9929137
19074 2.3302345
19174 0.82251024
19275 -0.5131726
19374 -1.4488816
19476 -2.2169738
19575 -2.7091491
19676 -2.9549365
19775 -2.7537935
19876 -1.914588
19976 -0.8072777
20075 0.3614173
20176 1.447423
20276 2.109281
20376 2.796958
20477 3.2700176
20577 3.404787
20676 3.4407797
20777 3.0391817
20877 2.4173307
20978 1.1377068
21078 -0.04385996
21177 -0.970294
21279 -1.6625056
21379 -2.3608923
21479 -2.932249
21579 -3.0922446
21678 -3.0475678
21762 -2.5526037
21879 -1.5277176
21962 -0.6490164
22079 0.5064764
22162 1.3075542
22263 2.2143984
22365 2.826932
22463 3.0615234
22564 3.0064335
22663 2.8178873
22765 1.7758188
22864 0.16502571
22964 -0.966331
23064 -1.7515616
23164 -2.5729537
23265 -3.3120804
23365 -3.3671522
23466 -3.5280025
23566 -2.9018464
23666 -1.7008202
23766 -0.78256273
23865 0.33991623
23966 1.4953461
24067 2.5165992
24166 3.1660433
24267 3.4166374
24366 3.3190556
24466 2.484538
24784 -1.2135818
24884 -2.0649056
24984 -2.6801436
25084 -3.039975
25185 -3.1768038
25286 -2.8572886
25384 -1.5502644
25485 -0.13998318
25585 1.0107207
25685 1.8803926
25785 2.4972029
25886 2.8017492
25986 2.7946482
26085 2.4412422
26186 0.9642582
26286 -0.34891415
26386 -1.3729692
26487 -2.2021139
26587 -2.9000695
26687 -3.263192
26787 -3.3578587
26887 -2.9916053
26987 -2.138387
27087 -1.0251365
27187 0.013619423
27287 0.99138594
27388 1.8598032
27488 2.9346914
27589 3.3428278
27688 3.3728857
27788 2.8567328
27889 2.019919
27989 0.8532119
28089 -0.20457745
28189 -1.2704289
28290 -2.1575317
28392 -2.8306751
28490 -3.247809
28591 -3.46106
28690 -3.393529
28791 -3.0204773
28890 -2.1416414
28991 -1.0796521
29090 0.108857155
29191 0.9907923
29293 1.8610106
29391 2.800911
29492 3.4863071
29592 3.5892973
29692 3.404706
29792 2.2118492
29892 1.383894
29992 0.35569715
30092 -0.37084818
30193 -1.3747108
30292 -2.0733902
30394 -2.8629146
30494 -3.32745
30594 -3.5115912
30693 -3.4755113
30794 -3.2872138
30893 -2.4160008
30994 -1.4756763
31094 -0.1634264
31194 0.70729494
31296 1.5026755
31394 2.0767107
31495 2.7384772
31595 3.0327377
31696 3.1097012
31795 2.9077902
31895 1.8807006
31995 0.301589
32096 -0.83490705
32195 -1.6758392
32296 -2.3346958
32381 -2.6798258
32496 -3.1078393
32581 -3.3532746
32680 -3.381649
32781 -2.6841846
32880 -1.7883027
32997 -0.81945515
33082 -0.04928398
33198 0.816432
33282 1.5602121
33381 2.1048722
33482 2.3974924
33583 2.5962272
33682 2.2381997
33782 1.0274601
33883 -0.0467062
33982 -1.0426948
34083 -1.8016157
34185 -2.4480677
34282 -2.920844
34384 -3.3738415
34483 -3.5523164
34584 -3.6167116
34683 -3.482679
34784 -2.798902
34884 -1.8306763
34984 -0.8081045
35087 0.221282
35185 1.13482
35286 2.023584
35384 2.771994
35485 3.130228
35585 3.1379662
35685 2.4996138
35785 1.3652124
35886 0.09692621
35986 -1.1229889
36086 -2.0833085
36188 -3.0076652
36286 -3.625575
36386 -3.9569702
36486 -3.9830847
36586 -3.4914176
36687 -2.166408
36787 -1.181313
36888 0.0046486855
36987 0.92556953
37087 1.9878373
37188 3.0376558
37289 3.6160774
37388 3.8932686
37488 3.752756
37588 3.3453703
37689 1.8506384
37788 0.40549612
37888 -0.7900152
37989 -1.8709254
38089 -2.6891215
38189 -3.3374777
38289 -3.513375
38391 -3.421649
38490 -2.899127
38590 -1.8515666
38690 -0.5429406
38790 0.32697773
38891 1.2964468
38990 2.1103988
39090 2.8297477
39190 3.077427
39292 2.867013
39391 2.1447935
39492 0.984642
39592 0.10488415
39691 -0.7756758
39791 -1.6495476
39892 -2.4211497
39991 -3.041082
40093 -3.4007504
40192 -3.5481915
40292 -3.5087895
40394 -2.9553065
40492 -1.7988422
40594 -0.5333142
40693 0.49864244
40793 1.2822609
40893 2.0373526
40993 2.3812895
41095 2.3762527
41194 1.9944534
41295 0.6078019
41395 -0.5121012
41495 -1.4334939
41595 -2.1914375
41695 -2.7047632
41795 -3.209828
41895 -3.5202966
41996 -3.6412075
42095 -3.6074982
42196 -3.0191636
42296 -1.88187
42397 -0.78913736
42497 0.25713444
42596 1.0540051
42681 1.8320656
42797 2.576562
42880 2.9645033
42997 3.1816263
43081 3.16424
43181 2.6641364
43283 1.5653634
43380 0.35614204
43482 -0.59080505
43582 -1.3606937
43681 -2.036115
43782 -2.9206429
43882 -3.4414203
43983 -3.8166764
44082 -3.9527187
44184 -3.9684849
44282 -3.7976239
44384 -3.0964093
44483 -1.9183564
44584 -0.7057557
44684 0.45345545
44783 1.2673349
44884 2.0510645
44984 2.4897103
45086 2.953795
45184 2.9454527
45284 2.5505028
45384 1.9302702
45485 0.9616232
45585 0.104418755
45685 -0.7712736
45785 -1.680507
45885 -2.5455546
45986 -3.239
46086 -3.5481765
46187 -3.6602614
46285 -3.6406112
46386 -3.0853994
46486 -1.9978919
46587 -0.46189404
46687 0.82160616
46787 1.9027414
46889 3.0554981
46987 3.7564297
47088 4.1689615
47187 4.303879
47288 3.706338
47387 3.0924244
47487 2.126523
47588 1.0928144
47688 0.19778156
47789 -1.0384014
47888 -2.227387
47988 -3.2670147
48089 -3.8218286
48189 -4.009599
48290 -3.8048089
48389 -3.2187717
48490 -2.023787
48590 -0.6695614
48690 0.9307394
48790 2.101716
48892 3.1750803
48990 3.8464441
49090 4.257513
49190 4.4706783
49291 3.8880882
49390 3.097333
49491 2.0269828
49591 0.6750045
49691 -0.49621725
49792 -1.7763381
49892 -3.0452368
49992 -3.9233732
50092 -4.233754
50193 -4.280448
50293 -3.9286115
50393 -2.7175725
50493 -1.161195
50593 -0.094278336
50693 0.9630022
50794 1.800992
50893 2.6329894
50993 3.1967945
51094 3.531024
51193 3.4979458
51294 3.1649914
51395 2.0514832
51495 0.91817
51594 -0.11418867
51695 -1.1157756
51796 -2.365746
51895 -3.1835437
51996 -3.604508
52095 -3.7586687
52196 -3.5805867
52296 -3.006231
52396 -2.0376763
52496 -0.8825426
52596 0.014208794
52696 1.0830274
52797 2.2329316
52898 3.1720304
52997 3.600994
53097 4.913988
53197 4.4410257
53282 4.310382
53382 3.1939144
53498 1.3386173
53582 0.06829977
53698 -1.3230138
53782 -2.1058574
53898 -2.9882898
53983 -3.7107296
54081 -4.0061803
54183 -4.2133617
54283 -3.7968502
54383 -2.4770255
54483 -1.0510762
54583 0.07459164
54682 1.1130934
54783 2.0046906
54884 3.0084248
54983 3.3174744
55086 3.6119661
55184 3.6741
55285 3.481017
55384 2.6436987
55484 1.3512568
55584 0.20675421
55685 -0.76501846
55785 -1.7669659
55885 -2.7542384
55986 -3.6084585
56085 -3.995999
56187 -4.1570144
56286 -4.0947514
56386 -3.406958
56486 -2.0683756
56586 -0.9619489
56687 0.46452427
56787 1.7052565
56889 2.3281837
56987 2.9608383
57088 3.2662163
57188 3.3137121
57287 3.152132
57387 2.0724955
57487 0.98154163
57588 -0.103755
57688 -0.6879201
57788 -1.7419732
57889 -2.682712
57989 -3.795442
58088 -4.557849
58189 -4.9446864
58289 -4.859172
58389 -3.772691
58489 -2.0795228
58589 -0.71703815
58689 0.53464556
58792 1.2830796
58892 2.347949
58990 3.4319324
59091 5.0
59191 5.0
59291 5.0
59391 5.0
59491 5.0
59591 4.4570255
59691 2.7667685
59791 1.0030851
59891 -0.19547558
59993 -2.1318924
60092 -2.8145175
60192 -3.4565892
60293 -3.890591
60394 -4.3234005
60492 -4.1798306
60592 -3.6688693
60692 -2.5905762
60793 -1.6293647
60893 -0.41614342
60993 0.73604774
61095 2.0276995
61194 2.821775
61294 3.4558983
61394 3.469226
61495 3.4374046
61595 2.798359
61695 2.0306144
61795 0.9771528
61895 0.03880024
61996 -0.8850336
62095 -1.7041936
62196 -2.5318735
62296 -3.3866367
62396 -3.8194478
62495 -4.2591934
62596 -4.297994
62696 -3.419196
62797 -2.009618
62899 -0.78990316
62997 0.41789532
63098 1.4027076
63197 2.5590792
63298 3.3102055
63397 3.9564009
63497 4.027813
63597 3.8549404
63698 3.2696114
63800 2.2366562
63898 1.2853317
63999 0.35012722
64098 -0.47436857
64200 -1.2837825
64299 -1.9745038
64399 -2.7251883
64499 -3.301712
64599 -3.608366
64700 -3.6528518
64800 -3.2654388
64901 -2.2034125
65000 -1.2697308
65084 -0.35287762
65201 0.97348547
65301 1.987957
65385 2.8184023
65500 3.3113365
65585 3.4010677
65702 3.4077988
65786 3.368431
65885 2.7499046
65986 1.2936039
66088 0.28035784
66189 -0.44910908
66289 -0.96517897
66389 -1.9625049
66489 -2.688542
66589 -3.325525
66689 -3.5658433
66789 -3.5863628
66889 -3.3804317
66989 -2.614812
67089 -1.5850208
67190 -0.5972185
67289 0.38635683
67391 1.3809633
67490 2.2617493
67590 2.9366732
67691 3.2145386
67791 3.2370644
67891 3.0778608
67991 2.5794578
68093 1.6727629
68408 -1.361752
68508 -2.1122746
68608 -3.0823698
68711 -3.6132333
68809 -4.0096426
68909 -4.0554132
69010 -4.014291
69110 -3.6801665
69212 -2.698875
69310 -1.5875587
69413 -0.44426107
69510 0.7058134
69611 1.9250717
69711 2.6857362
69811 3.4619198
69911 4.023365
70012 4.532835
70112 5.0
70212 4.8215275
70312 3.5570507
70412 2.4574804
70512 1.3116789
70612 0.2995925
70712 -0.8027425
70813 -1.9851959
70913 -3.1392694
71010 -3.575851
71111 -4.075029
71210 -4.2999334
71310 -3.8432572
71411 -3.0250144
71511 -2.1309826
71611 -1.160666
71711 -0.064837456
71812 1.0539541
71911 1.9471426
72012 2.9747977
72112 3.6960678
72213 4.185295
72312 4.300337
72413 4.207308
72513 3.6923542
72613 3.0266838
72713 2.2258348
72813 0.80755424
72915 -0.49974632
73014 -1.4258847
73113 -2.6461992
73214 -3.363054
73314 -4.1235137
73414 -4.4001193
73514 -4.4003024
73617 -4.2663283
73715 -3.5111713
73814 -2.2493541
73915 -1.2643447
74016 -0.28681517
74115 0.9331937
74216 1.8706551
74316 2.7439356
74416 3.720604
74516 4.101283
74617 4.1319275
74717 4.374487
74817 4.229803
74918 3.11417
