8 -0.2792344
109 -1.7091587
208 -2.442306
309 -2.6119924
409 -2.416718
510 -1.0805116
609 0.67576504
710 1.9722548
810 2.2947083
911 2.038661
1011 0.6283579
1110 -0.9200468
1211 -2.2254033
1311 -2.8249753
1412 -2.709772
1512 -1.487009
1612 0.6085987
1712 2.097303
1813 2.8361902
1912 2.7748742
2014 1.9576783
2114 0.22391033
2214 -1.3441978
2314 -2.5388527
2414 -2.9846075
2515 -2.885096
2615 -1.5575421
2715 0.47416687
2815 2.1226912
2916 3.068327
3016 3.1971283
3116 2.2681932
3216 0.5720663
3316 -1.1107132
3418 -2.5817997
3517 -3.1192904
3618 -2.8007834
3718 -1.0785358
3818 1.0167494
3919 2.5885034
4018 3.295577
4119 3.0129328
4203 2.0411592
4303 0.24553823
4402 -1.5422993
4503 -2.5928576
4603 -2.8854973
4703 -2.4335713
4804 -0.20284319
4905 1.6572013
5005 2.5419073
5105 2.660819
5205 2.0273085
5305 0.4090414
5406 -1.1401932
5506 -2.5129437
5605 -2.82082
5707 -2.3051627
5807 -0.4296775
5907 1.0965586
6007 2.5802374
6107 3.2628078
6208 2.994565
6308 1.520236
6408 -0.5651355
6509 -2.4775643
6609 -3.5778828
6709 -3.3319252
6810 -1.8147521
6909 1.005693
7010 2.7409544
7110 4.3046055
7211 4.3771124
7311 2.9329743
7410 0.91576576
7511 -0.88737774
7612 -2.460698
7712 -3.4224718
7812 -3.1914256
7912 -1.8829741
8012 0.46247244
8113 2.3890162
8213 2.9809747
8314 2.9173346
8414 2.1832795
8513 0.18324518
8614 -1.4953055
8714 -2.5184124
8815 -2.1520472
8915 -0.693233
9016 1.3747311
9116 2.4920592
9215 3.0417004
9317 2.5836
9417 1.2549257
9516 -0.7183852
9617 -2.6136289
9717 -3.331905
9818 -3.0865057
9917 -1.1870518
10018 1.0122108
10119 2.6582856
10219 3.2101688
10319 2.5772476
10402 1.4276643
10503 -0.28832483
10603 -1.9175334
10703 -2.9090304
10804 -2.8446126
10904 -1.5462449
11004 0.48710728
11103 2.1489358
11205 3.0113668
11305 3.2161007
11405 2.3348808
11506 0.6336355
11606 -1.06107
11706 -2.353373
11805 -2.5768487
11907 -1.384409
12006 0.49339056
12107 2.0085158
12207 2.8786073
12307 3.2578306
12408 2.4529443
12508 0.7806711
12608 -1.2130146
12708 -2.469068
12809 -2.7388353
12908 -1.7518413
13009 0.033764362
13109 1.8200316
13209 3.051465
13311 3.8454857
13411 3.0761356
13511 1.8120193
13611 -0.7752595
13711 -2.6902084
13812 -3.5577962
13911 -3.3378532
14012 -2.3191428
14111 -0.12199831
14213 1.8892441
14313 3.0628605
14413 3.1760216
14513 2.25746
14614 1.2454901
14714 -0.8708744
14814 -2.1731203
14915 -2.9023764
15015 -2.751638
15115 -1.4109776
15215 0.6567693
15316 2.111394
15416 2.8833566
15516 2.5512075
15617 1.2015753
15716 -0.26811218
15817 -1.996592
15917 -2.7697809
16017 -2.898235
16118 -2.5032191
16218 -1.139072
16319 0.26533842
16419 1.3576937
16519 2.11624
16618 2.7349677
16703 3.1028023
16803 3.173604
16903 3.1229572
17003 3.1752787
17103 3.3140116
17204 3.4157715
17303 3.2793932
17405 2.8098173
17505 1.6902342
17605 0.16410112
17705 -1.1095703
17805 -1.8368106
17906 -2.227407
18005 -2.3533473
18107 -2.2161734
18207 -1.6321464
18307 -0.5170407
18407 0.6772337
18507 1.4915185
18607 1.9834967
18708 2.4746146
18808 2.7889838
18909 3.0232382
19008 3.2339268
19109 3.4046974
19209 3.4286623
19310 3.4081936
19409 3.237671
19510 2.838037
19611 2.3109527
19710 1.6848803
19810 0.27383518
19910 -1.0937755
20011 -2.110395
20111 -2.5171406
20212 -2.6152725
20312 -2.5922666
20413 -2.566002
20513 -2.5289416
20612 -2.488426
20713 -2.0846224
20814 -0.21862555
20914 1.1236181
21014 1.9411545
21115 2.613265
21214 2.971549
21315 3.2426548
21415 3.3381119
21515 3.4038906
21616 3.4226732
21716 3.4212189
21816 3.3628902
21917 2.8822274
22017 1.837358
22117 0.19239712
22217 -1.2276669
22318 -2.0899997
22418 -2.8281348
22518 -3.167026
22618 -3.1356301
22719 -2.88261
22819 -2.6613023
22918 -2.0568254
23002 -0.76727104
23103 0.39517498
23204 1.3879266
23303 1.9757433
23403 2.4579515
23503 2.7959266
23605 3.1343555
23705 3.2617092
23805 3.229601
23905 3.014349
24005 2.393756
24106 1.4323106
24206 0.14462662
24307 -1.1323605
24406 -1.9678788
24506 -2.3626726
24607 -2.374132
24707 -2.2873268
24808 -2.1026504
24908 -1.7437806
25008 -0.4254465
25108 0.8342352
25209 1.6223078
25308 2.0987043
25409 2.5693884
25510 3.026513
25610 3.172287
25710 3.2516499
25810 3.2595997
25911 3.0958767
26011 2.4177132
26111 1.5842962
26211 0.3576107
26312 -0.82128954
26412 -1.8751254
26512 -2.5721335
26613 -2.8872962
26712 -2.96466
26813 -2.948032
26913 -2.8776317
27013 -2.766213
27113 -2.5540109
27214 -1.5360267
27314 -0.28630543
27414 0.62925243
27515 1.5192809
27615 2.0941782
27715 2.4088693
27816 2.5893517
27916 2.7161698
28016 2.763051
28116 2.7115302
28217 2.4679055
28317 2.0036097
28417 1.4667826
28517 0.4101324
28617 -0.54743576
28718 -1.300281
28818 -1.8829849
28919 -2.2527404
29018 -2.453298
29103 -2.5427167
29202 -2.5699716
29303 -2.5121005
29403 -2.1809616
29503 -0.82213306
29604 0.58308697
29703 1.5640411
29804 2.150125
29905 2.7276735
30005 3.0103264
30105 3.2783604
30205 3.3847322
30306 3.416397
30406 3.3700266
30506 3.0403767
30607 2.2314558
30707 1.6434188
30806 0.48429298
30908 -0.97240925
31008 -2.290554
31107 -3.0832806
31208 -3.4410617
31308 -3.6247787
31409 -3.5969882
31508 -3.5402944
31609 -3.3562179
31709 -3.227878
31810 -2.4973223
31910 -0.3534174
32010 0.8888836
32110 1.7228575
32211 2.3779883
32311 2.78294
32411 3.117137
32512 3.2827387
32612 3.3902168
32712 3.450224
32812 3.4643793
32913 3.3169308
33013 3.1354046
33113 2.4088578
33214 1.6431131
33314 0.3068509
33414 -1.092504
33514 -2.243821
33614 -3.0957353
33715 -3.3303082
33815 -3.2179444
33915 -3.0551107
34015 -2.488729
34116 -0.9933505
34216 0.3913393
34316 1.3610163
34417 2.0337906
34517 2.7309923
34617 3.23098
34717 3.4213772
34817 3.532382
34917 3.5681162
35018 3.5365171
35119 3.3509493
35219 2.5088415
35318 1.0429659
35402 -0.59040976
35503 -2.0194483
35602 -2.886126
35703 -3.150226
35804 -3.0545173
35903 -2.874312
36003 -2.7047732
36104 -2.1403434
36205 -0.4775281
36305 0.7839236
36406 1.5248351
36505 2.0442085
36606 2.644703
36706 3.2171297
36806 3.5267868
36907 3.6325998
37006 3.6501064
37107 3.6352386
37208 3.3990116
37308 2.4410539
37408 1.2397661
37508 -0.20681858
37609 -1.520947
37709 -2.3335972
37809 -2.8921034
37909 -3.219564
38010 -3.3898132
38110 -3.3839164
38210 -3.3012412
38310 -3.1366591
38410 -2.6370924
38511 -1.2490067
38610 -0.07394886
38711 1.0605726
38811 1.8668542
38912 2.599069
39012 3.0111141
39113 3.28047
39212 3.485858
39313 3.6339417
39413 3.6743565
39514 3.589342
39614 3.150526
39714 2.003469
39814 1.1097746
39914 -0.13085175
40015 -1.1223037
40115 -1.6215267
40216 -2.507654
40316 -3.1748948
40416 -3.3951087
40516 -3.4982347
40616 -3.5749214
40716 -3.5776103
40817 -3.0227847
40916 -1.13411
41017 0.37628174
41118 1.5742311
41217 2.4129791
41319 3.0489025
41419 3.882823
41519 4.0928307
41618 4.103403
41702 4.0584927
41802 3.8202887
41904 3.1813107
42004 2.3419266
42103 1.6788597
42204 0.25622606
42304 -1.1602547
42405 -2.2455714
42505 -2.6581795
42604 -2.8968546
42705 -3.0110412
42806 -3.009792
42906 -2.9897103
43006 -2.6235917
43107 -0.9867625
43207 0.5707445
43307 1.7166862
43406 2.5985727
43507 2.8740082
43608 3.240919
43708 3.3679218
43808 3.4239082
43909 3.375185
44009 2.909398
44109 2.405735
44209 1.218463
44310 -0.5418024
44410 -1.8257709
44510 -2.6055372
44610 -2.8603466
44711 -2.9439313
44811 -2.9791622
44911 -2.9640064
45011 -2.8967023
45111 -2.7091556
45212 -1.3979404
45312 0.05107212
45413 1.1865392
45513 1.888124
45613 2.656971
45713 3.0373497
45813 3.167635
45914 3.2360086
46014 3.2702389
46115 3.1913166
46215 2.1291718
46315 0.69983673
46415 -0.79002047
46516 -1.7911911
46616 -2.3082223
46716 -2.354269
46817 -1.6311898
46917 0.084450245
47017 1.740138
47116 2.8022208
47217 3.1814213
47318 2.8006654
47418 1.9282708
47518 0.27000666
47619 -1.3867867
47719 -2.5728385
47819 -2.8423958
47903 -2.4711661
48002 -1.0572162
48103 0.7599478
48204 2.1630163
48304 2.5170097
48403 2.437457
48504 2.2135305
48605 1.6727614
48705 0.15914297
48805 -1.0929978
48905 -1.5548387
49006 -1.2057717
49106 0.27694273
49206 1.6194305
49306 2.365796
49407 2.7585945
49507 3.0864534
49607 3.1234741
49708 3.097086
49807 2.8797774
49908 2.4129534
50009 0.90464497
50108 -0.7144041
50208 -1.8594062
50309 -2.3231208
50409 -1.8630707
50510 -0.24015617
50609 1.3880372
50709 2.4676752
50810 2.8283973
50910 2.747888
51011 2.0434723
51111 0.3224826
51211 -1.134438
51312 -2.3654397
51412 -2.44713
51512 -1.5196972
51613 0.48794937
51713 2.0704947
51813 2.9878588
51913 3.0806828
52014 2.212512
52113 0.2106905
52214 -1.2743504
52314 -2.150106
52414 -2.392436
52515 -2.1280448
52616 -0.9371786
52716 1.0940714
52816 2.3961053
52916 2.881662
53016 2.5087142
53116 1.577733
53216 -0.2640438
53317 -1.7365689
53417 -2.620946
53517 -2.5057135
53618 -1.3332467
53718 1.0769367
53819 2.480774
53919 3.3078623
54019 3.3526964
54102 2.4160728
54202 0.8066387
54302 -0.69050074
54403 -1.7319226
54504 -2.0484958
54604 -1.6935909
54704 -0.17674637
54805 1.6486502
54904 2.70569
55005 3.0679874
55105 2.5724006
55206 1.1662207
55306 -0.76275635
55405 -2.1709495
55506 -2.8233526
55606 -2.529339
55707 -0.5201011
55807 1.5117073
55908 2.8050041
56007 3.2486897
56108 3.004321
56208 1.6856985
56309 0.035088062
56409 -1.5528805
56509 -2.2892594
56609 -2.2846522
56709 -1.2926834
56810 0.75046444
56910 2.4488654
57011 3.1507587
57111 3.2905855
57210 2.5669603
57311 1.1365242
57412 -0.48323154
57511 -1.5380592
57612 -2.0720928
57712 -2.0444138
57813 -0.44707394
57912 1.4433794
58012 2.9800315
58113 3.4463367
58214 3.091566
58313 1.7454729
58414 -0.197402
58515 -2.2109592
58614 -3.1277103
58714 -3.1547616
58815 -2.290815
58915 -0.040171623
59015 1.8635354
59116 2.9777975
59215 3.2193031
59316 3.0849257
59417 2.2202234
59517 0.8121605
59617 -1.0128219
59718 -2.4446807
59818 -2.7273924
59917 -1.8786695
60018 0.026371956
60119 2.012765
60219 3.0897293
60319 3.4045
60402 3.1661472
60502 2.1800013
60603 0.57783127
60704 -1.179858
60804 -2.3961487
60904 -2.590803
61005 -1.6721511
61104 0.292933
61205 2.049039
61305 3.1801577
61406 3.508956
61506 3.0313835
61606 2.1425233
61705 0.34692287
61806 -1.1329434
61907 -2.4425147
62007 -2.7653728
62107 -2.1092992
62208 -0.13173008
62308 1.690557
62407 2.842431
62508 3.2166815
62609 2.803996
62709 1.5399489
62809 -0.6975689
62910 -2.3072784
63010 -3.0904956
63110 -2.5490074
63210 -1.195291
63310 0.8810191
63411 2.2878532
63511 3.125369
63611 3.3032131
63712 2.6523867
63811 1.4070616
63912 -0.26913118
64012 -1.7672977
64112 -2.6312413
64212 -2.7020898
64312 -1.8122022
64413 0.30950022
64514 1.8828788
64614 3.0833797
64714 3.572812
64814 3.4421558
64915 2.5493073
65014 1.0022268
65116 -0.99881506
65215 -2.2794173
65316 -2.6615152
65415 -2.378056
65516 -1.3581536
65617 0.6626153
65716 2.1827898
65816 3.127493
65918 3.1716213
66017 2.3308778
66117 0.6149144
66218 -1.1101785
66318 -2.4412143
66419 -2.908576
66519 -2.4472034
66602 -0.89747715
66702 1.0575571
66802 2.58256
66904 3.4812107
67004 3.7496004
67104 3.035407
67204 1.5236192
67304 -0.518311
67405 -2.0952346
67504 -2.8636503
67605 -2.9605596
67705 -2.1361184
67806 -0.51727676
67905 1.677671
68007 2.8480544
68107 3.6987696
68207 3.6950703
68307 3.0273457
68408 1.5016451
68507 -0.37918615
68607 -2.007957
68708 -2.9915683
68809 -3.3236365
68908 -2.841907
69009 -1.120786
69110 0.9114666
69209 2.4257097
69309 2.979104
69410 2.793065
69510 1.646636
69610 -0.099954605
69711 -1.4739883
69810 -2.1470556
69911 -2.2920957
70012 -1.8176095
70112 -0.6502962
70212 0.9423685
70312 2.158801
70413 3.056036
70512 3.096365
70613 2.4502196
70714 1.2646208
70814 -0.27289534
70914 -1.5072937
71015 -2.0985544
71114 -2.044355
71215 -1.265981
71315 0.56736946
71415 1.9888763
71516 2.6803765
71616 2.8840904
71716 2.6258707
71817 1.2879419
71917 -0.35245705
72017 -1.6090512
72118 -2.2561116
72218 -1.9088597
72318 -0.2132988
72418 1.7544174
72519 2.6849518
72619 3.1827908
72719 3.2168865
72819 2.1423073
72902 0.5268011
73002 -1.358705
73104 -2.6672099
73204 -3.0070672
73304 -2.5068994
73404 -0.56699324
73504 1.3283472
73605 2.6881533
73705 3.2494946
73805 3.0347815
73905 1.9213896
74006 0.18794584
74106 -1.1053059
74206 -1.4815567
74307 -1.0335236
74407 0.5453539
74507 2.1873384
74608 3.265356
74708 3.3479853
74808 2.6207314
74908 1.9058509
75008 0.3327012
3 1.7537661
102 0.117749214
203 -1.1351559
304 -2.0166397
404 -2.2040381
504 -1.4810958
604 0.25292397
705 1.8069978
805 2.6888695
905 2.7533493
1006 2.0128274
1105 0.49237156
1206 -1.033813
1305 -2.2015047
1407 -2.5357802
1507 -2.2035594
1607 -0.8342395
1707 1.4122558
1807 2.7285066
1908 3.0466127
2007 2.9405541
2109 1.9464974
2209 -0.0071172714
2309 -1.4195333
2408 -2.1092334
2510 -2.2016377
2609 -1.4159446
2709 0.45207882
2811 2.566265
2911 3.437831
3011 3.5708218
3111 2.554254
3211 0.72552013
3311 -1.0660915
3411 -2.2567296
3512 -3.511301
3613 -4.0319786
3713 -3.1635034
3813 0.19090557
3913 2.0688477
4014 2.4455323
4114 2.3406668
4214 1.6528192
4313 0.2700963
4414 -1.3973498
4514 -2.75879
4614 -3.019729
4715 -1.8277612
4816 0.056136608
4916 1.7600594
5015 2.7607498
5117 2.788434
5217 1.8546548
5317 0.27423382
5417 -1.8165143
5517 -3.283937
5618 -3.6970775
5718 -2.4080334
5818 -0.1600542
5918 2.1093702
6019 3.2987509
6118 3.5960264
6203 2.8833818
6302 0.97673845
6403 -1.0698681
6504 -2.5462658
6604 -2.9791532
6704 -3.2434478
6803 -2.2287672
6905 1.2629871
7005 3.127408
7105 3.382288
7205 3.0479364
7305 1.7510581
7406 -0.6935873
7505 -3.082739
7606 -4.515925
7706 -3.797105
7807 -1.6582444
7907 0.8686776
8008 2.3583498
8108 3.1441307
8208 3.1223154
8308 2.2834883
8408 0.5113096
8509 -1.2665195
8609 -2.1216974
8709 -1.7860675
8809 -0.15326166
8910 1.7630134
9009 3.1005821
9110 3.554659
9210 3.1187954
9310 1.3723297
9411 -0.7823744
9512 -2.5578244
9612 -3.6404397
9712 -3.7699118
9812 -2.1792364
9912 0.47565556
10013 2.251306
10113 2.8451018
10214 2.2315917
10313 1.0636001
10414 -0.71468353
10513 -2.2744682
10615 -3.327722
10715 -3.5404565
10815 -2.1924686
10915 0.28603554
11016 2.0733314
11116 3.0193176
11216 3.171156
11316 2.3657532
11416 1.4123411
11517 -0.041417122
11618 -1.58288
11717 -2.645431
11818 -2.4525075
11918 -1.1221328
12018 1.3537893
12118 3.0381937
12218 3.6771984
12319 3.4310303
12403 2.373773
12502 0.6882267
12602 -1.2117257
12703 -2.2626548
12804 -2.9513028
12904 -2.7076547
13003 -0.75253105
13104 1.7471809
13205 3.2550964
13305 3.424405
13405 2.7840056
13505 1.4508462
13606 -0.36212826
13706 -2.1129417
13806 -2.9273622
13906 -2.9016068
14007 -1.6045513
14106 0.8466892
14207 2.7405005
14308 3.607792
14407 3.9416761
14508 2.8791862
14608 1.3674002
14709 -0.58963203
14808 -2.423286
14909 -2.8298523
15010 -2.571775
15110 -0.87267685
15209 1.3428392
15310 2.7219977
15410 3.094325
15510 3.1080227
15610 2.5744934
15711 1.0103807
15812 -0.6814623
15911 -1.8443902
16012 -2.628343
16113 -3.0073686
16212 -2.899737
16313 -0.5027456
16414 1.4822631
16513 2.566392
16613 3.1029243
16714 3.288763
16814 3.0600996
16915 2.1946397
17014 1.0443473
17115 -0.36516762
17216 -1.7015729
17315 -2.642455
17415 -3.1049314
17516 -3.5918405
17616 -4.3133345
17717 -4.6253123
17816 -3.4450018
17917 -2.455172
18018 -1.5153706
18118 -0.31007862
18218 0.92966175
18318 1.6543226
18418 2.1263404
18518 2.4482856
18619 2.7947664
18702 2.5235076
18803 2.4089699
18903 2.156808
19004 0.9884095
19104 -0.47020197
19204 -1.5183272
19304 -2.1206036
19405 -2.403005
19505 -2.6141028
19605 -2.8155386
19706 -2.7284012
19806 -2.2568126
19905 -0.54142094
20006 0.9079542
20106 1.7948351
20207 2.3551302
20306 2.840632
20407 3.019699
20507 3.1185055
20607 3.117257
20708 2.9524817
20808 2.1465387
20909 0.5819545
21008 -0.7769003
21109 -1.4848995
21210 -1.9507868
21310 -2.0567586
21410 -2.2398424
21510 -2.2631545
21610 -2.2583194
21711 -2.1714385
21811 -1.3722901
21912 0.06803846
22012 1.2468686
22112 2.1915178
22211 2.6365786
22312 2.8551278
22413 2.8264685
22513 2.5215516
22613 1.9909286
22713 1.3033843
22814 -0.23193169
22914 -1.0365129
23014 -1.6732488
23114 -1.9645708
23215 -2.1799364
23315 -2.2014709
23416 -2.2087674
23516 -0.66738224
23616 1.0098639
23716 2.1013956
23816 2.539734
23916 2.3396835
24016 1.6814928
24117 0.53177357
24217 -0.4541998
24318 -1.1029601
24418 -1.5175846
24518 -1.8763399
24619 -2.136419
24719 -2.2947106
24819 -2.4230947
24902 -2.3873818
25003 -1.7014198
25103 -0.12420893
25203 0.9833746
25303 1.9258337
25404 2.6094093
25504 2.9665918
25605 3.2005806
25705 3.3904896
25805 3.4069767
25905 3.1160822
26006 2.6548538
26106 2.2510734
26206 1.4689193
26306 -0.15707922
26407 -1.3495929
26507 -2.244141
26607 -2.7363
26707 -2.801671
26808 -2.8204691
26908 -2.6707058
27008 -2.066738
27108 -0.31720448
27209 1.2548447
27309 2.2073402
27409 2.8621202
27509 3.2715263
27610 3.5173063
27709 3.5139637
27810 3.033596
27911 2.4439096
28011 0.95599604
28111 -0.8971038
28211 -1.8226545
28312 -2.3940961
28412 -2.6235323
28512 -2.8505054
28612 -2.8004425
28713 -2.6903307
28813 -2.5050437
28914 -2.0471234
29014 -0.5457392
29114 0.67263174
29214 1.742826
29315 2.4310179
29415 2.9482331
29515 3.136591
29615 3.157568
29715 3.0839052
29816 2.8819895
29916 1.4795012
30016 0.24808025
30116 -0.623054
30216 -1.2624722
30317 -1.7854385
30417 -2.01364
30517 -2.0958498
30617 -2.15633
30718 -2.1689658
30818 -1.9950945
30918 -0.725368
31018 0.95828915
31118 1.9376717
31203 2.5183501
31303 2.8895364
31403 3.1024456
31504 3.4363232
31603 3.4742403
31704 3.4630423
31804 3.176157
31905 2.2893972
32005 0.079670906
32105 -1.2691052
32206 -2.1542468
32306 -2.6416566
32406 -2.823629
32506 -2.7588987
32607 -2.5658777
32707 -2.469944
32807 -2.143066
32907 -0.43339443
33007 1.0563173
33108 1.9273782
33207 2.654396
33308 2.790412
33409 2.7337866
33509 2.647161
33608 2.5793123
33710 2.4343185
33810 1.8127532
33910 0.7176771
34011 -0.45939493
34111 -1.3672748
34211 -1.8413987
34311 -2.1880193
34411 -2.2302566
34512 -2.0349953
34611 -1.9282422
34711 -1.6990914
34812 -0.14643335
34913 1.3405619
35013 2.2491255
35113 2.561614
35213 2.471115
35313 2.3724222
35414 2.321887
35514 2.3027382
35614 2.0809464
35714 1.5827193
35815 0.15419674
35916 -0.84679747
36016 -1.5514832
36116 -2.040717
36216 -2.1554863
36316 -2.227579
36417 -2.2417665
36517 -2.2296624
36617 -2.15862
36717 -1.717226
36817 -0.25205946
36918 0.8614564
37018 1.6034555
37119 1.991641
37219 2.1532454
37318 2.1251922
37403 1.9517493
37502 1.6345992
37603 0.9272375
37704 -0.5289235
37804 -1.459657
37903 -2.0464199
38004 -2.3261707
38104 -2.373651
38205 -2.3781953
38305 -2.349093
38406 -1.7321339
38506 -0.25376797
38606 1.0037718
38705 1.6901727
38806 2.2037444
38906 2.545516
39007 2.8643541
39108 3.053629
39207 2.8301673
39308 2.1966224
39407 1.3471117
39508 -0.26110697
39608 -1.3248177
39708 -2.2543492
39809 -2.6638577
39909 -2.915049
40010 -2.9066317
40110 -2.6372259
40210 -1.4127522
40310 0.024263382
40411 1.2475195
40510 1.947947
40611 2.6126795
40711 3.3049984
40811 3.568201
40912 3.5940018
41011 3.6662302
41113 3.6700726
41213 3.5492496
41312 2.7069573
41413 1.4923601
41514 0.4952612
41613 -0.4726386
41714 -1.2124889
41815 -1.8768301
41914 -2.2341638
42014 -2.37089
42115 -2.4506478
42215 -2.444042
42316 -2.2857127
42416 -0.64267683
42517 0.79773045
42616 1.6498222
42717 2.3156805
42817 2.5711021
42918 2.9761696
43017 3.110549
43118 3.2906513
43218 3.0606403
43319 2.9733124
43419 2.741253
43519 2.2182531
43603 0.9833112
43703 -0.25591803
43803 -1.2841687
43903 -1.9873481
44004 -2.2416527
44104 -2.3806167
44204 -2.2920318
44305 -1.8257098
44405 -0.42315388
44505 0.591547
44604 1.3003244
44705 1.7651205
44806 2.1558561
44906 2.4774857
45006 2.8565054
45107 2.989264
45207 3.0405178
45307 3.0344448
45408 2.8606272
45508 1.5562224
45608 0.25198174
45708 -1.0499027
45809 -1.9997587
45909 -3.1068323
46008 -3.3630118
46109 -2.598247
46210 -0.6928754
46309 1.4353685
46410 3.0355072
46511 3.4577112
46611 2.2678423
46711 0.59296703
46811 -1.655927
46911 -2.8391347
47012 -2.8992705
47112 -1.2043252
47212 1.040597
47313 2.6925936
47413 2.9893546
47513 1.9304609
47613 -0.21483946
47714 -1.6953785
47813 -2.5142303
47914 -1.8444362
48015 0.20972061
48115 2.125258
48215 3.0287724
48315 2.5657148
48415 0.5875449
48516 -1.3231201
48616 -1.9978194
48716 -1.7714493
48817 -0.09786415
48917 1.7944207
49017 2.9212966
49117 3.0040798
49217 1.8658967
49318 0.15158224
49418 -1.3796706
49518 -1.8408647
49618 -1.2669327
49719 0.3354931
49819 2.0699892
49902 2.7191467
50003 2.670123
50103 1.6891394
50204 0.26730204
50304 -1.119421
50404 -1.794415
50505 -1.3761449
50605 0.62463045
50705 2.2784424
50804 2.8884964
50905 2.5838165
51006 1.5394745
51106 0.17877102
51206 -1.290837
51307 -1.678236
51407 -0.9080076
51506 1.0618105
51607 2.5079908
51708 3.2130947
51808 3.0054464
51907 1.421083
52009 -0.51464605
52109 -2.030364
52209 -2.1335516
52309 -1.067538
52410 0.8463907
52510 2.5103745
52609 2.964663
52710 2.3378754
52811 0.35242176
52911 -1.5935936
53011 -2.4559522
53111 -1.8382373
53211 -0.036486626
53311 2.017417
53412 3.0528936
53512 2.9960275
53612 1.6794786
53713 -0.5701637
53813 -2.0828142
53914 -2.222225
54014 -0.5545111
54114 1.759664
54214 3.0222445
54314 2.9931679
54415 1.7205224
54515 -0.033234596
54615 -1.7608695
54715 -2.6393945
54816 -2.1413193
54916 -0.3314867
55016 1.7562523
55116 2.7968798
55217 2.6230497
55317 1.210074
55417 -0.5079136
55518 -2.0273888
55618 -2.4617136
55718 -1.4722703
55819 0.92159367
55918 2.7054825
56019 3.2840414
56102 2.628058
56203 0.9641886
56303 -1.0477746
56404 -2.2746177
56504 -2.437305
56603 -1.1508946
56704 1.2548628
56805 2.729319
56905 2.8594346
57005 1.599997
57105 -0.18495083
57206 -1.5991378
57306 -2.0066383
57405 -1.1045108
57507 0.8630228
57607 2.4233475
57707 2.4840088
57806 1.7444353
57908 -0.027649403
58007 -1.5684001
58107 -2.2661967
58207 -1.6952629
58308 0.39111996
58408 2.480977
58509 2.885325
58610 2.35812
58709 0.6923866
58810 -1.2308593
58910 -2.285169
59011 -2.1602392
59110 -0.3219328
59211 2.338852
59311 3.4096918
59412 2.9709458
59512 1.0577059
59612 -1.2879777
59712 -2.785889
59813 -2.6178305
59912 -0.91301775
60013 1.4475889
60114 3.1122437
60214 3.4088135
60314 2.0937219
60414 -0.2772584
60514 -2.0357523
60614 -2.8721516
60715 -2.9420438
60815 -2.5658875
60916 -0.82262325
61016 1.3387723
61116 2.5327325
61217 2.6380959
61317 1.6063042
61417 -0.13822603
61517 -1.8293738
61617 -2.7483516
61718 -2.193768
61818 -0.0964551
61918 1.9349303
62018 2.7662835
62118 2.4022207
62219 0.74662113
62319 -1.1229873
62402 -2.3147426
62502 -2.6029959
62604 -1.4515195
62704 0.9207568
62803 2.610549
62904 2.6348238
63004 1.974513
63105 0.53342104
63205 -1.6551762
63305 -2.3738463
63406 -1.9197013
63505 0.013741493
63606 1.8578863
63706 2.475418
63807 1.9298105
63907 0.38798428
64007 -1.6587391
64106 -3.1932697
64208 -3.5346105
64307 -1.9803996
64408 0.9612837
64508 2.971508
64608 3.139162
64709 1.6404052
64809 -0.8498111
64910 -2.6683142
65010 -3.486543
65109 -2.883572
65210 -0.83191013
65310 1.308259
65411 3.1289444
65510 3.034361
65611 1.5547361
65711 -0.4281149
65811 -2.3915286
65912 -3.409758
66013 -3.3663092
66113 -1.6657155
66213 0.9178796
66313 2.6091895
66413 3.021532
66514 1.8416262
66614 -0.45998383
66714 -2.5917149
66815 -3.4310725
66915 -2.3336475
67015 -0.14154625
67116 1.9647164
67216 3.3125658
67315 2.9120445
67416 1.2034512
67517 -1.3537936
67616 -2.7627082
67717 -3.2787642
67817 -2.0651708
67918 0.28731585
68017 2.4867287
68118 3.3971024
68219 2.7638917
68318 0.7122345
68418 -1.7370601
68519 -3.3677545
68602 -3.6905804
68702 -2.6010928
68803 -0.25720644
68904 2.7083993
69004 3.6141376
69103 2.7577782
69204 0.3533988
69305 -2.2646317
69405 -3.4770472
69505 -3.0403209
69605 -1.1971436
69705 1.6200209
69806 3.9484005
69906 3.9810133
70007 1.9635162
70106 -0.78524685
70207 -3.128943
70308 -3.819809
70407 -2.438427
70507 0.38659954
70607 3.3709269
70709 4.1840916
70809 3.6180477
70909 1.1865816
71009 -1.2018852
71110 -2.7977076
71210 -2.7568111
71310 -1.0140679
71409 2.1504579
71510 3.9573812
71611 4.1004696
71711 2.5427299
71812 0.14309025
71912 -1.6602764
72012 -3.2006466
72112 -3.3065915
72212 -2.2315316
72312 1.133369
72413 2.7427683
72513 1.8066392
72613 0.41046858
72714 -0.9810276
72814 -1.7455494
72914 -0.81551886
73014 0.72009087
73115 2.5438566
73215 2.4472084
73315 0.58812857
73415 -1.4063923
73516 -2.7314143
73616 -2.984441
73716 -1.7803407
73816 0.4208808
73916 2.6079407
74017 3.1808348
74117 2.2874575
74217 -0.27681828
74318 -2.2161727
74418 -2.8586874
74518 -2.1072376
74619 0.121087074
74719 2.46102
74802 3.8647594
74902 3.881853
75003 1.8302932
