8 1.7991996
109 0.6768408
209 -0.473639
309 -1.4693565
410 -2.0258994
511 -2.0166774
610 -2.0310397
711 -2.0011728
810 -1.5904803
910 -0.23872852
1010 0.7496538
1112 1.8227477
1211 2.7087107
1312 3.0857697
1411 3.11736
1512 2.7170396
1612 1.3977103
1711 -0.046456337
1813 -0.3374467
1912 -2.3912296
2012 -3.4938786
2112 -3.59664
2213 -3.6572645
2313 -3.5281246
2413 -2.3763585
2513 -0.92318106
2613 0.45603657
2713 1.7893562
2813 3.3421192
2914 3.7033777
3014 3.4438543
3114 2.7419434
3215 1.6513124
3314 0.20868587
3415 -1.4049065
3515 -2.5731304
3616 -2.9930236
3715 -2.62814
3816 -1.7908063
3915 -0.7363405
4016 0.30084515
4116 1.2939444
4217 2.2173576
4316 2.657618
4416 2.7056007
4518 2.3454704
4617 1.2152457
4716 -0.06485462
4818 -1.4597218
4918 -2.6307116
5017 -3.3229995
5117 -3.5438955
5218 -3.0674767
5318 -2.488129
5418 -1.5608401
5518 -0.3091588
5618 0.66837597
5718 1.663424
5818 2.272256
5918 2.7631035
6020 2.849002
6121 2.5861459
6203 1.5582108
6303 0.16084576
6403 -1.1976345
6503 -2.295302
6603 -3.2164655
6703 -3.7752783
6806 -4.0022726
6906 -3.5531225
7006 -2.675894
7106 -1.4659603
7206 -0.0060749054
7306 1.1628985
7406 2.2717943
7504 2.8069448
7604 3.0406218
7705 2.7690353
7805 1.6922464
7905 0.33288288
8006 -0.8561344
8106 -1.7253349
8208 -2.6871734
8308 -3.2953918
8408 -3.5142508
8506 -3.315968
8607 -2.7081418
8707 -1.7594085
8807 -0.44123936
8907 0.7862387
9007 1.7861648
9107 2.4817796
9208 2.8016996
9307 2.8203087
9409 2.3596792
9508 1.254569
9608 -0.09005785
9709 -1.2555027
9809 -2.1646633
9909 -2.8569982
10009 -3.2934241
10109 -3.4157887
10209 -3.1537535
10309 -2.3737392
10409 -1.5881162
10510 -0.12826395
10610 0.9386139
10944 3.2115002
11046 3.2819815
11144 2.9181938
11244 1.7033911
11344 0.310781
11444 -1.0415072
11546 -2.0384703
11629 -2.698976
11728 -2.977207
11828 -2.888289
11929 -2.4631205
12029 -1.8578231
12129 -0.8062115
12229 0.18713856
12329 1.1412673
12430 1.9568968
12529 2.5649338
12630 2.9041686
12730 2.9214463
12830 2.1659179
12930 0.9988904
13031 -0.025614262
13131 -1.1287861
13231 -1.8970134
13331 -2.452083
13431 -2.746752
13531 -2.7369952
13632 -2.4250274
13732 -1.6485124
13832 -0.6613469
13932 0.4509101
14032 1.3895917
14132 2.297812
14232 2.8090544
14335 3.0421705
14434 2.976275
14535 2.3746505
14635 1.44448
14735 0.4090376
14834 -0.7257681
14934 -1.6310966
15034 -2.3982923
15135 -2.6699612
15235 -2.6702943
15335 -2.4124951
15435 -1.8413365
15535 -0.7579384
15635 0.5249014
15736 1.5936422
15835 2.5590887
15935 3.183608
16036 3.6263857
16136 3.7461681
16236 3.6494207
16336 2.9671679
16437 1.937417
16537 0.85237265
16637 -0.013580799
16737 -0.95640373
16840 -1.6177793
16937 -2.017666
17038 -2.2385814
17137 -2.3696556
17240 -2.3562171
17340 -2.0410495
17440 -1.2052555
17538 0.090361595
17640 1.0150104
17738 1.9660592
17839 2.765399
17939 3.3043337
18039 3.6484127
18139 3.7100658
18241 3.3007164
18340 2.029799
18439 0.82308483
18540 -0.78192043
18640 -1.8032165
18740 -2.658063
18841 -3.2271938
18940 -3.5392897
19041 -3.7685697
19141 -3.500035
19241 -3.053068
19343 -2.3523278
19442 -1.6065571
19542 -0.9112592
19642 -0.29589176
19742 -0.12751865
19842 0.36924267
19942 1.0342779
20043 1.8250618
20142 2.57508
20243 3.0120964
20343 3.0754623
20444 2.87956
20545 2.3600988
20644 1.9142523
20744 1.7740111
20844 1.6431303
20945 1.5521021
21044 1.278449
21145 -0.5168705
21245 -1.5495675
21345 -1.9150262
21445 -1.9725382
21529 -1.9699664
21629 -1.9582446
21729 -1.9580264
21829 -1.996306
21929 -2.2301087
22029 -3.081104
22129 -3.7492464
22229 -4.8255467
22329 -4.9094214
22430 -4.920394
22530 -4.110495
22630 -3.367497
22730 -2.5141013
22831 -1.4021008
22931 -0.30230188
23031 0.6262059
23131 1.6019506
23231 2.0941572
23331 2.1835723
23431 1.6146011
23531 0.73262405
23632 -0.23996353
23732 -1.0979455
23832 -1.9026296
23932 -2.6394615
24033 -3.1596704
24132 -3.382628
24235 -3.5537803
24335 -3.3502078
24435 -2.7740474
24533 -1.9932866
24634 -1.0494442
24734 0.02464056
25052 2.792749
25152 3.264351
25252 3.4081469
25353 3.316803
25453 2.7912474
25552 2.0434036
25652 1.0994387
25752 0.055899143
25852 -1.0636921
25952 -2.0119095
26055 -2.9680495
26153 -3.5265322
26255 -3.723915
26355 -3.5885015
26455 -2.8586683
26553 -1.9042726
26653 -1.0980821
26754 -0.22796726
26854 0.3615017
26954 0.9688482
27054 1.6428361
27154 2.2804399
27254 2.8434424
27355 3.2396708
27455 3.3752794
27555 3.353385
27655 2.7131882
27756 1.6145821
27858 0.59314823
27956 -0.45630932
28056 -1.1630492
28157 -1.8018224
28257 -2.2824132
28356 -2.496119
28457 -2.5189788
28557 -2.3478816
28657 -1.5560596
28758 -0.49463892
28858 0.49813938
28958 1.1764598
29059 1.8095903
29158 2.2733855
29258 2.547429
29359 2.6457682
29458 2.420288
29559 1.5739913
29659 0.5052514
29759 -0.5057626
29859 -1.1946094
29959 -1.926657
30060 -2.6565158
30160 -3.1742854
30262 -3.3623843
30361 -3.3727107
30461 -3.176913
30544 -2.577469
30644 -1.8373647
30744 -0.9223399
30844 -0.036135674
30944 0.75973797
31044 1.4696188
31145 2.1420069
31245 2.6716766
31345 2.907158
31445 2.8492746
31545 2.43183
31646 1.819561
31746 0.9831438
31845 0.28935242
31946 -0.87406063
32046 -1.7306123
32146 -2.588075
32246 -3.13442
32346 -3.2971416
32447 -3.2633815
32550 -2.966413
32650 -2.4109359
32747 -1.6766391
32847 -0.81065035
32950 0.2534008
33050 0.96880627
33150 1.5474405
33250 2.0715246
33350 2.550476
33451 2.8238707
33548 2.8856888
33650 2.5862527
33750 1.8073988
33849 0.934463
33949 0.13357687
34049 -0.90193033
34150 -1.7559924
34250 -2.4726734
34352 -2.963234
34452 -3.216602
34550 -3.1500933
34651 -2.7813594
34750 -2.0095809
35069 1.1917582
35169 1.9515319
35268 2.5984125
35368 3.1504812
35468 3.675827
35569 3.9084759
35668 3.959095
35769 3.565795
35869 2.6596003
35969 1.5443048
36072 0.27919006
36172 -0.85672283
36272 -1.7400126
36372 -2.47574
36472 -3.0376673
36571 -3.3696947
36671 -3.4538724
36771 -3.10299
36872 -2.608982
36971 -1.8420396
37071 -0.8808713
37172 0.09664059
37273 1.011138
37373 1.8662963
37472 2.5216622
37572 3.007059
37673 3.2836876
37773 3.338807
37873 3.0426264
37973 2.02839
38073 0.9395766
38173 -0.12618399
38273 -0.974844
38374 -1.6258588
38473 -2.2709644
38574 -2.895983
38674 -3.3444965
38776 -3.5108945
38875 -3.5799103
38974 -3.5041037
39075 -3.0274575
39174 -2.1913543
39275 -1.3378081
39375 -0.5133271
39476 0.28844547
39575 1.0298433
39676 1.6886339
39776 2.2697687
39876 2.7432299
39978 3.0597916
40077 3.172678
40177 3.1953878
40277 2.7258315
40377 1.803319
40461 0.84005356
40561 -0.08717537
40661 -0.942688
40760 -1.5446162
40861 -2.2046876
40961 -2.8162563
41061 -3.1496162
41162 -3.2728417
41262 -3.3203585
41362 -3.1523366
41462 -2.617766
41562 -1.5728569
41662 -0.6121659
41763 0.34039307
41863 1.0267344
41963 1.7456636
42063 2.38059
42163 2.8462486
42264 2.9633818
42363 2.964212
42464 2.7708802
42564 1.9314299
42664 0.9517236
42764 -0.0023579597
42867 -0.72291327
42967 -1.3840423
43064 -2.050682
43164 -2.6569848
43267 -3.126288
43367 -3.3343663
43467 -3.3925097
43566 -3.2207215
43666 -2.8712518
43766 -2.2007976
43866 -1.308469
43966 -0.40742636
44067 0.45423985
44166 1.0597205
44269 1.6724763
44370 2.173593
44467 2.5543785
44567 2.7220736
44668 2.7925453
44768 2.7563806
44868 2.3859138
44967 1.5981269
45068 0.6614046
45168 -0.45873165
45268 -1.300729
45369 -2.1317935
45469 -2.8701272
45569 -3.319924
45669 -3.5105302
45772 -3.5121834
45872 -3.0952811
45972 -2.5722828
46072 -1.8219275
46172 -0.9938202
46270 -0.13537884
46372 0.7227125
46472 1.4598837
46572 2.1217604
46670 2.5286446
46770 2.7407732
46871 2.7646418
46971 2.4071975
47073 1.3412795
47172 0.1250658
47272 -0.9169111
47372 -1.7071884
47472 -2.3093176
47572 -2.8340716
47673 -3.169857
47772 -3.343003
47872 -3.4386852
47973 -3.1572945
48073 -2.265645
48173 -1.3289013
48273 -0.2557745
48374 0.747138
48474 1.5116668
48574 2.1502547
48674 2.661827
48775 2.977664
48875 3.0962029
48974 3.0096378
49075 2.3304381
49175 1.0925698
49275 -0.1567359
49375 -1.2218659
49475 -2.0719264
49577 -2.7637954
49676 -3.253861
49776 -3.4289017
49876 -3.5192544
49977 -3.1206193
50078 -2.505995
50176 -1.6931405
50261 -0.74169445
50361 0.31001425
50461 1.1066351
50561 1.7720618
50661 2.2329803
50761 2.4682035
50861 2.475627
50961 2.3678498
51061 1.7210183
51162 0.4721198
51262 -0.6239257
51362 -1.525949
51462 -2.2940593
51562 -2.997515
51663 -3.4551444
51763 -3.7189732
51863 -3.8539953
51963 -3.6353915
52063 -3.1421783
52164 -2.0053153
52264 -0.59425926
52363 0.7547889
52464 2.0432305
52565 3.0253448
52664 3.5872173
52767 3.646906
52867 3.3552942
52967 2.876287
53067 2.011693
53167 0.53792524
53266 -0.71443415
53366 -2.1186283
53466 -3.0706298
53566 -3.4072258
53666 -3.368178
53766 -3.2489657
53866 -2.3975482
53966 -1.0662162
54067 0.3998723
54166 1.8066406
54268 2.9982634
54367 3.694706
54468 3.7712364
54567 3.338995
54668 2.6752357
54768 1.6939864
54868 0.20437956
54968 -1.2219548
55068 -2.1757538
55169 -2.7411847
55269 -2.9356217
55369 -2.913369
55469 -2.759521
55569 -2.1396768
55669 -0.55988455
55769 0.7198572
55870 1.6959333
55970 2.254125
56070 2.5092201
56170 2.2653885
56270 0.64594173
56371 -1.1275
56471 -2.4990697
56573 -3.4116707
56671 -3.9662762
56772 -4.088012
56871 -3.5152125
56972 -2.4179876
57071 -1.1059628
57172 0.15297651
57272 1.2232704
57372 2.178463
57472 2.798327
57572 3.3531494
57673 3.450717
57775 3.0828514
57875 2.0633407
57973 0.8972082
58073 -0.3490305
58174 -1.7603424
58274 -3.1428046
58374 -4.0278573
58474 -4.1836305
58575 -3.5782762
58675 -2.9047794
58775 -1.8966403
58874 -0.6823273
58977 0.61755085
59076 1.5099387
59175 2.0941916
59275 2.5403495
59376 2.7969828
59475 3.001974
59576 3.069765
59676 2.5359025
59776 1.2582188
59877 0.20566463
59977 -0.89507484
60061 -1.6859441
60161 -2.6376305
60261 -3.2300332
60378 -3.6891465
60461 -3.8086483
60561 -3.3003945
60661 -2.3344793
60761 -1.218734
60861 -0.0052165985
60962 1.0123372
61062 1.9903512
61162 2.7153382
61262 3.248538
61362 3.4942217
61463 3.5624027
61563 3.2661972
61663 2.151956
61763 1.0020847
61863 -0.33701992
61963 -1.4428611
62063 -2.279592
62164 -3.2131746
62267 -3.776116
62364 -3.8537095
62465 -3.2445138
62565 -2.438469
62667 -1.317451
62767 -0.10997486
62867 1.0904365
62967 2.0186868
63067 2.6237655
63167 3.026846
63267 3.13307
63366 2.6900969
63466 1.6694059
63566 0.5156832
63669 -0.838397
63767 -1.7858689
63866 -2.4756162
63966 -3.0616014
64067 -3.2843628
64169 -3.1721368
64269 -2.6508298
64369 -1.5913596
64469 -0.31154156
64568 0.73346233
64901 2.9233904
65002 3.2702503
65102 3.4031525
65205 3.2340803
65305 2.254846
65405 1.0566244
65503 -0.051133633
65602 -1.1990247
65703 -2.1836624
65803 -3.0620885
65903 -3.4431973
66003 -3.574511
66103 -3.462961
66204 -2.7098613
66304 -1.7317779
66404 -0.4952278
66506 0.7583947
66605 1.7272348
66705 2.3588386
66805 2.6042833
66905 2.571227
67006 1.7881899
67106 0.6509905
67205 -0.6557622
67306 -1.5497735
67406 -2.3901167
67506 -2.802339
67606 -3.0013914
67706 -3.0337057
67807 -2.8846588
67907 -2.113589
68007 -0.9999652
68107 0.18111467
68207 1.0868115
68308 1.9559684
68408 2.5174685
68508 2.9021606
68607 3.043313
68708 2.8495803
68808 1.972992
68908 0.7041707
69009 -0.73349285
69109 -1.8776486
69209 -2.8490205
69309 -3.5494657
69410 -3.941059
69510 -3.7424436
69610 -3.0961652
69710 -2.1711454
69794 -1.2529979
69894 0.113181114
69994 1.1475563
70094 1.9684448
70194 2.695405
70294 2.9804435
70394 2.907032
70494 2.0954146
70594 0.9326
70695 -0.48874092
70795 -1.483666
70895 -2.3196924
70995 -2.9972122
71095 -3.3671172
71196 -3.4974756
71296 -3.44006
71396 -2.8461478
71496 -1.9624541
71596 -0.79636335
71696 0.4572506
71796 1.4711738
71897 2.2968879
71996 2.869924
72097 3.2011938
72197 3.2446575
72297 3.004366
72400 2.4057512
72500 0.91073036
72600 -0.6037073
72700 -1.7152297
72800 -2.58133
72899 -2.9930172
72999 -3.1159174
73099 -3.0594172
73199 -2.4853888
73299 -1.3410382
73400 0.007902622
73500 1.0491285
73599 1.9735994
73700 2.519764
73800 2.910802
73900 2.9588675
74000 2.4864678
74100 1.3481469
74200 -0.095016
74301 -1.3073151
74401 -2.334032
74501 -3.0769727
74601 -3.6137807
74702 -3.787898
74802 -3.6265411
74902 -2.9962592
75002 -1.7592056
32 -2.290257
132 -2.7103033
233 -2.695622
334 -2.239942
434 -1.3735821
533 -0.303792
633 0.8272147
734 1.9066772
834 2.3259745
934 2.4306068
1034 2.4212503
1134 2.1377459
1235 1.2050905
1334 0.21171331
1435 -0.59799385
1535 -1.2443128
1635 -1.6419239
1735 -1.7631683
1835 -1.5976787
1935 -0.9869847
2036 -0.20268106
2137 0.716414
2220 1.2609482
2320 1.9597182
2420 2.2636652
2520 2.319787
2620 2.129537
2720 1.2870765
2820 0.01799059
2920 -1.0292797
3023 -1.8512695
3123 -2.3244832
3221 -2.4783247
3323 -2.2132015
3423 -1.6142936
3523 -0.75993633
3622 0.09557247
3722 0.84505844
3822 1.6129293
3922 2.0692048
4022 2.101924
4122 1.8180323
4222 1.0399733
4322 -0.00472641
4423 -0.8570776
4523 -1.5985405
4623 -2.0107017
4723 -2.0895724
4823 -1.8463595
4924 -0.8614316
5024 0.1913538
5124 0.93155766
5224 1.5356112
5325 2.0936189
5424 2.2879915
5525 2.271769
5625 1.5880852
5731 0.46541643
5825 -0.4955244
5926 -1.2795353
6026 -1.8836398
6128 -2.1120083
6228 -2.0140357
6326 -1.3596108
6428 -0.1845727
6528 0.67400074
6627 1.3453131
6727 2.0177164
6827 2.2793226
6928 2.3423982
7028 2.2786422
7128 1.8105841
7229 0.8123274
7329 -0.2142024
7428 -1.0237651
7528 -1.5121124
7629 -1.8189149
7728 -1.750463
7829 -1.1761222
7928 -0.28395414
8029 0.5442238
8129 1.3302488
8229 1.9347672
8329 2.3177009
8430 2.3969588
8531 2.319848
8632 1.9318352
8730 1.0481081
8830 0.1947465
8931 -0.56206226
9030 -1.2583671
9130 -1.4268665
9231 -1.2311642
9331 -0.71802425
9431 0.08250904
9531 0.95886755
9633 1.8211074
9732 2.4024224
9832 2.5394797
9932 2.4130478
10032 1.9306068
10133 1.0737038
10233 -0.08017206
10333 -0.8516412
10433 -1.5037818
10533 -1.8813386
10634 -1.9813466
10733 -1.741967
10833 -0.9621644
10935 0.0015668869
11034 0.74274397
11134 1.4462967
11236 1.9518881
11336 2.0412765
11435 1.8305435
11535 0.7243147
11635 -0.100914
11735 -0.8695197
11835 -1.5897636
11936 -1.9506125
12037 -1.9809518
12137 -1.5508938
12237 -0.5071416
12320 0.45890093
12420 1.3856835
12520 2.137023
12620 2.3306556
12720 2.1782217
12820 1.2697325
12921 0.10164356
13021 -0.90056086
13121 -1.8140578
13221 -2.4370372
13321 -2.495407
13422 -1.9188468
13522 -0.88901615
13622 0.43304682
13722 1.1915903
13822 1.867528
13922 2.2694426
14022 2.2700448
14123 1.6342955
14223 0.44751787
14323 -0.5170641
14426 -1.3585694
14523 -2.0701075
14626 -3.4028254
14726 -3.3033714
14826 -1.877419
14925 -0.93140125
15024 -0.070485115
15124 0.7044239
15224 1.1679287
15325 1.3282256
15425 1.1202855
15525 0.43272686
15625 -0.52358675
15725 -1.1859097
15828 -1.8616176
15925 -2.296397
16025 -2.5241292
16126 -2.363967
16228 -1.4462152
16326 -0.2570181
16428 0.6949415
16529 1.1594667
16629 1.4507942
16729 1.4335413
16829 1.1067762
16929 0.4755125
17027 -0.4960785
17128 -1.4579422
17228 -2.5712044
17328 -3.08397
17428 -3.0557182
17528 -2.9057584
17631 -2.4132028
17728 -1.4385552
17831 -0.20612907
17931 0.56676674
18030 0.9752703
18129 1.0360212
18229 0.6365328
18329 -0.5312433
18430 -1.6402023
18530 -2.662929
18630 -3.6066194
18730 -3.5250285
18831 -2.7533946
18931 -1.7717762
19031 -0.6544943
19131 0.5554509
19232 1.3496833
19331 1.7573395
19432 1.6654372
19531 0.8936453
19632 -0.25904465
19732 -1.389288
19832 -2.4225821
19932 -2.9490776
20033 -3.0342739
20132 -2.8027053
20233 -1.9543569
20333 -0.8963127
20435 0.0581007
20534 0.9036584
20634 1.4546928
20734 1.7471757
20834 1.7549925
20934 1.1469383
21034 -0.11230755
21135 -1.3114326
21235 -2.3097394
21335 -2.9771597
21435 -3.0529175
21535 -2.793273
21636 -1.989037
21736 -0.88918495
21836 0.1907177
21936 1.0143518
22020 1.6359124
22120 2.1682806
22220 2.283967
22320 2.126068
22419 1.6264396
22520 0.9675441
22620 0.25518322
22721 -0.84375525
22821 -1.7972131
22921 -2.5265563
23021 -2.9774318
23121 -3.053133
23221 -2.882602
23321 -2.2778
23422 -1.2319405
23522 0.006043911
23622 0.98335266
23722 1.7293959
23822 1.9543619
23922 1.9311624
24023 1.4005203
24123 0.6535034
24223 -0.11156273
24323 -1.0291221
24423 -1.9023483
24526 -2.5317395
24623 -2.7087276
24724 -2.4465575
24827 -1.5717399
24927 -0.5776434
25025 0.47767448
25125 1.1253686
25225 1.5168314
25324 1.6056671
25425 1.4372759
25525 0.79434395
25626 -0.045237064
25728 -0.8383918
25826 -1.6546364
25928 -2.3372502
26026 -2.7345138
26126 -2.7573133
26226 -2.2932737
26327 -1.185236
26427 -0.053479195
26527 0.8703985
26627 1.5731611
26727 2.0814385
26827 2.390851
26928 2.4672852
27027 2.0936518
27128 1.4421372
27228 0.6696725
27331 -0.2302885
27428 -1.1158535
27531 -1.8229346
27631 -2.2508225
27731 -2.5110457
27831 -2.5725608
27931 -2.3339677
28030 -1.5581288
28129 -0.6215739
28230 0.16453648
28330 1.0390449
28430 1.4956412
28530 1.8729315
28630 2.0694094
28731 2.1005912
28831 2.0933695
28931 1.5369263
29031 0.5477123
29133 -0.4225068
29232 -1.1690133
29332 -1.8190436
29431 -2.5044794
29532 -2.8846736
29632 -2.881411
29732 -2.381834
29833 -1.3646445
29934 -0.4278245
30033 0.39908218
30133 1.1899114
30233 1.6941452
30333 1.8731294
30434 1.7767615
30533 1.3349204
30634 0.4991784
30734 -0.18624115
30834 -1.1134293
30934 -1.8779998
31035 -2.4704013
31134 -2.7686572
31236 -2.8228164
31335 -2.584487
31435 -1.869467
31535 -0.71656656
31635 0.35734653
31735 1.2505417
31836 1.7679648
31920 1.9349785
32020 2.042821
32120 1.936985
32220 1.2626352
32320 0.34183598
32420 -0.60844135
32520 -1.5158591
32620 -2.2528327
32721 -2.5147965
32821 -2.5554128
32921 -2.4805138
33021 -1.7459366
33121 -0.6037855
33221 0.32881832
33322 1.1593046
33423 1.8045349
33522 2.2627192
33622 2.578711
33722 2.4876852
33823 1.8585572
33923 0.6309538
34023 -0.2172594
34123 -1.0083385
34223 -1.8414989
34323 -2.5712984
34423 -2.628485
34526 -2.2407336
34626 -1.3190932
34726 -0.25643587
34826 0.48970556
34925 1.1059146
35024 1.6743498
35125 2.243907
35225 2.5171256
35325 2.3645515
35425 1.754972
35525 0.79033375
35625 -0.23549938
35726 -1.2269776
35826 -2.1105654
35929 -2.784489
36029 -3.0997787
36129 -3.1295977
36229 -2.5488067
36328 -1.6520119
36428 -0.38799572
36528 0.66082525
36628 1.5702934
36728 1.9641395
36828 2.238275
36928 2.3795156
37029 2.2460737
37130 1.9543824
37229 1.30128
37329 0.3330183
37428 -0.7581482
37529 -1.9318957
37629 -2.5635886
37729 -2.9320936
37829 -2.9276633
37929 -2.587735
38030 -1.9689586
38130 -0.91328764
38230 0.062571526
38331 1.1186705
38431 1.7696905
38530 2.3479066
38631 2.82333
38731 2.7530808
39082 -0.52561665
39181 -1.6216354
39282 -2.4296422
39382 -2.8812275
39482 -3.0158272
39582 -2.9750657
39683 -2.6702418
39782 -2.159532
39883 -1.0881767
39984 0.0037212372
40085 0.8823323
40183 1.5011978
40284 1.9689493
40384 2.390059
40484 2.847702
40568 2.924994
40668 2.5044909
40768 1.789351
40868 0.7737303
40968 -0.18240452
41068 -1.0845687
41168 -1.9263563
41268 -2.369584
41369 -2.5300124
41469 -2.5090616
41568 -2.2267575
41670 -1.131361
41769 0.004921913
41870 0.8836322
41970 1.582139
42070 2.0957499
42170 2.4755907
42270 2.6783981
42370 2.3349829
42471 1.4265099
42571 0.113370895
42671 -0.9574909
42771 -1.8065584
42871 -2.2748184
42971 -2.5292869
43071 -2.6953115
43171 -2.6811697
43271 -2.326017
43374 -1.8155484
43474 -0.63264704
43574 0.53236103
43674 1.4734259
43774 1.9793296
43873 2.637374
43973 3.2276516
44073 3.4769068
44173 3.533268
44276 3.4300928
44374 2.6418128
44477 1.9031181
44574 0.90798473
44677 -0.1079092
44774 -1.0641112
44877 -1.8423362
44977 -2.577986
45075 -2.7876782
45175 -2.4204
45275 -1.6680565
45375 -0.68937206
45476 0.27644062
45576 1.2729597
45675 1.9717393
45776 2.6296601
45876 2.930018
45979 2.9994926
46079 2.50905
46177 1.5549622
46279 0.48821545
46379 -0.3350315
46479 -1.1506851
46579 -1.7965584
46679 -2.1664975
46778 -2.282639
46878 -2.0491648
46978 -1.4094284
47078 -0.5303936
47180 0.23838043
47280 1.0437031
47379 1.8680296
47479 2.25353
47579 2.4274154
47679 2.5306005
47779 2.2375603
47879 1.691906
47980 0.7558651
48080 -0.03855896
48180 -0.67259073
48280 -1.4241486
48380 -2.023527
48481 -2.496651
48581 -2.666194
48681 -2.659011
48781 -2.2113795
48881 -1.2817428
48981 -0.19845104
49082 0.68651915
49182 1.59758
49282 2.1520243
49382 2.5539727
49482 2.5886278
49584 2.3746157
49685 1.8697586
49783 1.0034299
49883 0.05466461
49983 -0.836586
50083 -1.7263508
50184 -2.3152664
50284 -2.5831275
50368 -2.6171026
50468 -2.4125645
50568 -1.7667415
50668 -0.5625334
50768 0.6047163
50868 1.3571177
50968 1.9394493
51068 2.157412
51168 2.1398306
51269 2.0443182
51369 1.6572618
51469 0.539763
51569 -0.34163475
51669 -0.9221964
51770 -1.4315503
51870 -1.935277
51970 -2.2603097
52070 -2.3324337
52170 -2.3146503
52270 -2.170138
52371 -1.4571433
52471 -0.25156593
52571 0.7947731
52670 1.6341238
52771 2.172133
52871 2.5725212
52974 2.6489725
53074 2.4035988
53174 1.814228
53274 0.6276393
53374 -0.4264269
53474 -1.1358104
53573 -1.6873584
53673 -2.1152136
53773 -2.2832465
53873 -2.2996712
53973 -2.0157151
54073 -1.0875905
54174 -0.11013794
54273 0.7959604
54374 1.6507349
54474 2.3155608
54574 2.684681
54674 2.7722778
54774 2.5909777
54875 2.0208611
54975 1.1212807
55075 0.46860886
55175 -0.316617
55275 -1.1453843
55375 -1.4780555
55479 -1.7959945
55576 -1.9456096
55676 -1.6301849
55779 -0.76082087
55879 0.24331951
55976 1.0497165
56077 1.9117379
56177 2.5881286
56278 3.0596905
56377 3.1294231
56477 2.8921342
56578 1.9060874
56679 0.82267094
56779 -0.2345953
56878 -1.0577831
56978 -1.5251079
57078 -2.0120425
57178 -2.294752
57279 -2.3153539
57379 -2.0174131
57480 -1.115071
57579 -0.2293787
57679 0.8604593
57779 1.8186064
57881 2.604734
57981 2.9558005
58080 2.9258666
58180 2.3086562
58281 1.4241881
58381 0.26696873
58481 -0.8511691
58581 -1.493459
58681 -1.9532893
58781 -2.2090626
58882 -2.2465
58982 -1.867801
59081 -0.9560547
59183 0.10211277
59282 1.0923324
59382 1.815587
59483 2.3571234
59583 2.7741761
59683 2.6901398
59783 2.0356894
59884 1.1674004
59983 -0.16748285
60083 -1.2842689
60184 -1.9907336
60268 -2.4072218
60385 -2.5341687
60468 -2.5032377
60568 -2.0685377
60668 -1.0309854
60768 0.07839966
60868 1.0976005
60968 1.8922157
61068 2.440606
61169 2.6173463
61269 2.5860205
61369 2.4371405
61469 1.8456473
61569 0.4991436
61670 -0.62086535
61770 -1.3767045
61870 -1.8595188
61970 -2.1352556
62070 -2.154746
62170 -1.824619
62270 -1.1457093
62371 -0.012031078
62471 1.009799
62571 1.896586
62674 2.3650856
62771 2.7215738
62873 2.8725648
62974 2.7580514
63072 2.155169
63172 0.70216084
63272 -0.34449005
63372 -1.2014956
63473 -1.7725883
63572 -2.4058654
63672 -2.6157267
63773 -2.6095834
63876 -2.1133263
63973 -1.2214217
64076 0.14609957
64176 1.0821238
64273 1.8687754
64376 2.3504515
64476 2.568952
64576 2.6158576
64676 2.4140182
64776 1.7059641
64876 0.33682728
64977 -0.77624464
65076 -1.6166539
65175 -2.1963422
65276 -2.7111306
65376 -3.0315866
65476 -3.2065444
65579 -2.2061284
65679 -0.85787964
65779 0.3852253
65879 1.4261832
65979 2.1794386
66077 2.5944152
66178 2.8551497
66278 2.9785452
66378 2.8777008
66478 2.025632
66578 0.20902634
66679 -1.1875858
66778 -2.049664
66878 -2.7038047
66979 -2.9973292
67079 -2.782393
67179 -2.4224408
67279 -1.6321712
67379 -0.53332376
67480 0.39443636
67580 1.5651755
67680 2.2296152
67780 2.781385
67880 3.2305937
67980 3.379243
68081 3.0538273
68181 2.0635705
68281 0.651742
68381 -0.4015913
68481 -1.1747093
68581 -1.7522655
68682 -2.2251496
68782 -2.5508065
68882 -2.5710146
68981 -2.1312344
69082 -1.1221318
69183 0.144557
69283 1.1102724
69383 1.962367
69482 2.4266357
69583 2.69773
69683 2.8591719
69784 2.8927588
69885 2.5308685
69983 1.095511
70085 -0.15709972
70184 -1.0238814
70268 -1.6775565
70368 -2.3211293
70468 -2.8413136
70567 -3.0210838
70668 -2.5651922
70768 -1.620435
70869 -0.36348772
70969 0.7455826
71069 1.8050833
71169 2.702971
71269 3.2544918
71369 3.5335703
71469 3.257309
71569 2.4727373
71670 1.3287892
71770 -0.02981615
71870 -1.0858903
71970 -1.7719669
72074 -2.151465
72171 -2.4730191
72271 -2.6179848
72374 -2.318474
72471 -1.5768712
72571 -0.56642723
72673 0.55518436
72773 1.5209894
72874 2.255127
72972 2.7668867
73072 3.0150242
73172 3.016261
73273 2.4533148
73373 1.2719088
73472 0.024413109
73572 -1.0042534
73673 -1.6940067
73776 -2.6024518
73876 -3.0675883
73976 -2.759217
74074 -2.0755363
74174 -1.0588982
74274 0.17131901
74374 1.3504133
74475 2.1080542
74575 2.6914816
74675 3.0001812
74775 2.9983788
74875 2.6394591
74975 1.526123
