184 3.018219
285 2.1222978
385 1.1900382
485 0.18452549
585 -0.5978813
686 -1.3829455
786 -2.0552325
886 -2.727598
986 -2.955706
1086 -3.1181674
1186 -3.1604295
1287 -3.0218415
1387 -2.6858304
1487 -2.4583504
1587 -1.4268703
1687 -0.5829611
1787 0.57531357
1887 1.9024787
1988 2.980081
2088 3.5667925
2188 3.8077374
2288 3.864973
2389 3.78794
2488 3.5593586
2588 3.0699034
2689 2.1195068
2789 1.3143382
2889 0.46242428
2990 -0.33146954
3089 -1.1514378
3189 -1.8022547
3289 -2.3992157
3391 -2.686413
3491 -2.902105
3591 -2.8986986
3690 -2.897653
3791 -2.8620818
3890 -2.6386943
3990 -1.5781887
4092 -0.72156477
4191 0.2650404
4292 1.0405931
4692 3.36629
4792 3.5059643
4893 3.522358
4993 3.5172377
5093 3.3876266
5193 2.712966
5293 1.5397811
5393 0.43809366
5493 -0.564198
5594 -1.2110417
5694 -2.065196
5794 -2.658601
5894 -3.0324059
5995 -3.3796768
6094 -3.641734
6194 -3.5922184
6294 -3.557913
6395 -3.125125
6495 -1.8519914
6829 1.9405074
6930 2.5918388
7029 2.873403
7130 3.0304937
7230 3.1392994
7330 3.2033806
7430 3.2132921
7530 3.015479
7630 2.302774
7731 1.2242327
7831 0.19026947
7931 -0.6300945
8031 -1.4107537
8131 -2.108975
8231 -2.6713157
8331 -3.005049
8432 -3.1566684
8532 -3.1675227
8632 -3.1570287
8733 -3.032572
8832 -1.7515874
8932 -0.48909807
9032 0.6235919
9133 1.5784197
9233 2.415618
9333 3.1962643
9433 3.6135798
9533 3.8252497
9633 3.8637753
9734 3.8111534
9834 3.5626993
9935 2.9913154
10035 2.0611572
10135 1.0046492
10235 -0.16667986
10335 -1.2831161
10436 -2.3793268
10535 -3.1554518
10636 -3.4068434
10736 -3.5541136
10835 -3.5312262
10936 -3.3930979
11037 -3.1301541
11136 -2.6009479
11236 -1.8342581
11336 -0.91796255
11437 0.01162529
11537 1.0533342
11637 2.6517954
11738 3.37298
11837 3.9435186
11938 4.178049
12038 4.2332773
12138 4.094058
12238 3.633048
12338 2.817234
12439 1.9531837
12539 0.7366977
12639 -0.4018998
12739 -1.2722771
12839 -2.0863926
12939 -2.7305684
13040 -3.2971692
13140 -3.6648915
13240 -3.815442
13340 -3.865954
13440 -3.8226318
13541 -3.2754598
13640 -2.2606273
13741 -1.0599167
13841 0.06697178
13940 1.1801233
14041 2.3178468
14141 3.2304783
14241 3.5536423
14342 3.7107553
14442 3.712143
14541 3.5173712
14643 2.903109
14742 2.1365228
14843 1.0026193
14942 -0.15706539
15043 -0.88485146
15144 -1.5008538
15243 -1.8204436
15344 -2.0890365
15443 -2.3275146
15526 -2.513207
15626 -2.7069058
15726 -2.7947667
15826 -2.549734
15926 -1.3536649
16026 0.23767567
16128 1.1944737
16228 1.9383287
16329 2.899404
16429 3.358366
16529 3.5319853
16629 3.583765
16729 3.6281157
16829 3.626274
16929 3.2416573
17246 -0.3744712
17347 -1.2748821
17446 -1.8662047
17546 -2.4604125
17648 -2.702303
17747 -2.8057227
17847 -2.7637184
17947 -2.5984428
18048 -1.6447513
18147 -0.6197057
18248 0.7479601
18348 1.8032341
18448 2.877092
18549 3.3346577
18648 3.437708
18749 3.4958115
18850 3.4803896
18950 3.36242
19050 2.8570466
19149 1.9621644
19550 -1.8791652
19651 -2.5727873
19750 -3.0651095
19851 -3.306763
19951 -3.3915753
20051 -3.3492196
20152 -3.1353223
20252 -2.210672
20352 -1.0175424
20452 0.53522825
20552 1.5711303
20653 2.5098815
20752 3.158741
20852 3.4935322
20953 3.5703907
21053 3.5622282
21153 3.2999268
21253 2.6107383
21353 1.8928709
21454 0.7534704
21554 -0.07507801
21654 -1.0941117
21753 -1.8227305
21855 -2.5066264
21954 -2.8604143
22055 -3.2476742
22154 -3.3505113
22237 -3.366047
22337 -3.2962272
22437 -2.814886
22537 -1.703757
22638 -0.6209197
22737 0.6140089
22839 1.5733223
22939 2.4675713
23040 3.045415
23140 3.1864834
23240 3.2057505
23340 3.1634483
23440 2.913587
23540 2.4038725
23641 1.4946122
23740 0.3318944
23841 -0.89429
23941 -1.6095939
24041 -2.37807
24141 -2.9255226
24242 -3.2317634
24575 -3.2990382
24676 -3.1647918
24776 -2.3533578
24876 -0.39719486
24976 0.581975
25377 2.7326736
25459 2.7914796
25559 2.814189
25659 2.817193
25759 2.7337012
25859 2.1605787
25961 1.180757
26061 0.19180536
26162 -0.42391443
26262 -1.0777118
26362 -1.6267447
26462 -2.1783383
26562 -2.4353564
26662 -2.595511
26763 -2.6269536
26863 -2.6234536
26963 -2.5772235
27063 -2.1603436
27163 -0.7827697
27263 0.3331399
27363 1.482894
27463 2.283053
27564 2.7351556
27664 2.816556
27764 2.7877302
27864 2.610373
27964 2.3757048
28064 1.9497747
28164 1.127902
28265 0.051732063
28365 -0.6896677
28465 -1.4036331
28565 -2.0131886
28665 -2.5381804
28765 -2.8335547
28865 -3.068573
28966 -3.171226
29067 -3.134646
29166 -3.053458
29266 -2.3619838
29366 -1.1985595
29467 -0.064139366
29568 0.70971155
29667 1.7116518
29767 2.5443254
29868 3.1398354
29967 3.3389645
30301 2.448793
30402 1.5093169
30503 0.47193623
30603 -0.26307297
30703 -1.1765256
30803 -2.0448394
30903 -2.6365893
31002 -2.9516864
31103 -3.1255717
31203 -3.1659636
31303 -3.0595438
31404 -2.2883918
31503 -1.1091275
31586 -0.042485237
31686 0.9748087
31786 1.9664216
31886 2.6306562
31986 3.0719662
32086 3.2594976
32188 3.2666636
32289 3.1048412
32389 2.779601
32489 2.1553383
32589 1.358316
32689 0.44698238
32789 -0.19969606
32889 -0.92242336
32989 -1.773341
33090 -2.351994
33190 -2.6360455
33290 -2.6833673
33391 -2.6855628
33490 -2.6703513
33590 -2.5461526
33691 -1.9472134
33791 -0.6673589
33891 0.50445366
33991 1.5120773
34091 2.3907418
34192 2.8640227
34291 3.040474
34392 3.0581532
34492 3.0403996
34592 2.9980974
34692 2.899249
35009 0.87353706
35108 0.09919691
35208 -0.707036
35310 -1.3846028
35410 -2.0559993
35511 -2.5515254
35611 -2.713639
35711 -2.7697492
35811 -2.771007
35911 -2.6867807
36011 -2.0441697
36112 -0.89301014
36212 0.19184017
36312 1.269887
36412 2.053668
36512 2.5750961
36612 2.8553514
36712 3.0010433
36813 3.0618572
36912 3.0599413
37013 2.8892555
37113 2.3206344
37213 1.4530687
37313 0.6728959
37413 -0.31162024
37514 -1.1648898
37614 -1.9458232
37714 -2.5234332
37814 -2.8598073
37915 -2.952999
38014 -2.9857748
38114 -2.9508586
38215 -2.719098
38315 -1.5414867
38415 -0.101980686
38515 1.0296831
38615 1.9360442
38715 2.6418176
38815 2.917018
38916 3.0194416
39016 2.9851203
39116 2.8189406
39217 2.3030028
39316 1.7278948
39417 0.9916911
39518 0.31107998
39617 -0.31453228
39717 -0.84240294
39817 -1.3773563
39917 -1.9908051
40018 -2.4462037
40118 -2.7855434
40219 -2.8702419
40318 -2.7773533
40418 -2.3730676
40519 -1.3186755
40619 -0.15361452
40719 1.0418806
40819 2.0397544
40920 2.6253
41019 2.9786377
41120 3.1517239
41219 3.240734
41320 3.192401
41421 2.972721
41738 0.66038036
41837 -0.2383647
41938 -0.8982477
42038 -1.5233276
42138 -2.1288352
42238 -2.4772267
42338 -2.7229872
42439 -2.8440938
42538 -2.8614256
42639 -2.7696586
42739 -2.1097026
42839 -1.0696807
42939 -0.04978609
43040 0.6254082
43139 1.4452515
43239 2.1403627
43341 2.6065965
43441 2.8647246
43540 3.0334816
43640 3.0827417
43741 2.9621468
43841 2.4821992
43940 1.6439428
44042 0.53242254
44141 -0.062012672
44241 -0.8020973
44342 -1.3717029
44442 -2.01199
44543 -2.4981265
44643 -2.706867
44742 -2.7081037
44843 -2.5988955
44942 -2.1158242
45043 -1.243398
45143 0.06952286
45244 0.8778925
45344 1.6531701
45444 1.992723
45544 2.1407752
45644 2.2764578
45744 2.321672
45844 2.3176818
45945 2.124672
46044 1.4676323
46144 0.61048603
46245 -0.19762707
46345 -0.7244768
46446 -1.5550551
46546 -2.2361984
46645 -2.5963063
46746 -2.7519283
46846 -2.8409367
46946 -2.8738618
47046 -2.8573422
47146 -2.6092615
47247 -1.5205827
47347 -0.36303568
47447 0.62772274
47547 1.7379661
47647 2.4607916
47748 2.8186922
47847 3.0697699
47948 3.2122993
48048 3.2849045
48148 3.262434
48248 3.0345383
48349 2.1801348
48448 1.2101617
48549 0.28588724
48649 -0.7575493
48749 -1.5758815
48850 -2.1719396
48949 -2.5780215
49050 -2.7938228
49132 -2.9055972
49232 -3.0280056
49332 -3.0309982
49432 -2.8038802
49532 -2.0628333
49632 -1.0116127
49734 -0.032248497
49835 0.94998455
50185 3.0176735
50285 3.1019716
50385 3.1162062
50486 3.0892239
50585 2.8783784
50685 2.135553
50786 1.1138048
50886 0.19026566
50986 -0.5087147
51087 -1.1942201
51187 -1.7947285
51286 -2.1347947
51387 -2.3891745
51486 -2.574974
51587 -2.6102982
51687 -2.5452292
51787 -2.0553098
51870 -1.1698825
51970 -0.10324955
52070 1.0407896
52170 1.9053736
52270 2.626502
52370 2.9870024
52472 3.1934881
52573 3.2766848
52673 3.3012981
52773 3.2131128
52873 2.7894607
52973 1.866652
53073 0.9218278
53173 0.13762665
53274 -0.53672695
53374 -1.0723572
53474 -1.6369805
53574 -2.1640677
53674 -2.4877987
53774 -2.585679
53875 -2.6433136
53974 -2.6023896
54075 -2.168099
54175 -1.2291598
54275 -0.170331
54375 0.8413191
54475 1.6939573
54576 2.368029
54676 2.6608443
54776 2.796177
54876 2.8438425
54976 2.8684092
55076 2.8547196
55177 2.6323457
55277 1.813478
55377 1.098774
55477 0.25977993
55577 -0.42038584
55677 -1.2528877
55777 -2.0420737
55877 -2.6367764
55978 -2.976199
56078 -3.2091212
56178 -3.2777507
56278 -3.2857041
56379 -3.1357174
56479 -2.685247
56578 -1.4540067
56680 -0.4922309
56779 0.6281872
56880 1.5974779
56979 2.3100953
57080 2.7234168
57180 2.9060593
57280 2.9837036
57380 2.9715219
57480 2.842054
57580 2.4611053
57681 1.558835
57780 0.64916086
57881 -0.32480717
57981 -1.0772126
58081 -1.9196379
58182 -2.508202
58281 -2.7660093
58382 -2.9481432
58482 -2.9923625
58582 -3.0057569
58682 -3.0010533
58782 -2.9233258
58883 -2.3379335
58983 -0.9098115
59083 0.22051287
59183 1.1302133
59283 1.9083014
59384 2.3788657
59484 2.6281557
59584 2.728097
59685 2.7525167
59784 2.7579474
59884 2.6999826
59984 2.2811446
60085 1.3588109
60185 0.4356923
60285 -0.2969246
60385 -0.9866681
60485 -1.6925273
60586 -2.4339643
60685 -2.9222703
60786 -3.5216882
61120 -3.5017374
61220 -3.1721268
61321 -2.5722175
61421 -1.2674339
61521 -0.22826672
61621 0.6168556
61721 1.3552499
61820 1.8581591
61921 2.2197046
62022 2.379129
62122 2.457677
62221 2.4739823
62322 2.4595652
62422 2.1527357
62522 1.2298231
62623 0.2645173
62723 -0.53253937
62822 -1.3491662
62923 -2.0576882
63023 -2.4869442
63123 -2.7645316
63224 -2.9463117
63323 -2.966123
63424 -2.9324818
63524 -2.628535
63624 -1.4836726
63724 -0.49356794
63825 0.34351873
63925 1.3878651
64025 2.1864295
64125 2.7601557
64226 3.0416641
64325 3.1509457
64425 3.1436024
64526 2.947094
64625 2.3989267
64726 1.463594
64826 0.40096045
65143 -2.4260812
65243 -3.162095
65344 -3.56633
65443 -3.8053858
65543 -3.9228091
65644 -3.874586
65745 -3.7318654
65844 -3.2138207
65945 -1.5880597
66045 -0.37193775
66145 0.6647215
66245 1.4980712
66345 2.1292114
66445 2.4087372
66546 2.6035347
66646 2.6565924
66746 2.6349707
66846 2.3342657
66946 1.7014556
67047 0.6647787
67146 -0.051127434
67247 -0.69615793
67346 -1.4917336
67447 -2.282
67547 -2.6678638
67647 -2.918831
67747 -2.983274
67848 -2.9698603
67948 -2.7942395
68048 -2.0355213
68149 -0.8567991
68249 0.13591051
68349 1.2302346
68449 2.1348114
68549 2.8092146
68649 2.9982567
68749 3.0238
68850 3.0344057
68950 2.9360476
69050 2.4277267
69150 1.5209174
69250 0.59813976
69351 -0.23959064
69450 -1.0873852
69550 -2.1585
69651 -2.7353702
69751 -2.9953737
70068 -3.3536017
70169 -3.3088505
70269 -3.002552
70368 -1.3562298
70469 -0.38517523
70568 0.43521166
70669 1.172925
70769 1.9926772
70870 2.5749764
70969 2.9141045
71070 3.1400928
71170 3.2271786
71269 3.183344
71370 2.9610815
71471 2.1995344
71570 1.2870765
71670 0.2762637
71770 -0.52062654
71871 -1.0352299
71972 -1.7595458
72071 -2.367836
72172 -2.723554
72271 -2.7610908
72372 -2.7650132
72471 -2.7438428
72572 -2.45281
72673 -1.2959316
72772 -0.052143574
72873 1.3031569
73205 3.1900635
73307 3.2829466
73407 3.3389244
73507 3.3300657
73607 3.16776
73707 2.48635
73808 1.5410929
73908 0.48053455
74008 -0.19174147
74108 -0.89227104
74208 -1.7425504
74308 -2.4443283
74409 -2.8323538
74509 -2.9852672
74609 -3.003396
74709 -2.928903
74809 -2.4422069
74909 -1.6123192
31 3.7651672
132 3.747384
232 3.5475864
331 2.753202
432 1.7487745
532 0.8731642
632 -0.020257473
732 -0.95578766
832 -1.8041849
933 -2.5736501
1033 -3.035742
1133 -3.2049375
1233 -3.2328806
1333 -3.0436308
1434 -2.3266654
1534 -1.2778306
1634 -0.15146446
1733 0.8610048
1834 2.004612
1935 3.0033474
2035 3.6539526
2134 4.037689
2235 4.1516285
2335 4.0680866
2435 3.5991116
2536 2.7321267
2635 1.8077784
2952 -0.9156852
3053 -1.7672584
3153 -2.486549
3253 -2.9946234
3353 -3.2382696
3453 -3.2691522
3553 -2.9996257
3654 -2.1670597
3754 -1.0855465
3854 -0.047364235
3955 0.97508144
4054 1.8917208
4155 2.6994743
4255 3.235816
4355 3.664999
4456 3.7477722
4555 3.6871176
4655 3.3884096
4756 2.6377115
4855 1.6732697
4956 0.66808224
5056 -0.49655437
5157 -1.6100266
5257 -2.6291666
5356 -3.1286476
5457 -3.462421
5557 -3.6303406
5657 -3.6251812
5757 -3.3785596
5858 -2.5636098
5958 -1.419455
6058 -0.45183516
6158 0.73333454
6259 1.7186155
6359 2.658399
6458 3.1776714
6559 3.4628906
6659 3.526805
6760 3.4657593
6859 3.1848965
6959 2.6038446
7060 1.5430174
7160 0.53897
7260 -0.6148944
7360 -1.5564511
7461 -2.4944792
7560 -3.1200604
7660 -3.372435
7761 -3.365753
7860 -3.207235
7961 -2.798833
8061 -2.030433
8162 -0.9510374
8262 -0.13444805
8361 0.79835653
8461 1.7275987
8562 2.7462616
8662 3.3285751
8763 3.553359
8863 3.562807
9179 1.8389044
9280 0.8389931
9380 -0.0065717697
9480 -0.9398761
9580 -1.6505647
9681 -2.2585912
9781 -2.5663593
9881 -2.7684932
9981 -2.84849
10081 -2.7921689
10181 -2.222485
10281 -1.1537087
10382 -0.14340591
10482 0.7683406
10582 1.7768669
10682 2.5557432
10782 3.122674
10882 3.4577017
10982 3.5805798
11082 3.5459604
11184 3.2677498
11284 2.5601401
11384 1.7095919
11484 0.65217876
11583 -0.4420333
11901 -3.0341277
12002 -3.2545958
12101 -3.5506718
12201 -3.4537466
12302 -2.9798481
12401 -2.222281
12502 -1.0991158
12603 -0.07524586
12703 1.0744548
12802 2.0530767
12902 2.6747236
13002 2.9939299
13103 3.1267605
13203 3.0656385
13303 2.7064009
13404 2.0384583
13503 1.0553498
13604 -0.05395937
13704 -1.2120876
13804 -1.9083059
13904 -2.364459
14005 -2.7274032
14105 -2.9160206
14205 -2.9252849
14305 -2.8116083
14406 -2.2193778
14739 0.9897256
14840 2.1978965
14939 2.975089
15040 3.0929508
15140 3.757947
15240 4.0704546
15340 4.0063257
15440 3.5710268
15540 2.5818796
15641 1.5863733
15740 0.6986451
15841 -0.3234706
15941 -1.5121791
16042 -2.2876198
16142 -2.7563689
16242 -2.9366796
16342 -3.031105
16442 -2.9825282
16542 -2.5924459
16642 -1.7137253
16742 -0.62820625
16843 0.59521866
16943 1.4044504
17043 2.3237963
17143 2.8219833
17243 3.2536488
17344 3.5568218
17444 3.5948944
17544 3.4217997
17644 2.931891
17744 2.0464096
17845 1.0827618
17945 -0.19914818
18044 -1.3824756
18145 -2.2186646
18245 -2.5362225
18345 -2.96318
18446 -3.134936
18546 -3.0507455
18645 -2.746447
18746 -2.154858
18846 -1.1941738
18947 -0.26513863
19046 0.7687044
19147 1.515418
19247 2.283927
19347 2.8468351
19447 3.3560343
19547 3.5725822
19648 3.643587
19748 3.435421
19848 2.851822
19930 1.8871527
20030 1.0002155
20130 -0.07871151
20230 -1.0961871
20331 -2.0309057
20430 -2.3437266
20532 -2.627994
20633 -2.6948342
20733 -2.6976182
20833 -2.5663133
20933 -2.045338
21033 -0.9078512
21133 0.08451891
21233 1.2666655
21334 2.2675753
21434 3.0803518
21534 3.5190678
21634 3.636259
21734 3.5949593
21834 3.3728867
21934 3.024517
22035 2.65514
22135 1.2372756
22235 0.34726477
22335 -1.0854945
22435 -2.0411344
22535 -2.7869725
22635 -2.4678035
22736 -2.5326724
22836 -2.6334014
22936 -2.5524921
23032 -1.9299586
23136 -0.89752674
23236 -0.066615105
23337 1.0035081
23437 1.7079606
23537 2.262803
23637 2.7370443
23738 3.2227726
23838 3.402502
23938 3.4112787
24038 3.1915312
24138 2.6132202
24238 1.8962736
24338 1.1559849
24438 0.10669041
24539 -0.88048077
24638 -1.6402373
24739 -2.3803923
24840 -2.8049576
24940 -2.8751824
25040 -2.8711545
25140 -2.6664634
25239 -1.9608281
25340 -1.1618257
25440 -0.082009315
25541 1.2691488
25641 2.1192489
25741 2.6508446
25841 2.9153275
25942 3.137249
26041 3.1419735
26142 3.0210514
26241 2.7534347
26342 2.4551978
26443 1.7110267
26543 0.60612965
26642 -0.57114935
26959 -2.981011
27060 -2.9889688
27160 -3.0046647
27260 -2.886904
27360 -2.6465325
27461 -2.1112785
27560 -1.3338962
27660 -0.31775665
27760 1.1106949
27861 1.8770614
27961 2.5662107
28061 2.7999625
28162 2.8590302
28262 2.8592072
28362 2.8001108
28461 2.7069254
28562 2.1129751
28662 1.2366939
28763 0.35512066
28863 -1.0936401
28963 -1.9528263
29063 -2.780466
29163 -2.9353633
29263 -3.0600388
29364 -3.094274
29463 -3.0562835
29564 -2.7495847
29664 -1.829551
29765 -0.81357527
29864 0.34379005
29965 1.4179993
30065 2.226306
30165 2.675477
30265 2.8232641
30365 2.8465471
30465 2.7521873
30566 2.5726953
30665 2.2352462
30766 1.7818975
30866 0.899209
30966 -0.014357567
31066 -1.0329666
31167 -1.9061589
31266 -2.6694994
31367 -2.9570506
31467 -2.9380577
31567 -2.8454967
31667 -2.6786807
31768 -2.2246165
31867 -1.4200764
31950 -0.6629715
32050 0.92463684
32150 1.9087167
32250 2.4964705
32350 2.7493963
32450 2.8623948
32552 2.8882852
32653 2.8141108
32753 2.651554
32853 1.9247398
32953 0.9908571
33053 0.036982536
33153 -0.94074297
33253 -1.8530407
33354 -2.6384728
33454 -2.8223171
33554 -2.830857
33654 -2.6802247
33754 -2.2935088
33854 -2.0344396
33955 -1.2398219
34055 0.05431795
34155 0.88258123
34255 1.8763037
34355 2.4586005
34455 2.7277274
34555 2.75978
34656 2.7454157
34756 2.4400673
34856 1.6434717
34956 1.0112658
35056 0.046783924
35156 -0.5530505
35256 -1.3239007
35357 -2.135255
35457 -2.6451755
35557 -2.858397
35658 -2.8944132
35757 -2.9038625
36075 -0.8919039
36174 0.19017649
36275 1.1154089
36376 1.986753
36475 2.5417318
36576 3.0016804
36676 3.2927837
36776 3.3332376
36876 3.3187923
36976 3.092677
37077 2.9108543
37176 1.9737663
37277 0.9640956
37377 -0.051246166
37476 -0.94032717
37577 -1.674937
37678 -2.2630336
37777 -2.66929
37878 -2.9240503
37978 -3.0181546
38078 -3.061685
38179 -2.9800227
38278 -2.3509302
38378 -0.9514108
38479 0.26154232
38578 1.4723129
38679 2.4438996
38780 3.0687122
38879 3.3338614
38980 3.3487263
39080 3.3375597
39180 3.170597
39281 2.9612641
39381 2.1990633
39481 1.2385144
39581 0.23283195
39680 -0.74385214
39780 -1.6865273
39881 -2.527903
39982 -2.9842334
40081 -3.143706
40181 -3.1185834
40264 -2.9989667
40364 -2.338039
40464 -1.4270394
40564 -0.15545368
40664 0.8999834
40764 1.906848
40866 2.7795959
40967 3.3330383
41066 3.487999
41167 3.4998064
41267 3.0910435
41367 2.7964835
41467 2.2289057
41785 -1.178236
41884 -1.9783099
41984 -2.492062
42085 -2.8228536
42184 -2.9258573
42286 -2.8202505
42385 -2.474121
42486 -1.5573738
42585 -0.23382807
42987 3.1274624
43086 3.4695997
43186 3.4908009
43286 3.4140358
43387 3.2070808
43488 2.7502265
43587 1.8908868
43687 0.9215956
43787 -0.23086834
43887 -1.2060924
43989 -1.9786363
44088 -2.3956199
44188 -2.6290019
44289 -2.579783
44389 -2.3303647
44489 -2.0045269
44589 -1.5378215
44690 -0.88851404
44789 -0.045306206
44890 1.0163908
44989 1.9261346
45089 2.7826257
45190 3.2974749
45290 3.5158443
45391 3.4914513
45490 3.1608868
45590 2.5440779
45691 2.0027227
45791 1.1159348
45891 0.0076146126
45991 -1.1602886
46092 -2.3670473
46191 -3.0801349
46292 -3.3616416
46391 -3.5280921
46493 -3.5125387
46593 -3.4811249
46693 -3.142198
46793 -2.2440321
46893 -1.1139407
46993 -0.13789415
47093 1.1025863
47193 1.9854584
47293 2.7025948
47394 3.075117
47710 3.0722284
47811 2.9461198
47911 2.5338798
48011 1.5768309
48111 0.5758362
48211 -0.57595253
48311 -1.526561
48412 -2.5205894
48512 -2.8683944
48612 -3.1959012
48712 -3.356472
48813 -3.4049985
48912 -3.356363
49013 -3.293587
49113 -2.281156
49214 -0.9403467
49313 0.30046654
49414 1.2818356
49514 2.275466
49615 2.7453713
49714 2.950338
49815 2.9727287
49915 2.9786615
50015 2.9445887
50115 2.8408499
50214 2.2481742
50533 -0.7683759
50633 -2.0489047
50733 -2.755452
50833 -3.1982217
50932 -3.3213148
51033 -3.2088861
51134 -3.1157837
51233 -2.6958714
51334 -1.6393859
51434 -0.66166353
51534 0.5008073
51634 1.4184504
51734 2.151661
51835 2.9066987
51935 3.2420177
52035 3.4299679
52134 3.4691963
52519 2.2413306
52619 1.1379004
52719 0.068790436
52820 -0.78258324
52920 -1.5719695
53019 -2.0243104
53120 -2.42144
53219 -2.5947173
53321 -2.7138195
53420 -2.741588
53521 -2.751551
53620 -2.565791
53721 -1.6360836
53821 -0.5817795
53921 0.379117
54021 1.2985377
54122 2.0077987
54222 2.7239733
54323 3.1739874
54422 3.4503574
54522 3.533537
54622 3.5675793
54722 3.4358768
54823 2.5825958
54923 1.8831596
55023 0.7781739
55124 -0.39913464
55223 -1.2257874
55323 -2.0710406
55641 -3.2183065
55741 -3.2321198
55841 -3.24848
55942 -3.1311297
56042 -2.059305
56142 -0.88892794
56242 0.2854972
56342 1.2336054
56442 2.3892775
56543 3.0516567
56642 3.390768
56743 3.539051
56843 3.4966145
56943 3.2993574
57043 2.9971366
57143 2.430162
57244 1.7866693
57344 0.96385765
57443 0.18549252
57544 -0.84245396
57644 -1.6942248
57745 -2.5121331
57845 -2.9608755
57944 -3.2198606
58045 -3.352536
58145 -3.3581023
58245 -3.3411465
58345 -3.1689095
58445 -1.7640762
58546 -0.5693064
58646 0.6229229
58746 1.4859972
58847 2.571083
58946 3.324829
59047 3.4879885
59147 3.4715204
59247 3.2467365
59347 2.8286362
59447 2.4246688
59547 1.5848532
59648 0.4808774
59748 -0.7353411
59830 -1.5389705
59930 -2.4695883
60030 -2.8896394
60130 -3.2923484
60230 -3.4606233
60330 -3.4598272
60432 -3.2833138
60532 -2.9451327
60633 -1.5859458
60733 -0.34298038
60833 0.72710514
60933 1.9723802
61033 3.0650043
61133 3.6928234
61234 3.8176537
61334 3.818263
61434 3.6240702
61534 3.4295874
61634 2.9858503
61734 2.1610975
61834 1.1733122
61935 0.28883696
62035 -0.77309656
62135 -1.5703099
62235 -2.4185653
62335 -2.878059
62435 -3.2082386
62535 -3.4814658
62635 -3.51357
62736 -3.5246599
62836 -3.3231292
62936 -2.8458648
63036 -2.031587
63136 -0.97279406
63236 0.018975258
63337 0.98098993
63437 1.8802948
63537 2.6746469
63637 3.178915
63737 3.3712387
63838 3.4008417
63937 3.4154682
64038 3.38548
64138 3.176855
64239 2.6148176
64339 1.9031572
64438 0.9918456
64539 0.028822422
64640 -0.8245859
64740 -1.6196206
64839 -2.367444
64940 -2.7483811
65040 -2.9841242
65139 -3.127828
65240 -3.1695564
65340 -3.1312847
65440 -2.8094356
65541 -1.9235122
65641 -0.74475574
65741 0.41538477
65841 1.3762908
65942 2.1942139
66042 2.9141488
66142 3.1773825
66242 3.3192186
66342 3.2752924
66442 3.0864563
66542 2.6340013
66642 1.4967127
66743 0.6706991
66843 -0.5248308
66943 -1.5892963
67043 -2.6091342
67143 -3.3207338
67244 -3.733203
67344 -3.7052293
67444 -3.6389282
67544 -3.5617507
67644 -3.0632548
67961 0.6529269
68062 1.3386927
68162 1.9913483
68262 2.4642687
68362 2.7602563
68463 2.8407493
68563 2.888987
68662 2.906414
68762 2.9054327
68863 2.77566
68963 2.0438209
69063 0.99862814
69163 -0.078444004
69264 -0.8415718
69346 -1.5326378
69446 -2.205798
69546 -2.5722775
69646 -2.935414
69746 -3.178653
69846 -3.336973
69948 -3.3095486
70048 -2.9300795
70149 -1.7821183
70249 -0.5254531
70349 0.59671116
70449 1.5033469
70549 2.548781
70933 3.8283215
71033 3.8016472
71133 3.6530828
71234 2.7017493
71334 1.7638311
71434 0.7289686
71534 -0.38078356
71634 -1.3606155
71734 -2.2519312
71834 -2.6748836
71935 -3.1344428
72035 -3.4646935
72135 -3.513297
72235 -3.45647
72336 -3.1554914
72435 -2.363647
72535 -1.0654006
72635 0.08053541
72736 1.3465033
72836 2.4264631
72936 3.4487438
73036 3.8406448
73136 3.9798203
73236 3.99609
73338 3.9590225
73438 3.6274242
73537 2.3803625
73638 1.2047262
73737 0.25079536
73838 -0.9275942
73937 -1.9020934
74039 -2.7177
74138 -3.118763
74239 -4.0086136
74339 -4.5940104
74439 -4.603031
74539 -4.3915377
74640 -4.1077104
74740 -3.4352565
74840 -2.1345594
74940 -0.92961025
