1 -1.715688
101 -1.8690236
201 -1.6543148
301 -0.43979502
401 0.6009245
501 1.5815749
601 2.2408686
701 2.5043726
801 2.3959556
901 1.6310549
1001 0.37255383
1101 -0.8129206
1201 -1.5149097
1301 -2.058906
1401 -2.1698165
1501 -1.8980751
1601 -1.0896773
1701 0.20608044
1801 1.3492918
1901 2.1640358
2001 2.550559
2101 2.4657507
2201 1.3855147
2301 0.47129393
2401 -1.3304229
2501 -2.2805846
2601 -2.6258473
2701 -2.6561825
2801 -2.0889976
2901 -0.5725112
3001 0.73445225
3101 1.7426872
3201 2.4883614
3301 2.8430548
3401 2.9357781
3501 2.5171723
3601 1.1100559
3701 -0.42046452
3801 -1.4328887
3901 -2.0531116
4001 -2.3007722
4101 -2.202984
4201 -1.2740536
4300 0.43208218
4402 1.7011042
4501 2.5719004
4601 3.0800667
4701 3.100401
4801 2.2008119
4901 0.96479845
5001 -0.34698153
5100 -1.5205665
5201 -2.1421103
5300 -2.1108809
5401 -1.6899357
5501 -0.25235558
5601 0.94289064
5701 1.8830404
5801 2.4105825
5901 2.5865602
6001 2.0900497
6101 0.814559
6201 -0.47939062
6301 -1.4442971
6401 -1.5838952
6501 -1.6440926
6601 -1.6913517
6701 -0.5905013
6801 0.69344425
6901 1.828454
7001 2.7241774
7101 3.177827
7201 3.118019
7301 2.254139
7401 1.1600738
7501 0.0035076141
7601 -0.88378716
7701 -1.5763752
7801 -1.7277737
7901 -1.6139927
8001 -0.30098963
8101 1.0171676
8201 2.2163076
8301 3.0067997
8401 3.390665
8501 3.4240494
8601 2.868277
8701 1.5977836
8801 0.38527393
8901 -0.68290234
9001 -1.4158607
9101 -1.779396
9201 -1.8667185
9301 -1.7078891
9401 -0.41351986
9501 0.99252415
9601 2.1456194
9701 2.8002944
9801 3.0006533
9901 2.7679596
10001 1.6862564
10101 0.13097858
10201 -1.0425706
10301 -1.6028614
10401 -1.9444535
10501 -1.8209262
10601 -0.87110233
10701 0.56232786
10801 1.9666762
10901 3.1904373
11001 3.5789452
11101 3.440281
11201 2.5149894
11301 1.0899801
11401 -0.21006775
11501 -1.1462817
11601 -1.7403855
11863 -0.88569164
11962 0.48675442
12062 1.8141785
12162 2.9853716
12262 3.8566008
12362 4.0399323
12462 3.5038366
12562 2.1657362
12662 0.5226221
12762 -0.73292637
12862 -1.655194
12962 -2.3385742
13062 -2.3030207
13162 -1.5636806
13262 0.016871452
13362 1.4719706
13462 2.6755114
13562 3.399559
13662 3.5105495
13762 2.8442726
13862 1.6274123
13962 0.2643466
14062 -0.87022305
14162 -1.6903541
14262 -2.255961
14362 -2.2932172
14462 -1.805937
14562 -0.42044163
14662 0.49858427
14762 1.951313
14862 2.7483892
14962 3.1969128
15062 3.2626219
15162 2.7485971
15262 1.7166457
15362 0.39617205
15462 -0.8511958
15562 -1.7528076
15662 -2.362992
15762 -2.1738243
15862 -1.9161296
15962 -1.6269174
16062 -1.4473369
16162 -0.8909755
16262 0.31404686
16362 1.1370606
16462 1.7540979
16562 2.145327
16662 2.2811875
16762 2.1438484
16862 1.096663
16962 -0.2890253
17062 -1.3356469
17162 -2.1835306
17262 -2.4222054
17362 -2.3814046
17462 -2.2103267
17563 -1.1702225
17662 0.14797115
17762 1.2883239
17862 2.160365
17962 2.6902647
18062 2.9476395
18162 3.0269003
18262 2.8651338
18362 2.3877578
18462 1.7269616
18562 0.5289049
18662 -0.2782812
18762 -1.0965858
18863 -1.8028455
18962 -2.1453867
19062 -2.135326
19162 -2.1141286
19262 -1.8897617
19362 -0.8881674
19462 0.6166277
19562 1.854918
19662 2.703775
19762 3.188035
19862 3.6198359
19962 3.6450253
20062 3.4228764
20162 2.8652802
20262 1.7320428
20362 0.3975382
20462 -0.5089202
20562 -1.403872
20662 -1.960758
20762 -2.2409878
20862 -2.2168884
20962 -2.1863286
21062 -1.5696685
21162 -0.53652287
21262 0.6453543
21362 1.8550782
21462 2.7697883
21561 3.338027
21662 3.6533985
21762 3.701086
21862 3.5464134
21962 3.118246
22062 2.1573524
22162 0.79488945
22262 -0.39361095
22362 -1.2810559
22462 -1.7750149
22562 -2.116997
22662 -2.2315211
22762 -2.1748044
22862 -1.8392425
22962 -1.2247322
23062 -0.18465137
23162 0.91631174
23262 1.9143553
23362 2.5091944
23462 2.8322535
23562 2.9766836
23662 2.9833045
23762 2.864161
23862 2.4296656
23962 0.9241414
24062 -0.29564428
24162 -1.2309189
24262 -1.8685887
24362 -2.1359925
24462 -2.2482944
24562 -2.2930093
24663 -2.2408915
24762 -2.0319717
24862 -1.4672425
24962 -0.14836597
25062 0.8290968
25162 1.7703466
25262 2.4421172
25362 2.8317556
25463 3.00169
25562 3.0002012
25662 2.8637085
25762 2.5833983
25862 2.0793877
25962 1.1502194
26062 0.23725605
26162 -0.76205397
26262 -1.4484882
26362 -1.8853443
26462 -1.982858
26562 -1.8547864
26662 -1.4082732
26762 -0.33339977
26862 0.7156162
26962 2.0058289
27062 2.7090025
27162 3.3447647
27262 3.746107
27362 3.9427433
27462 3.9943066
27562 3.9859924
27662 3.7296448
27762 2.701333
27862 1.480371
27962 0.36019135
28062 -0.66030836
28162 -1.3693244
28262 -1.7299786
28362 -1.9629579
28462 -2.0868287
28562 -2.0589852
28662 -1.434922
28762 -0.14513779
28862 0.98718166
28962 1.9618654
29062 2.5608163
29162 2.9014497
29262 3.1393213
29362 3.2411518
29462 3.2401981
29562 3.0274467
29662 2.1750083
29762 0.9087348
29862 -0.090549946
29962 -0.90910053
30062 -1.6327941
30162 -1.8090291
30262 -1.8112855
30362 -1.7148609
30462 -1.3998923
30562 -0.4866457
30662 0.49118757
30762 1.2549772
30862 1.8893609
30962 2.421646
31062 2.745513
31162 2.8594818
31262 2.872181
31362 2.65972
31461 1.6722884
31562 0.46837902
31662 -0.46926165
31762 -1.2392602
31862 -1.7450967
31962 -2.0130343
32062 -1.9751153
32162 -1.9312978
32262 -1.6629963
32362 -0.74494076
32462 0.41554642
32562 1.3538866
32662 2.0290537
32762 2.64194
32862 2.9016786
32962 2.8821387
33062 2.5167427
33162 1.6572862
33262 0.69175816
33362 -0.27119923
33462 -0.86025953
33562 -1.1877561
33662 -1.2442527
33762 -1.2259572
33862 -1.2160268
33962 -1.1119041
34062 -0.62842655
34162 0.054092407
34262 0.94281626
34362 1.5828705
34462 2.064683
34562 2.422544
34662 2.6381025
34762 2.7290888
34862 2.7638612
34961 2.617508
35062 1.6770592
35162 0.16886282
35262 -0.70400906
35362 -1.0672672
35462 -1.2746093
35562 -1.5939033
35662 -1.6458671
35762 -1.6072907
35862 -1.4997258
35963 -1.3644924
36062 -1.0925503
36162 -0.23155689
36262 0.64086485
36362 1.4673967
36462 2.0005012
36562 2.4206023
36662 2.529101
36762 2.4865675
36862 2.1632476
36962 1.2910719
37062 0.21785259
37162 -0.5622134
37262 -0.94916344
37362 -1.2328026
37462 -1.4949543
37562 -1.5990672
37662 -1.6045768
37762 -1.5765958
37862 -1.4625802
37962 -0.7568002
38062 0.14914751
38162 1.0337205
38262 1.7586999
38362 2.3455338
38462 2.6511726
38562 2.783206
38662 2.8142028
38762 2.7581277
38862 2.568522
38962 1.8471808
39062 0.6634731
39162 -0.3156972
39262 -0.92217255
39362 -1.286583
39462 -1.3970852
39562 -1.4767051
39662 -1.2562103
39762 -0.84359455
39862 0.074174404
39962 0.96110344
40062 1.7581749
40162 2.3355927
40262 2.6861153
40362 2.9212637
40462 2.9672937
40562 2.7921968
40662 2.1632185
40762 1.2055736
40862 0.035681725
40962 -0.8493738
41062 -1.698998
41162 -1.9694533
41262 -2.0301225
41362 -2.0000203
41462 -1.6049302
41562 -0.61438465
41662 0.55521107
41762 1.4770179
41862 2.1909752
41962 2.6257353
42062 2.8518934
42162 2.9198823
42262 2.919343
42362 2.8927283
42462 2.6795683
42562 1.7850838
42662 0.55125713
42762 -0.33287144
42862 -0.98631096
42962 -1.4682617
43062 -1.5585351
43162 -1.5661876
43262 -1.5417924
43362 -1.37534
43462 -0.002661705
43562 1.1244149
43662 1.7843499
43762 2.2721086
43862 2.5344238
43962 2.6697617
44062 2.7243629
44162 2.7297363
44262 2.6651053
44362 2.4553175
44462 1.8797579
44562 0.9060812
44662 -0.06524658
44762 -0.85711956
44862 -1.2440231
44962 -1.411464
45062 -1.4085755
45162 -1.3792853
45262 -0.92681503
45362 -0.14594269
45462 0.8871355
45562 1.7291231
45662 2.3515534
45762 2.6328154
45862 2.7446203
45962 2.747851
46062 2.7380562
46162 2.542119
46262 1.5173492
46362 0.3052702
46462 -0.42426777
46562 -1.1631329
46662 -1.3702855
46762 -1.41612
46862 -1.4643364
46962 -1.3519115
47062 -0.48081493
47162 0.44453382
47262 1.6062841
47362 2.2741585
47462 2.6803398
47562 2.7762632
47662 2.7747116
47762 2.638877
47862 1.8787851
47963 0.7307172
48062 -0.32329416
48162 -1.1220737
48262 -1.4521835
48362 -1.5276656
48462 -1.4147098
48563 -1.1076024
48662 -0.40571165
48762 0.2889676
48862 1.3656979
48962 1.9852881
49062 2.413958
49162 2.5603127
49262 2.5900335
49362 2.5387106
49462 2.250741
49562 1.2335448
49662 0.097990036
49762 -0.41317415
49862 -0.85026073
49962 -1.1087165
50062 -1.1557477
50162 -1.0990448
50262 -0.56634045
50362 0.34383774
50462 1.3256922
50562 1.9781809
50662 2.5274444
50762 2.708912
50862 2.713984
50962 2.4119406
51062 1.4503565
51162 0.18775606
51263 -0.6447878
51362 -1.30495
51462 -1.8954086
51562 -2.177279
51662 -2.1646523
51762 -1.7669387
51862 -0.243402
51962 0.88428783
52062 1.7073379
52162 2.2634597
52262 2.6685476
52362 2.859809
52462 2.7003946
52562 1.8697596
52662 0.7727175
52762 -0.24509907
52862 -0.836946
52962 -1.5098381
53062 -1.9003375
53162 -2.0502448
53262 -1.9638677
53362 -1.5931141
53462 -0.76928043
53562 0.8175154
53662 1.8148394
53762 2.4049149
53862 2.5512228
53962 2.4651132
54062 1.9416022
54162 0.9485793
54262 -0.2129941
54362 -1.2007279
54462 -1.8646035
54562 -2.0848517
54662 -2.071184
54762 -1.3448341
54862 -0.35370874
54963 0.78477
55062 1.722024
55162 2.5605936
55262 2.968989
55362 3.0762997
55462 2.8850136
55562 1.9397163
55662 0.63343906
55762 -0.6675496
55862 -1.5350738
55962 -2.2177992
56062 -2.3704228
56162 -2.192343
56262 -1.1006222
56362 0.035505295
56462 1.1990771
56562 2.101472
56662 2.5960288
56762 2.8062272
56862 2.799347
56962 2.3505073
57062 1.438014
57163 0.32563734
57262 -0.68039656
57362 -1.5395882
57462 -1.8783448
57562 -2.5577989
57662 -2.0509715
57763 -1.2553372
57862 -0.26494074
57962 0.5876837
58062 1.1436582
58162 1.5806403
58262 1.9928322
58362 2.1883483
58462 2.1813316
58562 1.4273849
58662 0.43891668
58762 -0.45058966
58862 -1.2265575
58962 -1.3693604
59062 -1.4874814
59162 -0.9777608
59262 0.17933941
59362 1.1835527
59462 1.9196525
59562 2.59226
59661 3.0903006
59762 3.1370153
59862 2.651744
59962 1.4167151
60062 0.10483837
60162 -1.1750679
60262 -1.9766941
60362 -2.4260435
60462 -2.510554
60562 -2.2504768
60662 -1.2007244
60762 0.21113682
60862 1.3005214
60962 2.0731988
61062 2.6148171
61162 2.7917495
61262 2.74086
61362 1.8565626
61462 0.74691105
61562 -0.30789757
61662 -1.3012054
61762 -1.9070542
61862 -2.1703684
61962 -2.0859349
62062 -1.1528606
62162 0.2722721
62262 1.2971888
62362 2.1273026
62463 2.5906053
62562 2.841195
62662 2.6703072
62762 1.6256933
62862 0.4287634
62962 -0.8079748
63062 -1.5813046
63162 -2.0396695
63262 -2.074751
63362 -1.5218086
63462 -0.285316
63562 1.0921783
63662 2.1514602
63762 2.8769965
63862 3.1866875
63962 3.0198154
64062 2.1683435
64162 0.91108227
64262 -0.25950146
64362 -1.2522228
64462 -2.0087771
64562 -2.1523921
64662 -2.0614655
64762 -0.97052383
64862 0.15160084
64962 1.3246503
65062 2.1487494
65162 2.6442642
65262 2.8177094
65362 2.7703753
65462 2.1234956
65562 0.86020136
65662 -0.08868837
65762 -0.76284647
65862 -1.2479012
65962 -1.4734683
66062 -1.355247
66162 -0.30782223
66262 0.7930641
66362 1.8023477
66462 2.6257796
66562 3.2577143
66662 3.469594
66762 3.113741
66862 2.1577082
66962 1.0539746
67062 0.10678625
67162 -1.1256061
67262 -1.5705502
67362 -1.5413074
67462 -1.1543369
67562 -0.38745356
67662 0.5934863
67762 1.5597029
67862 2.4023438
67962 2.854703
68062 2.8199415
68162 2.1638093
68262 1.0406094
68362 -0.046617985
68462 -0.9894352
68562 -1.8738647
68662 -2.0873823
68762 -2.109314
68862 -1.7706177
68962 -0.40105724
69062 0.83003235
69162 1.8975244
69262 2.4884849
69362 2.694374
69612 0.96524334
69711 -0.21713448
69811 -1.2742391
69911 -1.8681388
70011 -2.0242665
70111 -1.9984174
70211 -1.6074061
70311 -0.43072605
70411 0.82821655
70511 1.7532134
70611 2.4221778
70711 2.7484884
70811 2.7200747
70911 2.1777368
71011 0.9863696
71111 -0.12950993
71211 -1.0668361
71311 -1.9368458
71411 -2.171243
71511 -2.3750675
71611 -2.0208755
71711 -0.7813587
71811 0.4645052
71911 1.5494852
72012 2.4178724
72111 2.8008165
72211 2.6465096
72311 1.826056
72411 0.48033428
72511 -0.8459101
72611 -1.695729
72711 -2.2183156
72812 -2.3725255
72911 -2.0142334
73011 -0.8356867
73111 0.53259087
73211 1.5351233
73311 2.2638612
73411 2.6416984
73511 2.5697021
73611 1.7989554
73711 0.429574
73811 -0.8799448
73911 -1.7386315
74011 -2.3843977
74111 -2.5670354
74211 -2.0871243
74311 -0.80249834
74411 0.452878
74511 1.5185027
74611 2.3476844
74711 2.6477394
74811 2.6352677
74911 2.120019
