186 -1.4085884
286 -0.30291367
637 2.3047972
737 2.6249948
837 2.8088965
937 2.8640084
1038 2.7251635
1137 1.2043223
1238 -0.2538042
1338 -1.3912883
1438 -2.1720395
1538 -2.520385
1639 -2.5592048
1738 -2.2847092
1839 -1.8883159
1938 -1.1416774
2039 -0.3305235
2390 2.4385996
2489 2.825962
2590 2.9585772
2691 2.9805346
2790 2.8459806
2891 1.9377861
2990 0.2601881
3091 -1.0802796
3191 -1.9909985
3291 -2.3822181
3391 -2.4214406
3491 -2.2809014
3592 -1.9262662
3692 -1.3218277
3792 -0.356781
3892 0.58725023
3992 1.4358649
4092 2.136775
4192 2.629674
4292 2.8185601
4393 2.8644419
4493 2.762845
4593 1.2479472
4693 -0.09021473
4793 -1.1897106
4894 -1.9412017
4994 -2.2859976
5094 -2.3617988
5194 -2.2800949
5294 -1.893718
5394 -1.3047919
5495 -0.46308422
5595 0.37974644
5695 1.2882371
5795 2.093099
5895 2.6104803
5995 2.7271638
6095 2.715776
6196 2.3618226
6295 1.3232994
6396 -0.08992529
6496 -1.3339202
6596 -2.3471863
6696 -2.5462492
6796 -2.3667743
6897 -1.8245208
6997 -0.8858347
7097 0.06886768
7197 0.98940945
7297 1.682406
7397 2.4178782
7498 2.7250967
7598 3.0162487
7698 3.0693903
7798 2.708377
7898 1.543232
7998 0.35993767
8098 -0.76831055
8199 -1.6134243
8299 -2.068242
8399 -2.1207461
8499 -2.1240954
8816 -0.3898301
8916 0.5950346
9017 1.3518834
9117 2.0140824
9217 2.4816742
9317 2.7207398
9417 2.8301291
9517 2.4665804
9617 0.93350506
9718 -0.438982
10068 -2.3971488
10168 -2.097514
10269 -1.3501809
10369 -0.387002
10469 0.31935072
10569 1.2353144
10669 1.8957891
10769 2.377843
10870 2.6464882
10970 2.728259
11070 2.6822863
11170 2.22862
11270 0.84695816
11370 -0.53036404
11470 -1.541019
11570 -2.1619594
11888 -2.106336
11987 -1.2994156
12088 0.02951622
12188 1.0957222
12288 1.9805732
12606 3.1405334
12706 3.1304998
12806 2.5746336
12906 0.977942
13006 -0.6215129
13106 -1.7470977
13206 -2.1941345
13307 -2.311021
13407 -2.2595258
13507 -1.6697986
13607 -0.4361782
13707 0.49773645
13807 1.4106913
13908 1.9843001
14008 2.413186
14108 2.7101183
14208 2.7287965
14308 2.3469381
14409 1.00632
14509 -0.37056637
14609 -1.8466313
14709 -2.8078017
14809 -3.2272046
15127 -1.8448603
15226 -0.57360935
15327 0.5413661
15426 1.3810234
15527 1.8866019
15627 2.2486868
15727 2.5187888
15827 2.6623354
15927 2.6433716
16027 1.5816183
16128 -0.13890362
16228 -1.1309364
16328 -1.9531436
16428 -2.3957958
16529 -2.6132245
16929 -1.3082004
17012 -0.1413374
17112 0.8153553
17212 1.6212435
17312 2.119956
17411 2.5396461
17513 2.8191833
17613 2.8579583
17714 2.7704077
17813 1.5070715
17914 -0.04098034
18014 -1.1695848
18114 -1.9612205
18448 -2.253282
18548 -1.8188989
18649 -0.6752596
18749 0.37833405
18848 1.2410102
18949 1.8292999
19049 2.2778358
19382 2.7843428
19482 2.7389383
19583 2.65906
19683 2.6307755
19783 2.422473
20435 -2.3608837
20535 -2.4680605
20635 -2.4924684
20735 -2.5020113
20835 -2.5028942
20935 -2.5018144
21036 -2.2003884
21136 -0.881443
21236 0.3317566
21336 1.199914
21436 1.8746362
21536 2.2583275
21636 2.5549002
21736 2.6729517
21837 2.6817346
21937 2.534247
22036 1.2880621
22137 -0.08359766
22237 -1.0392742
22338 -1.5985394
22654 -2.2993884
22755 -2.282857
22855 -2.198701
23272 1.4113531
24291 2.4642587
24391 0.8584361
24491 -0.4169774
24590 -1.1602082
24691 -1.4110177
24791 -1.5241253
24891 -1.5204399
24992 -1.4208996
25091 -1.2242732
25192 -0.78447676
25292 0.05315113
25392 1.2303996
25726 3.312624
25826 3.3923483
25926 3.1371002
26027 1.4997482
26127 -0.060058594
26227 -1.139312
26327 -1.8393269
26644 -1.9393444
26744 -1.8531089
26845 -1.4565938
26945 -0.3709936
27045 0.78796387
27145 1.5505743
27245 2.1253128
27346 2.5628214
27446 2.7577276
27546 2.9387178
27645 2.9836593
27746 2.9153771
27846 1.9915094
27946 0.27312613
28046 -0.8261175
28146 -1.5121849
28247 -1.7618499
28347 -1.8726335
28447 -1.9142337
28547 -1.9093137
28647 -1.8551736
28748 -1.740305
28847 -1.3068066
28948 -0.0340662
29048 1.1346393
29148 1.9759111
29248 2.431675
29348 2.8094382
29449 2.971167
29549 3.0630665
29649 2.992177
29749 2.3244462
29849 1.2192225
29950 0.22010708
30049 -0.82989645
30150 -1.7214551
30250 -2.3427968
30350 -2.5671067
30450 -2.5604224
30550 -2.489037
30650 -2.2786188
30750 -1.6412511
30851 -0.68267536
30950 0.33395767
31051 1.1904354
31151 1.9938021
31252 2.554699
31351 2.7662697
31452 2.812869
31534 2.6895165
31635 1.3464804
31735 -0.45488262
31834 -1.6845875
31935 -2.072623
32035 -2.0614762
32135 -1.963839
32236 -1.83812
32336 -1.6689553
32436 -1.1238961
32537 0.051874638
32637 1.065352
32737 1.9502015
32837 2.702384
32937 3.0325384
33037 3.2978945
33138 3.3522472
33238 3.2982635
33338 3.0517254
33438 1.8695474
33538 0.32675457
33638 -0.6677966
33739 -1.0865333
33838 -1.3175235
33939 -1.4643242
34256 -1.5502651
34356 -0.49202633
34456 0.6288729
34557 1.5785255
34656 2.3456297
34757 2.9370942
34857 3.2803469
34957 3.5792332
35057 3.601369
35158 3.3489733
35257 2.2606668
35358 0.3260393
35458 -0.79146194
35558 -1.2515168
35658 -1.336462
35758 -1.3599675
35859 -1.4422905
36259 0.1347084
36359 1.2556682
36460 2.104867
36560 2.6176233
36660 2.8632927
36760 2.9557943
36860 2.9707208
36960 2.828373
37061 1.8124495
37378 -1.3588662
37478 -1.6126595
37578 -1.6503682
37678 -1.6368484
37778 -1.575114
37878 -1.4659328
37978 -1.1700587
38078 -0.14344645
38179 0.8578491
38279 1.8172736
38379 2.588263
38479 3.098709
38580 3.4649029
38680 3.5622149
38780 3.5257092
38880 3.286356
38980 2.7526412
39080 1.6000261
39180 -0.10937452
39281 -1.083549
39381 -1.4901047
39481 -1.5444665
39581 -1.5442643
39681 -1.5004203
39781 -1.3427551
39882 -0.49162006
39981 0.45480728
40081 1.3859587
40182 2.1252108
40282 2.7134886
40382 2.9872994
40482 3.0307264
40582 3.02324
40683 2.9299612
40782 2.8274179
40883 1.9767771
40983 0.15727901
41084 -0.95129013
41184 -1.4617829
41284 -1.7478416
41384 -1.8878524
41484 -1.8285356
41585 -1.6825867
41684 -1.4499004
41785 -0.5723195
41885 0.35589123
41967 1.066175
42067 1.8334837
42168 2.4666123
42268 2.8087778
42368 2.9082422
42468 2.9240623
42568 2.9212432
42669 2.9196434
42769 2.8149767
42870 0.646729
42970 -1.0625832
43070 -1.8023343
43170 -2.0568435
43270 -1.9720681
43370 -1.7092316
43470 -1.4855583
43570 -1.1035912
43671 -0.19684982
43771 0.90836716
43871 1.7445717
43971 2.294942
44071 2.6475625
44172 2.8297334
44271 2.8887682
44372 2.8946075
44472 2.8726258
44572 2.7423592
44672 0.8922353
44773 -0.60604525
44872 -1.7577641
44973 -2.2166905
45107 -2.2219753
45207 -1.9872284
45307 -1.7539754
45407 -1.1474719
45507 -0.15579891
45607 0.84260225
45707 1.5863256
45807 2.130793
45907 2.5332003
46008 2.6278353
46108 2.6167426
46208 2.5342064
46308 2.0899215
46408 0.77197695
46508 -0.29320526
46609 -0.78700256
46709 -1.3198457
46809 -1.4959235
46909 -1.4634032
47009 -1.2313476
47109 -0.8168297
47210 -0.1494298
47310 0.7274523
47410 1.6392732
47510 2.2207117
47610 2.6036453
47710 2.828856
47811 2.8989654
47910 2.8997436
48011 2.5672889
48111 0.76593304
48211 -0.7838006
48311 -1.6469936
48412 -1.7969468
48511 -1.80897
48612 -1.768451
48713 -1.658104
48812 -0.83599806
48912 0.69572353
49012 1.7013574
49112 2.446597
49213 2.8406076
49295 2.8817735
49395 2.8693457
49495 2.3740592
49596 0.9734535
49695 -0.3067727
49795 -1.2695439
49897 -1.8606915
49997 -2.015008
50098 -1.9802737
50198 -1.8782964
50298 -1.3479424
50398 -0.017832756
50498 1.2701831
50598 2.026927
50698 2.5178351
50799 2.7842026
50899 2.7875223
50999 2.657261
51099 2.3772392
51199 1.6325388
51299 0.22668505
51399 -1.1036518
51500 -1.9733996
51600 -2.2025928
51700 -2.1648307
51800 -2.067305
51900 -1.945435
52000 -1.3038738
52101 -0.1380372
52201 0.88639593
52300 1.6192718
52401 2.1400032
52501 2.4613314
52601 2.6424384
52701 2.6835146
52802 2.4154816
52902 1.0486803
53002 -0.7996626
53102 -2.1188073
53202 -2.6436229
53302 -2.631918
53403 -2.2381964
53503 -1.8690555
53603 -1.4447124
53703 -0.5572548
53803 0.30770397
53903 0.9296441
54004 1.4803519
54104 1.9329782
54204 2.2416143
54304 2.3231497
54404 2.2353354
54504 1.3721442
54605 -0.14643908
54704 -1.1850324
54805 -1.6621463
54905 -1.7239602
55005 -1.7334495
55105 -1.7145283
55206 -1.4648976
55306 -0.29928112
55406 0.52158785
55506 1.2177191
55606 1.7847567
55706 2.0224633
55806 2.212892
55907 2.2580109
56007 2.2225037
56106 1.746325
56207 0.044413567
56307 -1.5687892
56407 -2.3511968
56508 -2.535823
56607 -2.3867545
56708 -2.0619717
56808 -1.3215935
56908 -0.4527359
57008 0.23955011
57109 0.992506
57209 1.6233168
57308 2.0194244
57409 2.2244806
57509 2.2332458
57609 1.9485893
57710 0.6603155
57809 -0.40418386
57910 -1.5744758
58010 -1.995003
58110 -2.0515532
58210 -1.88255
58310 -1.6465778
58410 -0.9310999
58511 -0.020380974
58611 0.756268
58711 1.5218859
58811 2.1525803
58911 2.5057306
59011 2.6946983
59112 2.755927
59212 2.7518907
59312 2.6221342
59412 1.9873834
59512 0.52212954
59612 -0.4108219
59712 -0.8990574
59812 -1.1272006
59913 -1.1649208
59996 -1.0453
60095 -0.53810406
60196 0.3743887
60296 1.0391417
60395 1.5031219
60495 2.0913134
60597 2.5053115
60697 2.6397629
60798 2.63878
60898 2.5708098
60998 1.9835525
61098 0.10936022
61198 -1.0904851
61298 -1.9857783
61398 -2.3195996
61498 -2.3831642
61599 -2.252191
61699 -1.8013971
61799 -0.7379322
61899 0.6461115
62216 2.3464966
62316 2.499424
62417 2.5041971
62517 2.4218688
62617 1.9455628
62717 0.53348446
62817 -1.0193896
62917 -2.1321287
63018 -2.735765
63117 -2.8461156
63217 -2.5596852
63319 -1.9728491
63418 -1.0112305
63518 0.024122715
63618 0.8372879
63719 1.4387765
63819 1.8015165
63919 1.9726624
64019 2.0734596
64436 -1.0260234
64536 -1.7846093
64637 -2.1070995
64737 -2.117115
64837 -1.973247
64937 -1.6050663
65038 -0.7798629
65137 0.18747997
65238 1.1056018
65320 1.7267265
65421 2.257946
65521 2.5158453
65856 0.994359
65956 0.02068615
66056 -0.957098
66155 -1.9251637
66256 -2.6645818
66357 -2.99687
66456 -3.0636516
66557 -2.8933508
66657 -2.224705
66757 -1.2927856
66857 -0.39561415
66958 0.31979656
67057 0.8539653
67158 1.1859121
67258 1.4774613
67357 1.6946154
67458 1.8060684
67558 1.8224268
67658 0.839818
67759 -1.2755864
67858 -2.1884308
67959 -2.434626
68059 -2.3759964
68159 -1.9476855
68259 -1.1619213
68359 -0.274549
68459 0.54562664
68559 1.1594105
68660 1.5376105
68760 1.7610078
68860 1.8432474
68960 1.872087
69060 1.8880167
69161 1.8458395
69260 0.48014832
69577 -1.4846909
69678 -1.4892681
70062 0.3113141
70162 1.4385095
70263 2.2046294
70362 2.5362
70463 2.6048837
70880 -0.09327412
70980 -1.157373
71080 -1.3928044
71180 -1.2595372
71280 -0.9949069
71381 -0.67276764
71481 -0.085780144
71581 0.77008677
71681 1.6153975
71781 2.1031432
72115 0.9909868
72215 -0.12372494
72316 -1.0470245
72416 -1.6680999
72516 -1.8332412
72833 -0.11259556
72933 0.86012745
73033 1.499414
73133 2.1389513
73234 2.5679235
73334 2.7468348
73434 2.8362794
73534 2.8023734
73635 1.7585549
73734 0.0043845177
73834 -1.0985272
73935 -1.6903172
74035 -1.739718
74135 -1.4878395
74235 -0.66498137
74336 0.8727522
74435 2.0943542
74535 2.7921805
74636 3.0275955
74736 3.0780315
74836 3.076006
74936 2.9857864
