15 3.5765114
115 3.436202
215 1.4800515
315 -0.3135004
415 -1.6409829
515 -3.115749
615 -3.4375434
715 -3.437779
818 -1.7538819
917 0.23795986
1016 1.9578485
1116 3.523695
1217 4.6549625
1316 4.801668
1417 3.1226368
1517 0.38666105
1617 -1.0925152
1717 -2.47796
1818 -2.77614
1917 -2.409525
2020 -0.9924269
2119 0.5239582
2219 1.6658874
2319 2.9517517
2418 4.3427296
2521 4.0699635
2619 2.2561936
2702 0.45758343
2802 -1.2264149
2902 -2.399444
3003 -2.7514036
3103 -2.7598538
3203 -2.190514
3303 -0.8019533
3403 0.8315606
3503 2.318933
3603 2.9302764
3704 3.0602875
3804 1.7957497
3904 0.09081602
4005 -1.3471255
4105 -2.7417498
4205 -3.6138945
4305 -3.7386575
4405 -2.4363825
4506 -0.51033545
4606 1.3831434
4708 3.4110384
4808 4.9527473
4906 5.0
5006 3.9206314
5106 2.1930847
5206 -0.03253746
5306 -1.9166312
5409 -2.8104806
5509 -3.2825522
5609 -4.026951
5709 -3.8006177
5808 -1.4679523
5908 0.98219204
6008 2.6305604
6108 3.9137354
6208 4.240713
6308 3.0236607
6408 1.2423782
6508 -0.52978086
6611 -1.9408278
6711 -3.1446848
6811 -3.600039
6909 -3.637982
7243 0.48721313
7343 1.8457537
7444 3.0441399
7544 3.8186655
7644 3.0112476
7744 0.08066416
7844 -1.8417046
7947 -2.5890708
8047 -2.8208933
8147 -2.598155
8248 -1.5847797
8347 0.27326584
8447 1.8035774
8546 2.7335968
8646 3.2678585
8746 3.0370445
8846 1.4786973
8946 -0.09666109
9046 -1.2255433
9146 -2.4738765
9247 -3.7202594
9346 -4.1421833
9447 -3.719684
9547 -2.0399296
9647 -0.35298872
9750 1.6237001
9850 3.5567532
9950 4.150629
10050 4.2182846
10150 2.833497
10249 0.69345665
10350 -1.160233
10449 -2.372923
10549 -3.3154593
10649 -3.4933658
10751 -3.5044308
10849 -3.380614
10950 -1.1363678
11050 1.1096444
11150 2.6196313
11250 3.6649513
11350 4.1545744
11451 3.5243635
11550 1.8051744
11868 -2.8266277
11968 -3.6760464
12068 -3.7619095
12168 -3.79872
12269 -3.016066
12368 -1.0305488
12469 1.0714045
12569 2.5483994
12669 3.876069
12769 4.137226
12869 2.9056282
12970 1.3114309
13069 -0.427001
13170 -1.9599061
13270 -3.0870824
13371 -3.6011262
13473 -3.6998365
13573 -3.6558163
13673 -2.9437766
13773 -0.49608707
13871 0.98684216
13971 1.941287
14072 2.4285064
14172 2.251011
14272 1.3541679
14372 0.18404675
14472 -1.145818
14572 -2.2710886
14675 -2.7364626
14775 -3.4212968
14875 -3.2795374
14975 -2.3260126
15075 -1.1078727
15176 0.70656776
15275 2.222001
15375 3.7647676
15475 4.875531
15575 5.0
15676 4.0082836
15776 1.9895554
15875 -0.09650564
15975 -1.3696988
16074 -2.8534782
16175 -3.7759676
16275 -3.9005647
16375 -3.8395534
16475 -3.3196692
16578 -1.2234559
16678 0.8859434
16778 2.7780824
16876 2.5078187
16976 -0.82387304
17077 -2.6622279
17177 -3.5559156
17277 -4.0548
17377 -4.469697
17477 -4.2379103
17578 -3.2482114
17677 -1.3839049
17778 0.7204118
17878 3.2937412
17978 4.0395527
18078 4.0973024
18178 2.485034
18280 0.103699684
18380 -1.6673286
18479 -2.8256462
18579 -3.7382393
18679 -5.0
18779 -5.0
18880 -3.5457783
18979 -1.8790002
19080 -0.025985241
19180 1.3989778
19280 2.555204
19381 3.933857
19481 4.629553
19582 4.949301
19681 4.7156963
19781 4.0290604
19881 3.221568
19981 1.6011229
20082 -0.2274952
20182 -1.9519153
20282 -3.3436494
20383 -4.175398
20482 -4.958199
20582 -5.0
20682 -5.0
20782 -4.6592727
20883 -3.336343
20967 -1.8360333
21067 0.25957012
21167 2.0914903
21267 3.3686428
21367 4.093876
21467 4.4191294
21568 4.409172
21668 3.8988628
21768 2.6715927
21868 1.2566652
21968 0.18636799
22068 -0.70268536
22168 -1.5931675
22269 -3.3260226
22369 -4.1111393
22469 -4.2696495
22569 -4.398038
22669 -4.294075
22769 -3.621931
22869 -3.015928
22971 -1.5362484
23070 -0.15160513
23170 1.2491002
23270 2.1989036
23373 2.846972
23473 3.079914
23573 3.1026201
23673 2.926032
23773 2.581149
23871 1.6157217
23972 1.0131192
24071 -0.163661
24172 -1.4868894
24272 -2.5244994
24372 -3.1580253
24472 -3.1735034
24575 -3.2241492
24673 -3.067572
24775 -2.7855785
24873 -1.7839248
24973 -0.4752245
25073 0.39125633
25173 1.4526892
25274 2.3640785
25375 3.285493
25475 3.7135677
25575 4.114725
25674 4.1685762
25775 3.430235
25875 2.1397781
25975 1.1011062
26075 -0.24616766
26175 -2.6594317
26275 -3.803279
26378 -4.436096
26478 -4.7447643
26578 -4.7566414
26678 -4.4240656
26778 -3.4872656
26876 -2.8436356
26977 -1.0470924
27077 0.31497097
27177 1.8157868
27277 3.5397453
27377 3.8723907
27477 3.6075163
27577 1.8012786
27679 -0.41437387
27780 -1.9432139
27879 -2.451894
27979 -2.783075
28079 -3.2457552
28179 -3.854179
28279 -4.0489154
28379 -3.9783993
28479 -3.677683
28580 -2.9967685
28680 -1.8735738
28780 -1.1395938
28880 -0.29169703
28981 1.2836814
29080 2.4944086
29180 2.9366097
29280 2.9959311
29381 2.4907942
29480 1.2880049
29581 -0.39100552
29681 -1.2185311
29781 -1.8088901
29882 -2.4286733
29982 -2.9619565
30082 -3.2985692
30183 -3.3001428
30282 -2.82264
30382 -1.3850827
30483 -0.25666714
30583 1.2146063
30682 2.7896204
30783 3.8301506
30867 4.178179
30984 3.9309368
31066 3.258605
31167 2.2862778
31267 1.1461248
31368 -0.2560172
31468 -1.5271645
31568 -2.7750561
31668 -4.0963635
31768 -5.0
31868 -5.0
31968 -5.0
32068 -2.3752875
32169 -0.33158064
32269 0.88206816
32369 1.6469102
32469 2.4977036
32569 3.6577168
32669 4.1329317
32770 4.0869007
32870 2.5436478
32970 0.5531759
33070 -1.0500884
33170 -2.248426
33271 -3.0178542
33370 -3.7010238
33473 -4.191679
33573 -4.203036
33673 -3.8211644
33772 -1.7820339
33871 -0.22198677
33972 1.1321187
34072 2.2350645
34172 3.341465
34272 3.8591547
34372 3.50772
34472 2.6805916
34573 1.5675697
34673 0.046586037
34773 -1.4604106
34876 -2.636571
34977 -2.8012867
35076 -2.291406
35176 -2.7620702
35276 -2.8305202
35375 -1.0751052
35475 0.5687852
35575 2.0154715
35675 3.2986078
35775 4.2103014
35875 4.5435867
35975 3.9701595
36075 2.626958
36175 1.2464437
36276 -0.119253635
36375 -1.394666
36476 -2.5071244
36577 -3.627067
36676 -4.2390046
36777 -4.402933
36876 -4.440325
36977 -3.4063532
37077 -2.0983994
37177 -1.655021
37277 -0.77047443
37378 0.63810444
37478 1.7477732
37578 2.213385
37678 2.3441644
37778 2.218688
37878 1.6659532
37979 0.75312614
38079 -0.19373322
38179 -1.2918141
38279 -2.0954497
38379 -2.635898
38479 -2.9965656
38580 -3.4645517
38680 -3.5602312
38779 -3.3706472
38880 -0.6948056
38981 0.44536686
39082 1.9188485
39181 3.2816238
39281 4.3605976
39380 4.3550463
39481 3.2662334
39581 1.79561
39681 0.36535883
39782 -0.87717247
39882 -1.9361176
39982 -2.499967
40082 -2.6960335
40182 -2.5574107
40283 -1.6274362
40382 -0.43975496
40483 0.60124636
40567 1.3329268
40667 2.083281
40767 2.743328
40867 3.2428532
40967 3.2366104
41067 2.7636275
41167 1.8214583
41267 0.9887781
41367 0.06927204
41468 -1.0107388
41568 -1.7529709
41668 -2.5786252
41768 -3.2114525
41868 -3.2155066
41969 -2.4281812
42069 -1.2619858
42169 -0.16141033
42269 0.8739724
42369 1.7445512
42469 2.4100046
42569 2.5960388
42670 1.8578787
42769 0.8838854
42870 -0.068808556
42970 -0.8306556
43073 -1.6549039
43173 -2.5597086
43273 -3.0679483
43373 -3.1618886
43473 -3.1174757
43573 -1.8917222
43673 -0.2971859
43772 0.90494585
43872 1.5645437
43972 1.9450607
44072 2.3281584
44172 2.1652803
44273 1.1680422
44376 -0.27174568
44473 -1.189621
44576 -2.3924606
44673 -2.7415047
44775 -2.7462466
44874 -2.66702
44974 -2.3883204
45074 -0.56515646
45174 0.5669708
45274 1.3324175
45374 1.9901114
45474 2.487092
45578 2.8202133
45675 2.8251963
45775 1.893331
45878 -0.44793987
45975 -2.0028083
46078 -3.073704
46178 -3.559897
46278 -3.627857
46378 -3.5431147
46478 -2.7961602
46578 -1.2408288
46677 0.0456748
46777 1.2187123
46877 2.6459837
46977 3.4270039
47077 3.251361
47177 2.0536814
47278 0.18188667
47378 -1.7814777
47477 -2.479762
47578 -2.760528
47678 -3.2354608
47778 -3.3335168
47878 -3.1506388
47980 -1.1386027
48079 -0.020774364
48179 1.098865
48280 2.506971
48380 3.4264278
48480 3.6833744
48580 2.65801
48680 1.2422276
48780 -1.0648541
48880 -2.3198059
48981 -3.2654102
49080 -3.6040063
49180 -3.6976798
49281 -3.4317431
49381 -1.4879055
49481 0.21313906
49582 1.717977
49681 2.742063
49782 3.1789608
49882 3.0533676
49982 2.1695557
50083 0.62687206
50182 -1.3975148
50283 -2.667431
50383 -3.2602334
50485 -3.3699403
50583 -3.0019217
50667 -2.4519477
50767 -0.4055009
50867 0.95097446
50967 2.0601883
51067 3.1663847
51167 3.197443
51268 2.0781693
51367 0.6388588
51468 -0.7559185
51568 -1.6645062
51668 -2.838266
51769 -3.1558926
51869 -3.1945288
51969 -2.9193425
52069 -2.052439
52169 -0.90784883
52269 0.5513902
52369 1.9682608
52469 3.2729702
52570 4.189619
52670 3.976406
52773 2.5952926
52870 0.8342395
52970 -0.8854008
53070 -2.159356
53173 -2.862264
53272 -3.1691685
53373 -3.0488625
53473 -2.0793862
53573 -0.21165705
53673 1.7450929
53772 3.3513422
53872 4.62484
53975 5.0
54072 5.0
54172 4.0478296
54272 2.6902184
54375 0.7762933
54475 -0.90572786
54575 -2.5784476
54675 -3.2624166
54775 -3.8958662
54874 -3.7662249
54974 -2.4200835
55074 -0.48739195
55175 1.0712647
55274 2.4638634
55374 3.676241
55475 4.338374
55575 3.9743938
55675 1.9421349
55778 0.3018422
55875 -1.4322631
55976 -2.4906528
56076 -3.4330957
56176 -3.8450499
56277 -3.762389
56377 -2.7372162
56476 -0.6682472
56576 1.3317957
56676 2.6281915
56777 3.4938936
56877 3.8210707
56979 2.9161162
57077 1.2138109
57177 -0.360703
57278 -2.0168316
57378 -2.9715736
57478 -3.2984366
57579 -2.920619
57678 -1.8845129
57779 -0.55846786
57879 0.8800092
57979 2.0754228
58079 3.3879232
58179 3.994258
58280 3.6828556
58379 2.4103217
58480 1.0521855
58580 -0.11544037
58682 -1.2300472
58781 -2.354732
58880 -2.6500576
58981 -2.9245934
59081 -2.7884994
59181 -1.8298135
59281 -0.15054226
59381 1.2767272
59482 2.438241
59581 3.533968
59682 4.150689
59781 4.1602993
59882 3.0959854
59984 1.4924879
60083 0.33936024
60183 -0.76089907
60283 -2.3080769
60367 -3.0030398
60467 -3.4321191
60567 -3.4037998
60667 -2.9858162
60767 -1.516798
60867 0.16803122
60968 1.583899
61068 2.8149009
61168 3.748065
61268 4.142599
61368 3.727377
61468 2.2858095
61568 0.3685007
61668 -1.3361468
61769 -2.954302
61869 -4.19709
61969 -4.8574014
62069 -4.1817985
62169 -3.320152
62269 -1.3768775
62373 0.53542566
62472 2.3185868
62570 3.5922432
62670 4.590745
62770 4.636858
62873 3.170477
62973 1.793088
63073 0.43168926
63174 -1.0684276
63273 -2.5259192
63373 -3.09636
63473 -3.524006
63572 -3.1981087
63672 -1.814156
63772 0.051020622
63872 1.5331063
63972 2.6915426
64073 3.7251072
64173 3.9701786
64273 3.2028751
64373 1.9797516
64473 0.6685848
64573 -1.0198033
64674 -2.6777523
64773 -3.5722458
64874 -3.6571188
64974 -3.6172042
65074 -2.6160886
65174 -1.4086642
65274 0.30484724
65374 2.0992403
65474 3.5348835
65575 4.3939667
65893 1.4068079
65992 -0.8787079
66094 -3.04524
66193 -4.1251755
66293 -4.466718
66394 -4.480628
66493 -3.429369
66594 -1.3144352
66694 0.30564213
66794 1.1975064
66894 1.8976812
66994 2.7835603
67094 3.8711596
67194 4.125122
67294 3.0954647
67395 0.7747245
67495 -0.97139883
67595 -2.2368693
67695 -2.7368207
67796 -2.782765
67896 -2.2928958
67996 -0.46485615
68096 1.1551328
68196 2.5749207
68297 3.9121923
68396 4.1661434
68498 2.9776688
68597 1.2939558
68681 -0.0017676353
68781 -1.6901424
68881 -2.500368
68998 -3.8157623
69081 -4.2900343
69181 -4.0072737
69281 -2.047905
69615 2.4695
69715 3.312253
69816 3.7100677
69919 3.526373
70016 2.0575209
70116 0.39324665
70216 -0.9308591
70319 -2.1902761
70419 -3.1247735
70519 -3.7658756
70619 -3.7644172
70719 -2.9034576
70819 -1.6072731
70917 -0.20305586
71017 1.2834692
71119 2.6065812
71218 3.2622185
71551 1.2084856
71652 -0.6991625
71752 -2.0827372
71853 -2.9912837
71953 -3.7482276
72054 -3.9178748
72153 -3.5268202
72254 -1.9953048
72354 -0.4739251
72453 0.45140362
72554 1.4715667
72656 2.5520616
72755 3.2657032
72854 3.376439
72954 2.1269102
73054 0.6344657
73155 -0.64471865
73255 -1.6307797
73355 -2.5785747
73455 -3.1948886
73555 -3.3109746
73656 -2.945669
73756 -2.0183845
73856 -1.2208257
73957 0.003651619
74057 1.298706
74156 2.592308
74258 2.9179177
74357 2.8617835
74457 1.4794297
74557 0.29421377
74641 -1.4659171
74740 -2.8351662
74841 -3.6494775
74941 -4.093988
