18 -1.6120822
118 -2.7096527
220 -3.2081945
319 -3.0733197
419 -2.450355
518 -1.2335582
620 0.3183651
719 1.5839691
820 2.5957313
920 3.5850925
1020 3.9102468
1120 3.839818
1220 3.5038815
1321 2.7900934
1421 1.4250746
1520 0.1628294
1621 -1.5576446
1721 -2.5805852
1821 -2.9928026
1921 -2.9317825
2021 -2.4593444
2121 -1.6415513
2223 0.027434826
2321 1.4629717
2406 2.4518137
2506 3.4434748
2622 3.9593277
2706 4.0026703
2823 3.7201262
2906 2.8121595
3024 1.6677566
3108 0.4775567
3207 -0.8183489
3308 -1.9287963
3407 -2.5949996
3507 -2.8792248
3607 -2.7560904
3708 -2.3305018
3808 -1.1508873
3908 0.4577136
4009 1.8955412
4108 3.343957
4209 4.1614275
4308 4.3441906
4409 4.245574
4509 3.5360222
4610 2.3869143
4710 1.0217042
4810 -0.296422
4910 -1.763509
5010 -2.7565653
5110 -3.3900924
5210 -3.4720244
5311 -3.05401
5410 -2.220706
5511 -0.8220787
5610 0.51627827
5711 1.5631304
5811 2.4828591
5911 3.1501513
6011 3.856987
6112 4.040324
6213 3.999095
6311 3.8001595
6412 2.2257996
6513 0.57225466
6613 -0.8536773
6715 -2.1740358
6813 -2.93671
6913 -3.50126
7013 -3.5336287
7115 -2.9234188
7213 -1.8643296
7314 -0.22961521
7413 1.3304024
7514 3.369398
7614 4.7590265
7714 5.0
7815 4.805071
7914 4.2025843
8017 3.173561
8114 2.3133163
8216 0.97384787
8316 -0.3755536
8415 -1.5946915
8516 -2.7769275
8615 -3.618478
8716 -3.9947622
8816 -3.7186124
8916 -3.2481732
9016 -2.5624452
9116 -1.6700084
9218 -0.21565247
9317 1.0560746
9417 2.1908584
9517 2.9470496
9617 3.2854748
9718 3.3524094
9818 3.149931
9918 2.5110154
10020 1.266613
10118 -0.114758015
10219 -1.6559968
10318 -2.6915886
10419 -3.318072
10519 -3.4833362
10619 -3.3303266
10719 -3.0496838
10819 -2.4842706
11855 3.1919603
11954 3.0172434
12055 2.555552
12372 -1.7839074
12472 -2.6595397
12806 -3.8330765
12907 -3.6066017
13223 1.2740827
13323 2.1627135
13424 2.9423394
13525 3.1746187
13624 3.3663473
13724 3.351594
13824 2.906694
13925 2.4764519
14024 1.3886323
14125 0.1537261
14226 -1.1844895
14325 -2.271862
14425 -3.2613122
14526 -3.9041529
14625 -4.0136127
14726 -3.614733
14826 -2.8583817
14926 -1.5770099
15026 -0.089380264
15127 1.4071207
15226 2.399582
15326 3.353283
15427 3.6198368
15528 3.515623
15628 2.9145746
15728 2.1669922
15828 1.2527666
15927 -0.05859232
16028 -1.3022728
16127 -2.4138927
16229 -3.5478706
16329 -4.3044834
16428 -4.6245036
16529 -4.5287175
16629 -3.951374
16729 -2.761131
16829 -1.0946331
16929 0.74916935
17029 2.033793
17130 3.3888779
17229 3.927022
17330 4.082161
17430 3.8837767
17531 3.391285
17631 2.4513884
17731 1.6988983
17830 0.3850503
17931 -0.9359393
18031 -2.1047952
18132 -2.9540453
18233 -3.6290421
18331 -3.9233258
18432 -4.099942
18532 -3.8707192
18633 -2.8497903
18733 -1.4722729
18833 0.037376404
18933 1.4242373
19033 2.5288248
19133 3.4129152
19234 3.8893309
19334 4.0557737
19434 3.9554214
19534 3.4409084
19634 2.66051
19734 1.7225723
19834 0.5367789
19934 -0.53057575
20034 -1.5983338
20135 -2.7852244
20234 -3.5574696
20335 -3.997277
20436 -4.083918
20535 -3.7548256
20636 -2.5687938
20736 -1.1809697
20836 0.21216106
20937 1.4295073
21036 2.4753723
21138 3.305708
21237 3.7367802
21336 3.8289318
21437 3.751912
21537 3.7077208
21637 2.9892716
21737 1.5174279
21837 -0.16844797
21921 -1.2277341
22022 -2.5756993
22121 -3.6045141
22222 -4.188661
22321 -4.263659
22422 -4.0617847
22522 -3.4050364
22623 -2.4413543
22722 -0.8736582
22822 0.48917055
22922 1.7927527
23023 2.7858171
23124 3.4905348
23223 3.8641825
23324 3.9300642
23424 3.9123077
23524 3.726637
23624 2.767839
23725 1.92806
23825 0.2336564
23924 -1.2423751
24025 -2.6698298
24125 -3.5417671
24226 -4.00801
24325 -4.008367
24426 -3.776273
24526 -3.0735426
24626 -2.06417
24726 -0.15691614
24826 1.1450524
24926 2.5439796
25026 3.413599
25127 3.9899092
25226 4.0915394
25327 4.0937023
25427 3.7728148
25527 3.2841911
25627 1.915957
25728 0.46407223
25828 -0.899354
25927 -2.211009
26029 -3.42788
26128 -4.1498303
26229 -4.3659086
26328 -4.193289
26429 -3.5873137
26529 -2.3270628
26629 -0.9598646
26729 0.46963358
26830 1.5499182
26930 2.6380706
27029 3.37086
27131 3.7976255
27230 4.006611
27330 4.0853415
27430 4.0000896
27530 3.3500395
27630 1.7716584
27730 0.13147831
27830 -1.5147545
27998 -3.3877928
28098 -4.142551
28198 -4.282829
28298 -4.169729
28398 -3.8173075
28501 -3.1005445
28598 -1.8004825
28700 -0.07270002
28799 1.2234297
28900 2.5276504
28999 3.3738718
29099 3.8830776
29200 4.03652
29300 4.006915
29400 3.7344246
29500 2.8002234
29600 1.2459116
29700 -0.18536663
29801 -1.5353947
29902 -2.752607
30001 -3.6128874
30102 -4.0960355
30202 -4.2014937
30301 -4.029851
30402 -3.52218
30502 -2.480846
30603 -0.8728628
30703 0.54768753
30803 2.0803275
30903 3.148981
31002 3.995328
31103 4.2959614
31202 4.4157047
31303 4.4049034
31403 4.298086
31504 4.1821194
31604 3.977705
31705 3.1173744
31805 1.6486907
31904 0.45684052
32005 -0.8976383
32105 -2.1955743
32205 -3.0542357
32305 -3.6037107
32405 -3.7723618
32507 -3.7864275
32605 -3.6129208
32706 -3.30802
32805 -2.531405
32907 -0.88111496
33006 0.608613
33107 2.0442343
33206 3.2368803
33307 3.911827
33407 4.120532
33507 4.145439
33607 4.119873
33707 3.8702164
33808 3.0637264
33907 2.2775788
34007 0.6350064
34108 -0.7933397
34208 -2.2868247
34308 -3.2719345
34409 -3.9566026
34508 -4.4150925
34592 -4.4743986
34693 -4.365401
34792 -4.151101
34892 -3.1860616
34993 -1.6094022
35093 -0.106612206
35193 1.402194
35294 2.6080284
35393 3.5423298
35494 4.0795727
35596 4.135126
35693 4.141659
35795 3.9692602
35894 3.6948147
35994 2.6833673
36096 1.206007
36195 -0.39857054
36295 -2.0654578
36395 -3.1638951
36496 -3.993949
36595 -3.9264946
36696 -3.8747785
36796 -3.6266394
36896 -3.1505642
36997 -2.148559
37096 -0.88489103
37197 0.7640629
37296 2.1357603
37397 3.1443768
37496 3.4762087
37596 3.3956623
37697 3.1334486
37799 2.623932
37897 1.5380073
37998 0.21378231
38098 -1.2004781
38197 -2.722024
38299 -4.2219415
38398 -4.846351
38499 -4.999268
38599 -4.94572
38700 -4.705609
38798 -3.8316214
38899 -2.2006316
38999 -0.52843237
39099 0.9473963
39200 2.0810738
39300 2.8862357
39399 3.5106306
39499 3.766961
39601 3.7804174
39700 3.7694845
39801 3.5996037
39900 2.8493896
40001 1.4897118
40101 0.18402624
40201 -0.8931217
40301 -2.1635354
40401 -3.0410664
40503 -3.69441
40601 -4.0562687
40702 -4.092477
40803 -3.9096477
40904 -3.2050989
41002 -2.0312274
41103 -0.80045986
41203 0.45888186
41303 1.4019165
41402 2.3997412
41503 3.06641
41604 3.5111942
41704 3.6919756
41804 3.812028
41904 3.7335358
42004 3.577654
42103 3.3320103
42204 2.0477233
42305 0.35119247
42404 -0.87030506
42505 -2.1161065
42605 -3.056818
42706 -3.738779
42805 -4.0663576
42906 -4.108884
43006 -3.963152
43106 -3.2890515
43206 -1.7377975
43306 -0.22425032
43407 1.176259
43506 2.203621
43607 3.031911
43706 3.4742098
43807 3.7900457
43908 3.8141756
44008 3.8007393
44108 3.6577778
44208 3.0960941
44292 1.787539
44408 0.09461498
44508 -1.393327
44608 -2.4986415
44742 -3.5431037
44842 -3.8474689
44943 -3.8483448
45043 -3.4881065
45143 -2.8950412
45243 -1.4479549
45343 0.15964413
45443 1.5826645
45543 2.6092978
45647 3.4381847
45743 3.9464664
45846 4.140913
45944 4.149416
46045 4.11467
46144 3.9620075
46245 3.6791
46345 2.3278933
46445 0.9280195
46545 -0.47165394
46645 -1.8757195
46747 -3.1496236
46845 -3.7601323
46946 -3.8276358
47046 -3.3591309
47146 -2.562716
47246 -1.1082301
47346 0.33399105
47446 1.5053301
47547 2.2689729
47631 2.7414346
47747 3.0935192
47832 3.15769
47931 3.0559978
48032 2.4906044
48131 1.1323977
48231 -0.20481873
48331 -1.4833424
48433 -2.5520499
48534 -3.2830398
48634 -3.6018453
48734 -3.647547
48834 -3.3312685
48935 -2.5560722
49035 -1.1775475
49135 0.17701054
49235 1.5555182
49335 2.7942567
49435 3.6611576
49536 3.89917
49636 3.9590397
49735 3.7637959
49836 3.3070793
49936 2.1944795
50036 0.8966985
50138 -0.5116048
50236 -1.8305926
50337 -3.0178008
50436 -3.500105
50537 -3.5659275
50637 -3.286831
50737 -2.7556953
50837 -1.3954442
50938 0.027716637
51038 1.4647722
51138 2.6200495
51238 3.5485573
51338 3.8772297
51440 3.9704933
51539 3.861825
51639 3.1504993
51739 2.0038886
51840 0.37786388
51939 -1.0303721
52039 -2.2421842
52142 -3.249868
52239 -3.5952811
52340 -3.588606
52440 -3.3203602
52541 -2.493445
52641 -1.1220737
52740 0.3176856
52841 1.7236471
52941 2.698255
53041 3.4285002
53143 3.7957573
53243 3.800004
53342 3.5723839
53440 2.8825302
53540 1.6779556
53642 0.14495373
53740 -0.98778534
53841 -2.2403283
53940 -3.1895454
54041 -3.5241172
54141 -3.5728388
54241 -3.4035604
54341 -2.9717247
54441 -2.0764766
54543 -0.5684409
54642 0.70343876
54741 2.029377
54841 2.8637605
54943 3.4366503
55042 3.5929394
55143 3.6089096
55242 3.3813896
55343 2.649592
55442 1.5183015
55543 0.313138
55643 -0.8906598
55745 -2.068456
55844 -2.6759522
55944 -2.9861538
56044 -3.0328388
56143 -3.014096
56245 -2.917434
56344 -2.4719555
56444 -1.1333244
56544 0.35230732
56645 1.3502026
56745 2.300396
56845 2.9513807
56945 3.3768864
57046 3.4536972
57146 3.2930212
57246 2.8711915
57346 1.4678965
57446 0.09184599
57546 -0.99928045
57648 -2.0858626
57747 -2.9060304
57847 -3.4606078
57947 -3.6659832
58047 -3.5441527
58148 -3.3593771
58248 -2.966747
58348 -1.5902629
58448 -0.29017353
58548 0.9073663
58648 2.0043883
58749 2.9959068
58848 3.6268864
58950 3.8908024
59049 3.9245062
59149 3.8934116
59233 3.6096058
59349 2.763134
59449 1.2568655
59533 0.10599232
59635 -1.1718705
59751 -2.2122588
59835 -2.689962
59934 -3.0842996
60034 -3.1005702
60134 -2.9684641
60234 -2.7296112
60334 -1.9702811
60435 -0.72810745
60536 0.46708345
60635 1.4339867
60735 2.4072328
60835 3.0125484
60936 3.5088177
61037 3.6287737
61136 3.582942
61236 3.3363247
61336 2.629078
61438 1.35675
61536 0.1913209
61637 -1.0096745
61754 -2.2629178
61838 -2.9729397
61937 -3.143992
62038 -3.164105
62138 -3.1785426
62237 -3.003429
62337 -2.3372734
62438 -1.1104538
62538 0.23926973
62638 1.1508055
62739 2.1508598
62839 2.9444542
62939 3.50737
63039 3.6090755
63139 3.5497217
63239 3.288885
63339 2.589301
63440 1.3484774
63539 -0.008831501
63640 -1.3306453
63740 -2.3773427
63840 -3.1387465
63940 -3.4412372
64041 -3.4925482
64141 -3.4166
64241 -3.2365634
64342 -2.531406
64441 -1.2757373
64541 0.21622753
64642 1.5956945
64743 2.7258124
64841 3.501934
64942 3.8085375
65042 3.8323765
65142 3.6589088
65243 3.4696121
65343 3.0639114
65443 1.622817
65544 0.20087957
65644 -1.0952058
65743 -2.260587
65843 -3.1692815
65944 -3.3176148
66044 -3.3506281
66143 -3.3567243
66244 -3.2361095
66345 -2.6682608
66444 -1.3257527
66546 0.32532787
66644 1.633771
66745 2.8956947
66846 3.6581144
66945 3.8228693
67045 3.7492638
67146 3.4357433
67246 2.9171357
67346 2.2436628
67446 0.8084426
67546 -0.4744358
67647 -1.8098567
67746 -2.7873588
67847 -3.5621548
67947 -3.82192
68048 -3.77289
68148 -3.506766
68247 -3.1486568
68348 -2.1982527
68448 -0.47882795
68548 1.0429044
68648 2.4254317
68749 3.4444904
68849 3.993659
68948 4.0546446
69232 2.9334044
69333 1.7687049
69435 0.21226788
69533 -0.9995885
69618 -2.11456
69717 -3.1491268
69833 -3.7419808
69934 -3.869922
70034 -3.7686646
70120 -3.5352902
70451 0.6759529
70552 2.3328133
70651 3.6876926
70752 4.4017706
70851 4.5659733
70952 4.408313
71052 3.9796371
71152 3.334014
71252 2.7450266
71352 1.7060914
71453 0.18031597
71553 -1.3609223
71638 -2.5582986
71753 -3.5792449
71837 -3.9137735
71937 -3.8335488
72054 -3.5865786
72137 -3.2824523
72238 -2.638005
72339 -1.108398
72438 0.24608326
72537 1.4168944
72638 2.3050957
72739 2.9182153
72839 3.160963
72938 3.2301722
73039 3.218832
73139 3.0834055
73240 2.6719446
73339 1.4606323
73440 -0.055010796
73540 -1.2443588
73641 -2.4053514
73740 -3.1757174
73841 -3.517888
73941 -3.652569
74041 -3.5005302
74141 -3.1998544
74241 -2.7321792
74341 -1.6649787
74441 -0.30019474
74541 0.91080046
74641 1.960824
74742 2.8064942
74842 3.2093935
74942 3.3509178
