10 -3.2617538
110 -2.6730485
211 -1.8657458
311 -0.50493336
410 0.9637947
511 1.98454
611 2.63943
711 3.1093254
811 3.2003202
911 3.055521
1013 2.4056816
1112 1.6060815
1213 0.7157545
1313 -0.39766407
1414 -1.3323574
1514 -2.2476707
1614 -2.910898
1715 -3.0484645
1815 -2.923424
1915 -2.3787086
2015 -1.7335205
2116 -0.56475925
2215 0.2134161
2316 1.7472811
2416 2.7188559
2517 3.1328154
2617 3.2661972
2717 3.2247448
2818 2.90899
2917 2.2896285
3017 1.4151716
3117 0.24300289
3219 -0.8843789
3319 -1.5470936
3419 -2.3172116
3502 -2.9173396
3602 -2.9403248
3702 -2.929677
3803 -2.234238
3903 -1.1677258
4003 -0.15962648
4104 1.0521083
4205 2.3965254
4305 2.5869842
4405 3.1569462
4504 3.301897
4606 3.193283
4706 2.4093375
4806 1.4293976
4907 0.069314
5007 -1.2266145
5107 -1.87499
5207 -2.7008324
5307 -3.030624
5408 -2.628722
5508 -2.3504205
5607 -1.7792764
5709 -1.0762115
5808 -0.06649113
5908 1.0758867
6009 1.7646255
6110 2.2184
6209 2.691306
6310 2.5546503
6411 1.8931785
6510 0.7891531
6610 -0.27898026
6710 -1.7033463
6811 -2.6451974
6912 -3.2463193
7012 -3.445739
7112 -3.4524608
7212 -2.923086
7313 -2.0164733
7413 -0.6847682
7513 0.31354046
7613 1.3750696
7714 2.020461
7814 2.338019
7913 2.5750833
8015 2.4698844
8115 1.9819975
8215 0.9024787
8315 -0.25447083
8415 -1.3632636
8516 -2.416191
8615 -2.829308
8717 -2.998952
8816 -2.8716116
8917 -2.4959815
9017 -1.5073943
9117 -0.36028194
9218 0.7111473
9318 1.8177667
9418 2.438521
9518 2.9566088
9619 3.0871906
9719 2.9921432
9819 2.4627113
9902 1.62675
10002 0.33084965
10104 -0.9488287
10204 -1.9188619
10304 -2.7256527
10404 -3.2097902
10505 -3.3163066
10605 -3.254674
10704 -2.7142768
10805 -1.0479825
10906 0.07474041
11006 1.1112161
11106 2.0781035
11206 2.4330735
11307 2.6851501
11407 2.699202
11507 2.2953324
11842 -1.7636714
11942 -2.66372
12041 -3.3049302
12142 -3.349231
12243 -3.1461148
12343 -2.129661
12442 -0.57624483
12543 0.41297913
12643 1.6473207
12743 2.2298532
12843 2.7298594
12944 2.900795
13045 2.8769417
13144 2.4541168
13245 1.5373373
13346 0.19520521
13445 -1.0221989
13546 -2.3555574
13646 -3.2169704
13747 0.0
13847 0.0
13946 0.0
14031 0.0
14131 0.0
14231 -1.2012069
14332 0.5861006
14432 1.6813383
14532 2.6942987
14632 3.2732067
14732 3.5731335
14832 3.4219494
14933 2.8431168
15033 1.6923609
15134 0.70079327
15234 -0.736639
15334 -2.19451
15434 -3.0442173
15534 -3.3230681
15635 -3.4314406
15734 -3.1424038
15836 -1.6697712
15935 -0.21183634
16036 1.2668681
16135 2.6432734
16236 3.4935522
16337 3.8983498
16437 3.794961
16537 3.1088037
16637 2.2733512
16738 1.6058745
16838 0.7070732
16938 -0.42797804
17039 -1.2445226
17139 -1.2947192
17239 -0.9146905
17339 -0.08297348
17440 1.0975819
17539 2.193602
17641 2.6901588
17741 2.8735976
17840 2.7987642
17940 1.9932351
18041 0.78874683
18141 -0.7456026
18241 -2.0607498
18341 -2.8137763
18442 -3.4977973
18543 -3.822592
18643 -3.8829432
18742 -3.5326438
18844 -3.0726373
18944 -1.84502
19044 -0.663054
19144 0.535573
19245 1.5062652
19345 2.0544443
19445 2.7714663
19545 3.069066
19645 3.1579494
19746 3.164876
19845 2.8842287
19947 1.6123338
20046 0.21764517
20147 -1.1029
20230 -2.042095
20330 -2.996515
20431 -3.663092
20532 -3.954712
20632 -3.9629045
20731 -3.8607116
20832 -3.2883077
20933 -1.9148831
21032 -0.7521124
21133 0.5755787
21232 1.841999
21334 3.0458307
21434 3.7355518
21534 3.8637924
21634 3.8913822
21734 3.8714705
21835 3.6214952
21934 2.709404
22036 1.354631
22136 0.13016605
22236 -1.0388145
22336 -1.8567815
22436 -2.7596798
22536 -3.0832944
22637 -3.0908208
22737 -3.0223844
22837 -2.8551507
22937 -2.2534409
23038 -1.052211
23138 -0.170712
23238 0.85790825
23339 1.6954546
23439 2.699881
23539 3.110756
23639 3.2318668
23740 3.1970768
23840 3.0409603
23940 2.5310173
24041 1.2432313
24141 -0.29990387
24241 -1.3694122
24342 -2.1892123
24441 -3.1315515
24542 -3.3972251
24642 -3.3782916
24743 -3.2308922
24843 -2.7678792
24943 -1.6986172
25043 -0.4210577
25143 0.9509311
25244 2.2722435
25344 3.030467
25445 3.4833698
25545 3.6332998
25645 3.6354809
25745 3.5792255
25845 3.4588194
25946 2.7113748
26046 1.2777624
26146 -0.4240284
26247 -1.5135663
26346 -2.7434993
26447 -3.3935027
26548 -3.6101172
26630 -3.6872187
26732 -3.6671705
26832 -3.6118338
26932 -3.1717942
27032 -1.6768856
27133 -0.12533283
27233 1.2128534
27333 1.8415122
27433 2.8261223
27533 3.4866676
27634 3.5160847
27734 3.2763023
27834 2.4729624
27934 1.3435345
28034 -0.045783997
28135 -1.2089329
28234 -2.227254
28336 -3.0005777
28436 -3.4084096
28536 -3.5035636
28636 -3.499741
28736 -3.4010103
28837 -3.1348417
28937 -1.8925524
29038 -0.7046094
29138 0.60548353
29238 1.6798677
29338 2.6965537
29438 3.1388245
29538 3.2165022
29639 3.1941433
29739 3.0815182
29839 2.7764578
29939 2.0835905
30040 0.77330065
30140 -0.61821747
30241 -1.4377682
30341 -2.0795016
30441 -2.9384704
30541 -3.5559783
30642 -3.65564
30742 -3.6122952
30842 -3.000566
30943 -1.7360885
31043 -0.99133015
31143 -0.3016858
31243 0.67514515
31343 1.6673594
31443 2.9661245
31544 3.3344984
31644 3.4031773
31745 3.372281
31845 3.1269236
31945 2.248838
32045 0.8785968
32146 -0.53724766
32246 -1.6446729
32346 -2.9048629
32446 -3.9006367
32547 -4.252998
32647 -4.4128976
32731 -3.9895246
32831 -3.2196472
32930 -2.1431346
33032 -0.82819176
33132 0.44735813
33232 1.5221534
33331 2.2180796
33433 2.9958649
33533 3.6957893
33632 4.1085644
33733 4.2922316
33834 4.2284346
33934 3.7823772
34034 2.7371254
34134 1.8598084
34235 0.9534159
34335 -0.19884872
34435 -1.5254207
34536 -2.52707
34636 -3.0060315
34736 -3.272312
34836 0.0
34936 0.0
35037 0.0
35137 0.0
35237 -0.97861195
35338 0.6360178
35438 1.579576
35538 2.5194488
35638 3.3258696
35739 3.8286705
35839 3.9865894
35939 3.948927
36039 3.5036888
36139 2.6787605
36240 1.6075096
36340 0.114497185
36440 -1.2982166
36541 -2.1474617
36641 -2.7394383
36741 -3.5222132
36842 -3.7482264
36942 -3.7408824
37041 -3.3429925
37143 -1.428309
37243 0.03746128
37343 1.7898445
37443 3.1141672
37544 3.8390265
37644 4.1755524
37744 4.23724
37844 4.050728
37945 3.8456554
38045 3.7315664
38144 3.573473
38245 3.2027416
38345 1.8998566
38446 0.76836824
38546 -0.80746555
38646 -2.1852987
38747 -2.8957596
38847 -3.5475986
38947 -3.9344845
39030 -3.857994
39130 -3.5427954
39232 -2.985516
39332 -1.7333596
39432 -0.66679335
39532 0.4821744
39632 1.4490194
39733 2.206324
39833 2.6392388
39933 2.7765603
40032 2.752964
40134 2.6112962
40234 2.1908607
40334 1.3835301
40435 0.4163351
40535 -0.6166482
40635 -1.6784523
40734 -2.5866354
40836 -3.347981
40936 -3.7758353
41036 -3.7934914
41137 -3.671795
41237 -3.4121647
41337 -2.4418936
41437 -0.9295225
41537 0.30469704
41638 1.1504312
41738 1.8852782
41838 2.395237
41938 2.6200676
42039 2.709076
42139 2.6917853
42238 2.4700937
42340 1.6261826
42440 0.3670864
42539 -0.8328066
42641 -2.119044
42740 -3.1488874
42841 -3.4836898
42941 -3.5692973
43041 -3.5564773
43142 -3.521447
43242 -3.4435024
43342 -3.3463712
43443 -2.2348416
43543 -0.7640648
43643 0.6048479
43743 1.5175261
43844 2.323053
43944 2.8196435
44044 3.0036478
44144 2.993566
44245 2.918683
44345 2.8467736
44445 2.711413
44546 2.0832734
44646 0.9723058
44746 -0.34564877
44846 -1.3469937
44946 -2.304462
45047 -2.8963983
45147 -3.2313502
45231 -3.2489343
45331 -3.2591224
45430 -3.2304292
45532 -3.1677384
45631 -2.6548777
45732 -1.4269948
45832 -0.2418437
45933 0.9412818
46033 1.7686601
46133 2.4037232
46233 2.6438804
46333 2.778882
46434 2.6067872
46534 2.4049377
46701 2.289051
46802 2.0770392
46902 1.1294537
47002 -0.18953037
47102 -1.4211688
47202 -2.1586583
47303 -2.7015083
47403 -2.8134816
47503 -2.8070831
47604 -2.746527
47704 -2.6675506
47804 -2.3370252
47905 -1.4455285
48005 -0.08863115
48104 1.3632512
48205 2.2272367
48288 2.5047264
48388 2.81215
48489 2.8688316
48590 2.7700434
48690 2.502612
48790 1.8153968
48890 0.48749304
48990 -0.8748183
49091 -2.025003
49190 -2.9401157
49292 -3.5852728
49391 -3.9239902
49492 -3.9564383
49592 -3.7504709
49693 -3.4710555
49793 -3.0298717
49893 -2.010506
49993 -0.7546282
50094 0.5221038
50194 1.5470171
50294 2.2719994
50394 2.536438
50495 2.5826492
50595 2.5627317
50695 2.3527946
50796 1.3659191
50895 0.024502754
50995 -1.2060401
51096 -2.2070718
51196 -3.1572013
51296 -3.3892956
51397 -3.6706774
51497 -3.8691437
51598 -3.8427374
51698 -3.5500968
51798 -2.771515
51899 -1.3731785
51998 -0.1503458
52099 1.0530262
52199 1.9351339
52300 2.4033585
52400 2.6348467
52500 2.684268
52600 2.6669378
52700 2.461732
52801 1.724504
52901 0.9176793
53001 -0.16894388
53102 -1.5858479
53202 -2.7033832
53301 -3.3387032
53402 -3.4889212
53503 -3.5050979
53603 -3.4652417
53703 -3.3716626
53803 -2.623017
53904 -1.3023026
54004 -0.096455574
54104 0.8086672
54205 1.5571504
54305 2.1935081
54405 2.4859643
54488 2.5017824
54588 2.385583
54688 2.2298064
54790 1.91464
54890 1.2168531
54990 -0.41166115
55090 -1.5096562
55191 -2.4735923
55291 -3.2419467
55391 -3.947676
55492 -4.225958
55592 -4.1454506
55692 -3.8491569
55792 -3.0716329
55892 -1.972012
55993 -0.8669443
56093 0.40176296
56193 1.6281195
56294 2.7055726
56394 3.2566166
56494 3.4058552
56594 3.5373669
56695 3.3875685
56795 3.2322206
56895 2.8129525
56995 1.505086
57096 0.18339682
57196 -1.2579365
57296 -2.1793022
57397 -2.8349495
57497 -3.0598254
57597 -3.0798492
57697 -3.0144076
57797 -2.9450433
57898 -2.220058
57998 -0.8393469
58098 0.27835417
58198 1.0673261
58299 1.8953066
58399 2.3101187
58499 2.5413513
58599 2.6075644
58700 2.5529633
58800 2.237072
58900 1.7065597
59000 0.7294302
59101 -0.32320452
59200 -1.3516254
59302 -2.4337404
59402 -2.940086
59502 -3.2981324
59603 -3.4265068
59703 -3.4450142
59803 -3.4065773
59903 -3.3034196
60003 -2.4442153
60104 -1.0249009
60203 0.053851604
60304 1.2445226
60405 2.1990538
60505 2.7747917
60605 3.063055
60704 3.142933
60788 3.0858488
60889 2.9033422
60990 2.564115
61089 2.0107145
61190 1.1442351
61290 -0.09086704
61390 -1.0240543
61491 -1.9245877
61591 -2.9072948
61691 -3.213821
61792 -3.2874007
61892 -3.2407246
61992 -2.9549901
62092 -2.1819367
62192 -1.0444648
62293 -0.081809044
62393 0.93242836
62494 1.8069944
62594 2.3656526
62694 2.8077073
62794 2.954225
62895 2.9535818
62995 2.6680117
63094 1.9918566
63194 1.0112648
63296 -0.20408916
63396 -1.2825439
63496 -2.0609288
63596 -2.9464786
63696 -3.5359194
63796 -3.81733
63896 -3.8402033
63998 -3.7468042
64097 -3.3442473
64197 -2.405765
64298 -1.248724
64398 -0.26021862
64498 0.7176895
64599 1.5139022
64699 2.0858436
64800 2.3844757
64900 2.5739312
65000 2.5639596
65101 2.2523856
65201 1.2584295
65300 0.34244013
65519 -1.8495629
65618 -2.9441652
65718 -3.5942502
65819 -3.9023895
65919 -3.9374514
66020 -3.9069662
66119 -3.6870728
66220 -2.8551385
66320 -1.5507245
66421 -0.39152575
66521 0.7122307
66621 1.5317054
66722 2.089301
66821 2.3491983
66921 2.4325166
67022 2.445356
67123 2.2738466
67223 1.6638589
67322 0.8548746
67424 -0.10875893
67524 -1.051786
67624 -2.2252178
67723 -3.2183676
67825 -3.6649036
67924 -3.9702787
68025 -4.036189
68125 -3.9926145
68226 -3.694683
68326 -2.8839552
68425 -1.7048879
68526 -0.6963334
68627 0.5424571
68727 1.5275064
68827 2.3187547
68927 2.7914114
69011 2.9997864
69110 3.0394573
69211 3.0137157
69312 2.56985
70481 -3.0477226
70581 -1.6648128
70681 -0.3832941
70782 0.6734953
70883 1.743547
70983 2.4002066
71083 2.6406107
71183 2.6972342
71284 2.473886
71384 1.7660675
71483 0.5503497
71567 -0.30643368
71667 -1.5270054
71767 -2.5744824
71869 -3.2999763
71969 -3.5901887
72069 -3.686788
72170 -3.4664578
72269 -2.5366266
72369 -1.0592313
72470 0.1495533
72570 1.1934385
72671 2.086773
72771 2.9962854
72871 3.3890305
72972 3.4746046
73071 3.4521303
73172 3.2643995
73271 2.7375479
73372 1.541337
73473 0.32441044
73573 -1.1989334
73673 -2.6603808
73773 -3.3551614
73873 -3.8415906
73973 -4.0178165
74074 -3.9985383
74175 -3.7922764
74275 -3.129037
74375 -2.151683
74475 -1.1814914
74576 0.08736086
74675 1.1589613
74776 2.1265364
74877 2.640129
74977 2.7270217
