38 -0.7386193
138 -1.0747292
237 -1.2289348
338 -1.2372272
439 -1.1117394
538 -0.47179365
639 0.27795315
721 1.0491734
821 1.5525079
921 1.8549881
1021 1.904252
1121 1.7163124
1221 0.98630047
1323 0.24173403
1423 -0.4913702
1740 -1.4499454
1839 -1.3993409
1939 -1.0025342
2041 0.098441124
2141 1.0380058
2242 1.6565771
2342 2.002843
2442 2.0705862
2542 2.0814886
2642 1.4967332
2742 0.16548252
2842 -0.66200733
2943 -1.0100803
3043 -1.2516015
3143 -1.3245113
3243 -1.2791913
3343 -0.9653001
3443 -0.41212368
3843 1.7506523
3944 1.9764566
4045 2.0103912
4145 2.0107803
4245 1.8890638
4345 1.1951256
4445 0.57145214
4545 -0.07239008
4645 -0.5873833
4746 -1.0716958
4846 -1.3119419
4946 -1.3507206
5046 -1.0739403
5146 -0.70097923
5246 0.21160555
5346 0.8641553
5447 1.4725633
5547 1.951828
5647 2.0853767
5747 2.0760522
5847 1.8505378
5947 0.9518328
6047 0.2816
6148 -0.4100361
6248 -0.84579086
6348 -1.1903527
6448 -1.3152008
6549 -1.2129848
6648 -0.9472623
6748 -0.54391384
6849 0.18350267
6949 0.9632807
7049 1.5820398
7149 1.8711944
7249 1.8806596
7350 1.6406603
7684 -0.41844845
7783 -1.0764
7884 -1.4752438
7985 -1.451215
8084 -1.3520043
8185 -0.7623968
8285 -0.19109726
8385 0.59134674
8485 1.2616739
8586 1.8270288
8685 2.0041733
8785 1.9858294
8868 1.6860595
8968 0.8388753
9068 0.21804333
9168 -0.4296074
9268 -0.81670666
9368 -0.9534502
9470 -0.8654008
9571 -0.41130304
10004 1.7716837
10086 1.8469863
10186 1.8522468
10288 1.6326246
10388 0.9714103
10805 -0.693912
10905 -0.68682194
11006 -0.510643
11107 0.19293022
11207 0.861722
11307 1.4401603
11407 1.8517389
11507 1.9968863
11824 1.1828551
11925 0.47589588
12024 -0.08182335
12124 -0.5158992
12224 -0.6965656
12324 -0.78097105
12425 -0.6930971
12526 -0.22448921
12626 0.561965
12726 1.1623774
12826 1.8257933
12926 2.1533966
13026 2.264254
13127 2.2025833
13227 1.7782068
13326 1.0491171
13427 0.10736561
13527 -0.7010193
13627 -1.2541587
13727 -1.3492539
13828 -1.243671
13927 -0.8141451
14027 -0.26994705
14128 0.3858366
14228 0.834887
14328 1.2357922
14429 1.5363083
14529 1.6206961
14629 1.5784631
14729 1.414321
14829 0.9179921
14929 0.5708003
15030 0.06710148
15129 -0.41594076
15230 -0.7852664
15330 -1.0022182
15430 -1.0456352
15530 -0.9988227
15630 -0.67706966
15731 0.19970274
15831 0.79308414
15931 1.2782807
16031 1.708148
16131 1.9439645
16231 1.9350829
16332 1.5042582
16431 0.7844405
16532 0.09379482
16632 -0.53990984
16732 -1.0370765
16832 -1.3622048
16933 -1.4473584
17033 -1.5457027
17132 -1.5909958
17233 -1.6338356
17334 -1.5899911
17434 -0.795166
17534 0.11282396
17616 0.559814
17716 1.047925
17816 1.6698661
17916 2.0122309
18016 2.0807824
18116 2.0290666
18217 1.4802284
18319 0.4972248
18419 -0.46142387
18519 -1.1691785
18619 -1.5749233
18719 -1.8301072
18819 -2.0343928
18919 -2.0861595
19020 -1.9938817
19120 -1.4303329
19220 -0.553637
19320 0.33814716
19420 1.1908464
19520 2.247313
19620 2.689866
19721 2.8033152
19821 2.8226938
20154 1.0649085
20254 0.34219265
20355 -0.47203732
20456 -1.0687091
20555 -1.7024217
20656 -1.9076977
20756 -1.9971075
20855 -1.9292567
20956 -1.381469
21056 -0.38585472
21157 0.544425
21257 1.3745403
21356 1.9036989
21457 2.3548417
21857 2.105442
21939 1.4771042
22041 0.8094902
22141 0.09404898
22242 -0.79823875
22342 -1.451591
22442 -1.9219136
22542 -2.2383547
22642 -2.3475726
22742 -2.3350873
22843 -2.0010026
22943 -0.90766287
23043 0.16787243
23143 1.100749
23243 1.976758
23343 2.6065316
23443 2.9681382
23544 3.1045275
23644 3.1078625
23744 3.0624676
23844 2.8746862
23944 2.295858
24312 -0.92503834
24412 -1.4706459
24512 -1.78124
24612 -1.9369242
24712 -1.9733891
24812 -1.8903649
24912 -1.610374
25013 -0.6845269
25113 0.4295435
25213 1.1956301
25313 1.8975625
25413 2.222261
25513 2.271675
25613 2.0898352
25713 1.6534872
25815 0.9411359
25914 0.14439678
26014 -0.74234295
26114 -1.2657573
26214 -1.5992508
26314 -1.7842343
26415 -1.9486072
26515 -2.0005298
26615 -1.9902501
26715 -1.8561251
26815 -1.1926427
26915 -0.3307762
27017 0.5666332
27116 1.5083618
27216 2.1919775
27317 2.4628344
27416 2.4365602
27517 2.2470489
27617 2.0834007
27718 1.8080916
27818 1.1839886
27917 0.2321825
28018 -0.7428951
28118 -1.3267803
28435 -2.0841937
28535 -2.0445876
28635 -1.9011762
28735 -1.5967801
28836 -0.75101185
28936 0.144701
29036 0.8976331
29136 1.6195364
29236 1.933609
29336 1.9464278
29436 1.7434297
29537 1.2627611
29637 0.5542445
29737 -0.33374596
29837 -0.9261112
29938 -1.4340134
30038 -1.8738911
30138 -2.0544567
30239 -2.0736945
30338 -1.9413581
30439 -1.4109147
30538 -0.52964973
30639 0.424191
30739 1.1859694
30839 1.8291855
30940 2.0556054
31039 2.0724664
31139 1.9232407
31240 1.4235015
31340 0.5724716
31440 -0.35683966
31541 -1.1450207
31640 -1.7331185
31741 -2.2222524
31840 -2.4993372
31941 -2.6223369
32041 -2.629109
32142 -2.5172238
32242 -1.9551711
32342 -0.90412664
32442 0.0042037964
32542 0.8529792
32643 1.6940126
32742 2.2482438
32843 2.488459
32943 2.5177674
33043 2.4140067
33143 2.1098647
33243 1.667038
33343 0.9443116
33443 -0.0043206215
33544 -0.98189545
33643 -1.6191463
33744 -2.0478196
33844 -2.2015607
33945 -2.1692684
34044 -1.932123
34145 -1.4383302
34245 -0.62895584
34345 0.3030405
34445 1.3935022
34546 1.7504706
34646 1.8077593
34745 1.7528763
34845 1.6445327
34946 1.5259771
35047 1.1730242
35147 0.1825118
35247 -0.6660533
35347 -1.2734814
35429 -1.5195553
35529 -1.797545
35629 -1.9063625
35730 -1.9150267
35829 -1.8785784
35929 -1.3646083
36031 -0.24444675
36132 0.84898615
36232 1.7120109
36332 2.3929338
36432 2.8412523
36766 2.8506675
36866 2.2231026
36966 1.2597303
37066 0.25844908
37166 -0.6821985
37266 -1.54165
37367 -2.0498328
37734 -2.1764712
37835 -1.6989727
37934 -0.8798647
38035 0.32868814
38135 1.4725585
38235 2.1571693
38335 2.5629854
38436 2.6891122
38536 2.6488357
38635 2.3606606
38735 1.692533
38836 0.72746277
38936 -0.10846043
39036 -0.74788713
39137 -1.4495285
39237 -1.8621268
39337 -2.1154578
39437 -2.2875414
39538 -2.3121858
39637 -2.118848
39738 -1.0162838
39837 0.34345007
39937 1.4085479
40038 2.3356218
40138 2.7669754
40238 2.9085336
40339 2.9064703
40439 2.6832466
40539 2.142015
40639 1.2297945
40739 0.28136492
40840 -0.6829715
40940 -1.425586
41040 -1.8975778
41140 -2.4146903
41240 -2.6231678
41339 -2.7392044
41440 -2.7120028
41540 -2.308
41641 -1.220393
41740 -0.036719322
41823 0.95319414
41923 1.8665857
42023 2.2234092
42123 2.235869
42223 1.9421577
42325 1.5880995
42425 1.0938501
42526 0.3049841
42626 -0.587512
42726 -1.447937
42826 -1.9757879
42926 -2.384826
43026 -2.583352
43126 -2.6549506
43227 -2.6665876
43327 -2.6221042
43427 -2.2059457
43527 -1.2343731
43627 -0.02702427
43727 1.2795043
43827 2.4035578
43928 2.5304947
44028 2.2876182
44128 2.1552567
44228 2.0254884
44328 1.7456665
44428 0.91359997
44529 -0.37799406
44629 -1.4435813
44729 -2.1301825
44829 -2.4644475
44929 -2.6098194
45029 -2.6659424
45129 -2.6640208
45230 -2.619326
45330 -2.0917141
45430 -1.251178
45530 -0.28037643
45630 0.74079275
45730 1.7359557
45830 2.3289528
45931 2.479702
46032 2.3989968
46132 2.0937157
46231 1.3098474
46331 0.41458607
46431 -0.5140729
46531 -1.2569385
46632 -1.8388236
46732 -2.4374633
46833 -2.6286411
46933 -2.6955683
47032 -2.6157598
47132 -1.9913335
47233 -1.212019
47334 -0.3689928
47434 0.5025611
47534 1.3782535
47634 1.9227257
47733 2.018289
47834 1.8892641
47935 1.5582047
48034 1.1051569
48135 0.7023344
48235 0.30351877
48335 -0.006125927
48435 -0.26209736
48536 -0.36303234
48635 -0.33949423
48736 -0.059018135
48836 0.481143
48936 0.91859627
49037 1.206203
49137 1.3586192
49236 1.3867164
49337 1.2974062
49436 0.88587856
49538 -0.164886
49637 -0.866766
49738 -1.3076382
49838 -1.5850399
49938 -1.702251
50038 -1.7928689
50138 -1.8279917
50239 -1.7691982
50339 -1.4322617
50438 -0.65409756
50539 -0.06502676
50639 0.3450632
50739 0.7511668
50840 1.0644789
50939 1.1829004
51040 1.0959468
51139 0.43245935
51240 -0.48146868
51340 -1.250864
51440 -1.6207485
51540 -1.843638
51641 -1.9389725
51741 -1.9126077
51823 -1.7032883
51923 -1.0293076
52023 0.19692516
52123 1.0377736
52223 1.384489
52325 1.4687586
52426 1.3469219
52526 0.97576904
52626 0.45889854
52726 -0.1213994
52826 -0.52570343
52926 -0.77862644
53026 -0.88099813
53126 -0.8444967
53227 -0.5344176
53327 0.17032957
53427 0.89898205
53527 1.3421025
53627 1.5803375
53727 1.6367164
53828 1.6081743
53928 1.3398829
54028 0.5341606
54128 -0.37254667
54228 -0.9475975
54328 -1.0344417
54428 -0.9507694
54529 -0.55956745
54629 0.16561413
54729 0.9367032
54829 1.3407273
54929 1.567338
55030 1.6478143
55129 1.6672606
55230 1.661087
55330 1.5133948
55430 0.8219199
55531 -0.093821526
55630 -0.58097744
55730 -0.7604799
55830 -0.80862665
55931 -0.7926798
56032 -0.7231693
56131 -0.6328101
56231 -0.2888074
56331 0.62936115
56432 1.430356
56782 1.9336548
56883 1.7379088
56983 1.0854654
57082 0.20171404
57183 -0.47936773
57283 -0.71193457
57383 -0.6968384
57484 -0.550704
57584 -0.20428324
57684 0.25277996
57784 0.90910816
57885 1.5556579
57984 2.0963087
58084 2.3849897
58185 2.4333396
58502 1.3707681
58602 0.7412982
58702 0.25263023
58802 -0.08044577
58902 -0.2815628
59003 -0.29760265
59103 -0.28210735
59203 0.12506008
59303 1.1061735
59403 1.8955679
59503 2.1957183
59603 2.2472968
59704 2.1109648
59804 1.7639565
59904 1.3286505
60004 0.8394189
60105 0.39523983
60204 0.041811943
60305 -0.030828476
60406 -0.0020971298
60506 0.11867428
60606 0.3450904
60706 0.88062763
60805 1.555501
60906 2.0548487
61007 2.2044883
61107 2.2111511
61206 2.1260223
61307 1.6213007
61407 1.0472193
61507 0.7994504
61607 0.64351606
61707 0.60796833
61808 0.61685896
61908 0.6762948
62008 0.85497427
62108 1.3307786
62209 1.811099
62309 2.0160637
62408 2.0347924
62509 1.7892122
62609 1.287972
62709 1.0271263
62810 0.9686732
62909 0.95663786
63010 0.95216846
63109 0.9531212
63210 0.99859
63310 1.4723558
63410 2.0855522
63510 2.334035
63611 2.343142
63710 2.234353
63810 1.6950121
63911 0.93532753
64012 0.35653734
64111 -0.12000418
64212 -0.4805131
64311 -0.9224639
64412 -1.11181
64512 -1.1601639
64612 -1.0057259
64713 -0.5268183
64812 0.100357056
64913 0.70387745
65013 0.98873806
65112 1.0684786
65213 1.0351896
65314 0.93078136
65413 0.6866708
65514 0.3358798
65596 -0.06462574
65696 -0.39770842
65796 -0.73006296
65896 -0.80738163
65996 -0.7932515
66096 -0.61312675
66198 -0.14013386
66299 0.46544266
66399 0.94031763
66499 1.4096694
66599 1.6948442
66699 1.8141761
66799 1.772419
66899 1.3613105
67000 0.76079845
67100 0.32832432
67200 0.059790134
67300 -0.19182348
67400 -0.4230585
67500 -0.52351093
67601 -0.5319996
67701 -0.3894143
67801 -0.084879875
67901 0.40883255
68001 0.73227406
68101 0.8868642
68202 0.9388943
68302 0.9481187
68402 0.9291544
68502 0.8547964
68602 0.65666485
68702 0.16565418
68802 -0.23589802
68902 -0.4232359
69003 -0.47963238
69103 -0.46904945
69203 -0.3077011
69587 0.8401456
69669 0.96082926
69769 1.0942035
69869 1.1560993
69971 1.1073666
70071 0.6714802
70172 -0.03431034
70272 -0.6903591
70372 -1.0290787
70472 -1.09603
70572 -0.9707918
70672 -0.6018305
70773 -0.008543491
70873 0.502635
70973 0.9429064
71073 1.351243
71173 1.6880927
71273 1.8118806
71373 1.7813277
71473 1.234262
71574 0.2383852
71674 -0.6687007
71774 -1.0079861
71874 -1.0646801
71974 -0.9248824
72074 -0.44181347
72175 0.086709976
72275 0.6334772
72375 1.1009173
72475 1.4997115
72575 1.7856913
72675 1.8559122
72776 1.5513291
72876 0.65232706
73193 -1.6685796
73294 -1.6655777
73394 -1.4656265
73494 -1.1012561
73593 -0.47483826
73694 0.19466066
73795 0.7378416
73894 1.1931334
73995 1.498723
74094 1.7393885
74194 1.8628416
74295 1.7739587
74396 1.1162653
74496 0.35269117
74596 -0.7357755
74696 -1.2649372
74795 -1.6527858
74896 -1.8185933
74997 -1.8164194
