72 0.0
172 0.0
272 0.0
373 0.0
473 0.0
573 0.0
672 0.0
773 0.0
873 0.0
973 0.0
1074 0.0
1173 0.0
1274 0.0
1374 0.0
1474 0.0
1574 0.0
1674 0.0
1775 0.0
1875 0.0
1975 0.0
2076 0.0
2175 0.0
2276 0.0
2375 0.0
2476 0.0
2576 0.0
2677 0.0
2776 0.0
2876 0.0
2976 0.0
3076 0.0
3177 0.0
3277 0.0
3377 0.0
3478 0.0
3577 0.0
3678 0.0
3777 0.0
3878 0.0
3978 0.0
4078 0.0
4178 0.0
4278 0.0
4378 0.0
4479 0.0
4579 0.0
4679 0.0
4779 0.0
4879 0.0
4980 0.0
5080 0.0
5180 0.0
5280 0.0
5381 0.0
5480 0.0
5581 0.0
5681 0.0
5781 0.0
5881 0.0
5981 0.0
6298 0.0
6398 0.0
6498 0.0
6599 0.0
6699 0.0
6800 0.0
6899 0.0
7000 0.0
7099 0.0
7200 0.0
7300 0.0
7400 0.0
7501 0.0
7600 0.0
7700 0.0
7800 0.0
7900 0.0
8001 0.0
8101 0.0
8201 0.0
8302 0.0
8402 0.0
8501 0.0
8602 0.0
8702 0.0
8802 0.0
8903 0.0
9003 0.0
9103 4.085066
9203 3.835638
9303 0.65129805
9403 -1.5711167
9503 -1.6767936
9603 0.12068987
9704 2.5996885
9804 3.879674
9903 3.3261204
10004 1.5614862
10104 -0.036736965
10205 -1.6731389
10305 -2.3659892
10404 -2.1202152
10505 -0.8835211
10606 0.72285986
10706 2.2260866
10806 2.8080893
10905 2.3578844
11005 0.8638072
11105 -0.48723125
11207 -1.1828303
11306 -0.8260474
11406 0.48951435
11506 1.9421463
11606 2.4657187
11707 2.2413826
11808 0.9423742
11907 -0.6037569
12007 -2.280045
12108 -2.6751044
12208 -2.200531
12308 -0.62198305
12407 1.1269741
12508 2.3496008
12591 2.6563745
12691 2.1518288
12791 0.31137753
12891 -1.3136864
12991 -1.8120298
13091 -1.262521
13191 0.19521809
13292 1.3658595
13392 2.0093355
13493 2.0490236
13593 0.82541466
13693 -0.97282934
13793 -1.870512
13893 -1.9048696
13994 -0.834425
14094 0.7412572
14193 1.9630499
14294 2.7682447
14394 2.913343
14494 2.343305
14594 1.2778621
14695 -0.28339577
14794 -1.4922192
14895 -1.969459
14995 -1.673554
15095 -0.6199665
15196 0.40654945
15313 1.5354309
15395 1.8874388
15496 1.9299498
15596 1.5902071
15697 0.7002034
15797 -0.52290297
15896 -1.4552815
15997 -1.9337904
16098 -1.8789
16197 -1.4903979
16297 -0.6510067
16397 0.56055164
16497 1.5571609
16598 2.6061335
16698 3.0351906
16798 3.1989908
16898 3.229703
16998 3.2240524
17099 3.0305843
17199 1.9516168
17299 1.0344706
17399 0.31810665
17500 0.039500237
17599 -0.17600536
17700 -0.32712507
17800 -0.4022832
17900 -0.40637445
18000 -0.40637445
18101 -0.4882722
18200 -1.3878341
18300 -2.0845933
18401 -2.5060894
18501 -2.828578
18601 -3.1165524
18700 -3.1613955
18801 -3.2025342
18902 -3.218311
19001 -3.2172983
19102 -3.2168899
19202 -3.2071853
19302 -3.0564876
19402 -1.9987693
19503 -0.57067585
19602 0.47568083
19703 1.5459671
19803 2.4927025
19903 3.2663136
20004 3.660822
20103 4.120466
20203 4.2507496
20303 3.995943
20403 3.5411024
20504 2.8164887
20604 1.8935914
20704 0.6655841
20805 -0.3993678
20904 -1.5442986
21004 -2.2641654
21105 -2.899731
21205 -3.2028956
21305 -3.4366336
21405 -3.726421
21505 -3.7915905
21606 -3.4716604
21706 -2.960212
21805 -2.2363455
21906 -1.1524062
22006 -0.062163353
22106 0.68844366
22206 1.5059538
22306 2.3009024
22407 2.9064407
22508 3.4197521
22607 3.7329798
22708 3.838667
22808 3.8353558
22907 3.598236
23008 2.9699478
23108 2.252777
23191 1.4969778
23291 0.2974882
23391 -0.8134141
23491 -2.056264
23591 -2.9208438
23691 -3.3406465
23791 -3.388009
23892 -3.2801263
23992 -2.7222142
24093 -1.8240218
24193 -0.6436553
24293 0.4941845
24393 1.3793516
24493 2.4436746
24593 2.9024148
24694 3.4840393
24794 3.5049295
24894 3.385624
24994 2.948279
25094 2.546134
25194 1.7457862
25294 0.7842221
25394 0.065142155
25494 -0.8072052
25595 -1.7572484
25696 -2.2733986
25795 -2.71568
25895 -2.9949372
25996 -3.1045127
26096 -3.1270072
26197 -3.0685573
26296 -3.0493207
26396 -3.0527754
26496 -3.0472133
26597 -3.0533886
26697 -3.047683
26797 -2.9677148
26898 -2.461178
26997 -2.1060085
27097 -1.6262765
27197 -0.73000574
27298 0.5982084
27398 1.7498703
27498 2.9127822
27598 3.5821304
27699 3.844984
27798 3.9163427
27898 3.9149723
27998 3.6619358
28099 2.8733644
28199 1.5046339
28299 0.041415215
28399 -1.5374508
28499 -2.6563544
28600 -3.3422904
28700 -3.6118221
28800 -3.648624
28901 -3.5671778
29001 -3.48398
29100 -3.4228704
29201 -3.408689
29301 -3.4017298
29401 -3.3610375
29501 -3.3190389
29602 -3.3029678
29701 -3.283961
29802 -3.2237706
29902 -3.1364083
30002 -3.003122
30102 -1.7631385
30203 -0.420897
30302 0.84531975
30402 1.9267869
30503 2.8466897
30603 3.2155752
30703 3.3890371
30803 3.433199
30903 3.4219608
31004 3.3781338
31103 3.3017902
31203 2.9747858
31304 1.8401823
31404 0.45107412
31504 -1.0915713
31604 -2.231545
31705 -3.075536
31805 -3.4262004
31905 -3.8253543
32005 -3.8884873
32105 -3.8196623
32205 -3.800225
32305 -3.7591352
32406 -3.5914552
32505 -3.2858424
32606 -2.6734276
32707 -1.9209411
32807 -1.0990708
32906 -0.046869278
33006 1.1590228
33107 2.0388846
33207 2.7507734
33307 3.383338
33407 3.7347918
33508 3.8064747
33607 3.8436985
33707 3.8327398
33791 3.7499523
33891 3.4191484
33991 2.603784
34091 1.601644
34191 0.25336742
34291 -1.0913138
34391 -2.4068046
34492 -3.0835183
34592 -3.5572262
34693 -3.572887
34793 -3.5914254
34893 -3.5824058
34993 -3.5205154
35093 -3.237532
35193 -2.9117982
35293 -2.5897326
35393 -1.9474578
35494 -1.200047
35594 -0.18208456
35694 0.8917856
35794 1.8303504
35894 2.499102
35995 3.182808
36095 3.7439594
36195 3.9581203
36295 3.96702
36395 4.0005665
36495 3.997919
36595 3.9261723
36695 3.3306484
36796 2.1861014
36896 0.8471322
36997 -0.39263248
37096 -1.6408353
37197 -2.358811
37297 -2.7644887
37397 -2.9966078
37497 -2.9929776
37597 -2.9025636
37697 -2.6430104
37797 -2.1022415
37898 -1.3487744
37998 -0.42327023
38098 0.5905118
38198 1.6611304
38298 2.6083436
38398 3.2409687
38499 3.6889925
38598 3.880104
38699 3.9467478
38799 4.0143833
38900 4.055643
38999 4.1042175
39099 4.12957
39200 4.103815
39300 3.7275524
39401 2.720488
39501 1.6030259
39600 0.45062494
39700 -0.6303396
39801 -1.8369853
39901 -2.5846307
40001 -3.0894678
40101 -3.3337882
40202 -3.3180032
40302 -3.2426028
40401 -3.1374507
40502 -2.9062896
40602 -2.604032
40702 -2.187467
40802 -1.5445461
40902 -0.67835903
41002 0.20092773
41103 1.170044
41203 2.0312376
41304 2.7039576
41403 3.1561508
41504 3.3760242
41603 3.4344559
41703 3.458353
41803 3.4739418
41903 3.453638
42004 3.4350986
42104 3.438055
42204 3.4431038
42305 3.4049625
42405 2.3574386
42505 1.2144823
42605 -0.049435616
42705 -1.204129
42805 -1.9400783
42905 -2.405085
43005 -2.6312068
43105 -2.689975
43206 -2.6788116
43306 -2.4886775
43406 -1.8330469
43506 -0.809845
43606 0.18241596
43706 1.2162771
43807 2.0850387
43907 2.6920686
44007 2.9210253
44108 2.8335176
44208 2.53516
44308 2.440384
44408 2.3512816
44491 2.3232856
44591 2.3183355
44691 2.3214827
44791 2.3360338
44891 2.3469763
44991 2.3605585
45092 2.4200654
45192 2.5919824
45292 2.631888
45393 2.650022
45493 2.6665978
45593 2.6691942
45693 2.3337188
45793 1.1632857
45893 0.022070408
45994 -1.3738525
46094 -2.3769534
46194 -2.798717
46294 -2.9899871
46394 -2.8841457
46494 -2.4454594
46594 -1.6880398
46694 -0.632112
46795 0.56099653
46895 1.4756165
46995 2.1959405
47095 2.8014588
47195 3.1056051
47296 3.0761356
47396 2.7053385
47496 1.7970924
47596 0.69945335
47696 -0.20767546
47796 -1.2538116
47897 -1.8437104
47997 -1.9950516
48096 -1.6060753
48197 -0.91700363
48297 0.056712627
48398 1.0471787
48498 1.7716002
48597 2.5633202
48698 2.8586245
48799 2.9182043
48899 2.5308123
48998 1.5912399
49098 0.34622097
49198 -0.99352217
49299 -1.9261537
49399 -2.3865426
49499 -2.3884397
49599 -2.022119
49699 -1.1744647
49799 0.27463627
49900 1.3714004
49999 2.1253228
50100 2.8378778
50201 3.1534061
50301 3.1594753
50400 2.258658
50501 1.1471863
50601 -0.09091997
50701 -1.3080361
50801 -1.9283004
50901 -2.0515192
51002 -1.8142753
51102 -1.21979
51202 -0.2892995
51302 0.7707
51402 1.5658636
51502 2.4575462
51602 2.9825616
51702 3.0761185
51802 2.702567
51903 1.6689463
52004 0.5432043
52103 -0.6492338
52203 -1.5698833
52303 -1.8224452
52403 -1.7191932
52504 -1.1587377
52604 -0.25496578
52704 0.6912632
52804 1.5307455
52904 2.312449
53005 2.8023896
53104 2.9240294
53205 2.496859
53305 1.6734214
53405 0.6882467
53506 -0.45828962
53605 -1.3181281
53706 -1.629554
53806 -1.5843449
53906 -1.1009631
54006 -0.19371653
54107 0.73351955
54206 1.5330553
54306 2.368863
54407 2.8466501
54508 2.8563156
54607 2.3754182
54707 1.3269448
54807 0.16512966
54908 -1.1202617
55009 -1.9256794
55108 -2.2832606
55208 -2.243834
55291 -1.8493378
55391 -1.143024
55491 -0.18575096
55591 0.76763916
55691 1.5606017
55791 2.194116
55892 2.4792085
55992 2.5525513
56093 2.3502398
56193 1.6010132
56293 0.35123634
56393 -0.8161187
56493 -1.6162572
56593 -1.9515593
56694 -1.9306357
56794 -1.5291088
56894 -0.86283445
56994 0.2396636
57094 1.1653976
57194 2.1123056
57295 2.9588227
57395 3.3070927
57495 3.2737904
57595 2.6371803
57695 1.359056
57795 0.030926704
57896 -1.4265511
57995 -2.0517228
58096 -2.3939292
58196 -2.4270618
58296 -2.1593347
58396 -1.5546589
58496 -0.56821537
58596 0.5885339
58697 1.7571259
58797 2.387156
58897 2.7850199
58997 2.788176
59097 2.4136763
59198 1.6251459
59298 0.5207796
59398 -0.6652875
59498 -1.489357
59598 -1.9044838
59698 -1.8333402
59799 -1.5024204
59899 -0.82330847
59999 0.27552938
60099 1.0388727
60199 1.7934198
60299 2.2355337
60400 2.3480592
60499 2.298913
60600 1.0084863
60700 -0.37584686
60800 -1.5903237
60900 -2.1909332
61001 -2.4982657
61100 -2.4714973
61201 -2.0292675
61301 -1.066323
61401 0.16211605
61501 1.178874
61601 1.7171822
61701 2.2833238
61802 2.4728317
61902 2.300725
62002 1.5480957
62102 0.3064475
62203 -1.0280266
62303 -2.0149083
62403 -2.5403662
62503 -2.6258335
62603 -2.2454183
62703 -1.4721749
62803 -0.35439396
62903 0.64523983
63003 1.7772269
63104 2.443746
63204 2.769886
63304 2.7082353
63404 2.0883245
63504 0.66371393
63604 -1.0009289
63704 -2.0921576
63805 -2.635986
63905 -2.726263
64005 -2.652144
64106 -2.053672
64206 -0.8077421
64305 0.4200673
64406 1.5197
64506 2.2536864
64607 2.6313882
64706 2.5838156
64806 1.634593
64906 0.22493362
65006 -1.1943536
65107 -2.1802914
65207 -2.5726976
65307 -2.5723448
65408 -2.2919345
65507 -1.6727931
65607 -0.4362445
65707 0.6165428
65808 1.5358582
65891 2.141819
65991 2.7007065
66091 2.8005128
66191 2.5413122
66291 1.6009216
66391 0.28371716
66492 -1.1809173
66592 -2.0452807
66692 -2.4522507
66793 -2.4999502
66893 -2.143634
66993 -1.2282968
67093 0.07287741
67193 1.0559645
67293 2.2842712
67393 3.2198696
67494 3.7960606
67594 3.823287
67694 2.939612
67794 1.7084336
67894 0.1692667
67995 -1.2199707
68095 -1.995173
68194 -2.3962185
68295 -2.3912377
68395 -1.9957547
68495 -1.2287815
68596 -0.2204957
68696 0.8850393
68796 1.6719704
68896 2.3824706
68996 2.7391043
69096 2.814972
69196 2.612939
69297 1.8452253
69397 0.63210726
69497 -0.60745764
69597 -1.8230486
69697 -2.3855395
69797 -2.5973582
69898 -2.5377564
69998 -2.240665
70098 -0.86055994
70198 0.35866022
70298 1.478251
70398 2.3083906
70498 2.755105
70599 2.9048615
70698 2.7498198
70799 1.9030051
70900 0.5018201
71000 -0.7045016
71099 -1.8374231
71199 -2.315002
71300 -2.4287086
71400 -2.3023076
71500 -1.7086608
71600 -0.5190363
71700 0.56146145
71801 1.4384928
71900 2.140719
72001 2.5775704
72101 2.6045294
72201 2.162146
72301 1.1801176
72401 -0.054680347
72502 -1.4430089
72601 -2.3083758
72703 -2.720921
72803 -2.7773077
72902 -2.6057491
73003 -2.0394363
73103 -1.1102021
73203 0.17215538
73303 1.2410145
73404 1.9681816
73504 2.240406
73603 2.473857
73704 2.1084075
73804 1.3351269
73904 0.08635712
74004 0.0
74105 0.0
74204 0.0
74304 0.0
74404 0.0
74505 -1.6882484
74605 -0.6731796
74705 0.7051611
74806 1.5353866
74905 2.160324
75006 2.522963
