15 -0.69139004
115 0.44281673
215 1.2473307
315 1.8509622
417 2.0252838
518 1.9224672
618 0.88906384
715 0.046154976
816 -1.1229999
917 -2.0272102
1016 -2.7374444
1117 -3.0002298
1217 -2.740045
1317 -2.0060227
1417 -1.0368664
1520 0.15437889
1620 1.2188444
1719 2.33351
1818 2.8112779
1918 2.9948835
2018 2.7912307
2118 2.1988082
2220 0.8448634
2320 -0.5931635
2419 -1.655262
2519 -2.6160045
2621 -3.0548787
2720 -2.825339
2819 -1.6765461
2920 -0.44351912
3019 0.58150005
3120 1.4449263
3220 2.1443872
3320 2.4940276
3420 2.5336738
3522 1.9467912
3622 0.79563046
3721 -0.30368423
3821 -1.2287693
3922 -2.0687532
4022 -2.5377188
4122 -2.5992463
4221 -1.872592
4322 -0.91426516
4422 -0.12382603
4523 0.6612568
4622 1.3679628
4724 1.8519301
4823 2.276877
4923 2.3984132
5023 1.931983
5123 0.51215076
5223 -0.7484474
5323 -1.5709026
5424 -2.358458
5523 -2.9193377
5624 -2.999911
5724 -2.5030584
5825 -1.5826054
5924 -0.527091
6025 0.5102229
6126 1.3467813
6225 1.9858727
6326 2.567987
6426 2.6494265
6526 2.2912202
6627 1.1927767
6709 0.2948389
6809 -0.73380804
6909 -1.6340828
7010 -2.3956714
7110 -2.8000665
7210 -2.8693447
7310 -2.4389138
7411 -1.6880143
7511 -0.82649326
7611 0.09318447
7711 0.90259314
7811 1.6019135
7911 2.2091322
8011 2.448995
8112 2.2158065
8212 0.79775286
8312 -0.23932934
8412 -1.1663685
8515 -1.9702036
8615 -2.437031
8712 -2.509562
8812 -2.221747
8913 -1.5099559
9012 -0.5734668
9113 0.24635649
9216 0.93533754
9316 1.5793738
9415 2.139482
9515 2.497415
9616 2.4816985
9714 1.8031602
9815 0.38914156
9914 -0.5483885
10015 -1.4752674
10117 -2.1014674
10214 -2.3824592
10315 -2.1719494
10418 -1.3461242
10518 -0.25396776
10618 0.7584815
10716 1.6273918
10816 2.2873511
10917 2.6728334
11017 2.659153
11117 2.0967546
11216 0.84473944
11317 -0.29489422
11417 -1.2845998
11517 -2.2097042
11617 -2.9262655
11720 -3.0063906
11820 -2.330335
11920 -1.0587952
12020 0.49222946
12120 1.7389498
12220 2.4037156
12321 2.9391518
12420 2.9980345
12520 2.5911684
12619 1.4825745
12720 0.33337688
12820 -0.8922348
12920 -2.1069388
13022 -2.7512305
13121 -2.9641862
13220 -2.5398326
13320 -1.171447
13422 0.09907055
13521 0.96644306
13620 1.8545394
13721 3.5482492
13821 4.186949
13922 4.00622
14021 3.2995243
14121 2.199542
14222 0.92776775
14324 0.022089958
14424 -0.61550283
14522 -1.1565933
14622 -1.6567111
14723 -1.8854833
14822 -1.8363926
14922 -1.0379825
15023 -0.06493759
15124 0.780571
15224 1.4933219
15324 2.103582
15424 2.53097
15525 2.6606817
15625 2.6635423
15724 2.3102217
15824 1.3271871
15924 0.17216682
16025 -0.81734467
16124 -1.4671826
16225 -1.7361648
16326 -1.8915689
16425 -1.8086619
16526 -1.214335
16627 -0.35472393
16710 0.3789816
16809 1.5258722
16926 2.4547806
17010 2.550035
17109 2.5907745
17210 2.6028457
17310 2.4296465
17410 1.0759301
17511 -0.043117523
17610 -0.7552657
17711 -1.2012792
17812 -1.6219287
17912 -1.9002416
18012 -1.9725773
18111 -1.9256947
18212 -1.6067715
18313 -0.98110247
18412 0.23589325
18513 1.1504002
18613 1.9695215
18712 3.1205616
18812 3.6817398
18912 3.8866987
19015 3.5430222
19116 2.9138412
19215 1.8402987
19315 1.3000064
19416 0.7328682
19516 0.19751263
19615 -0.2731943
19714 -0.90407515
19814 -1.468713
19915 -1.8472064
20014 -2.017963
20115 -2.0233588
20218 -1.670712
20316 -0.6840191
20418 0.36113453
20518 1.1670899
20618 1.7401209
20715 2.089569
20816 2.4141197
20916 2.5232277
21017 2.483519
21116 2.4087372
21217 1.7258711
21318 0.8351445
21417 0.17382431
21518 -0.25314665
21617 -0.67256594
21718 -1.1065211
21820 -1.5829036
21918 -1.8626511
22020 -1.9581239
22118 -1.9627681
22220 -1.7189782
22321 -1.0730987
22419 -0.12872982
22521 0.5257883
22620 1.0704985
22719 1.5696015
22820 1.908947
22920 2.1312928
23019 2.1967058
23120 2.0921617
23220 1.3081827
23320 0.4908476
23420 -0.3060217
23521 -0.85568714
23620 -1.2654107
23721 -1.8403397
23821 -2.2398865
23922 -2.3585973
24022 -2.2868876
24123 -1.4996991
24223 -0.49849987
24322 0.40879774
24422 1.0993938
24522 1.567872
24622 1.8065577
24723 1.8682127
24823 1.8696876
24925 1.8499413
25024 1.620389
25124 0.8662777
25224 0.1928606
25324 -0.4534917
25423 -0.91318226
25524 -1.2392793
25624 -1.4877725
25725 -1.711935
25824 -1.8919003
25924 -2.104216
26024 -2.231893
26125 -2.2073274
26226 -1.770113
26326 -0.6369667
26426 0.21446705
26525 1.0084352
26625 1.3604021
26709 1.5977488
26809 1.8334455
26909 2.142068
27009 2.211217
27110 2.2149315
27211 2.2027955
27311 1.3433485
27411 0.95937014
27510 0.15388393
27610 -0.6055131
27710 -1.2553234
27811 -1.7487006
27911 -2.1647627
28012 -2.307343
28111 -2.292102
28212 -1.9903204
28312 -0.9346428
28413 0.29495573
28515 1.2015271
28613 1.7085099
28712 2.0808935
28812 2.287549
28912 2.5064635
29015 2.7250395
29115 2.7341094
29215 2.3552527
29315 1.1109014
29416 0.7565913
29516 0.12016487
29616 -0.3760705
29715 -0.67454433
29815 -0.9628229
29914 -1.30597
30015 -1.6929276
30118 -1.9923284
30217 -2.1389241
30315 -2.3183765
30415 -2.5884242
30518 -2.8020527
30618 -2.8778837
30717 -2.8893235
30816 -2.743188
30917 -1.9468741
31016 -0.90217113
31117 -0.029903889
31216 0.6792803
31317 1.2572546
31417 1.4246955
31517 1.4527693
31617 1.5219536
31717 1.5286765
31817 1.5341225
31921 1.44769
32020 0.91410637
32120 -0.023285866
32220 -0.6782489
32323 -1.0886452
32421 -1.2924938
32520 -1.4500763
32620 -1.5536327
32720 -1.5687668
32819 -1.3412869
32920 -0.69901943
33019 0.046170235
33119 0.70798016
33220 1.195437
33321 1.6357651
33421 1.9838614
33521 2.1062212
33621 2.1137686
33720 2.1232047
33822 1.433619
33923 0.75217485
34022 0.15889835
34122 -0.5786247
34222 -1.1369412
34323 -1.5164294
34422 -1.6352661
34522 -1.5608563
34623 -1.0605881
34723 -0.16993427
34822 0.76863384
34923 1.4585776
35024 1.7804656
35124 1.9870057
35224 2.1315641
35324 2.15626
35424 2.3540993
35524 2.5622864
35626 2.5669885
35726 2.394143
35825 1.279706
35925 0.4672041
36025 -0.3445201
36125 -0.8297272
36226 -1.1871209
36326 -1.39347
36425 -1.6209786
36525 -1.7710197
36626 -1.8720353
36710 -1.9190278
36810 -1.9129424
36910 -1.40821
37010 -0.15529442
37110 0.8705721
37210 1.6230402
37310 1.7968597
37411 1.9605994
37511 2.070076
37611 2.3417091
37711 2.3791718
37812 2.439064
37912 2.4456034
38012 2.2712164
38112 1.7306352
38212 1.1813555
38313 0.9092035
38413 0.47481775
38512 -0.21011162
38612 -0.73396397
38712 -1.1634471
38813 -1.4721482
38913 -1.6303954
39013 -1.699347
39113 -1.7228026
39216 -1.4422867
39316 -0.51544666
39415 0.16217518
39515 0.8292723
39616 1.4270554
39716 1.8279219
39815 2.0742621
39914 2.1779165
40015 2.2722855
40115 2.3181663
40215 2.3242693
40318 1.9278936
40417 1.1099772
40516 0.28582048
40616 -0.4773488
40716 -0.9588313
40816 -1.3850284
40917 -1.6346447
41017 -2.021381
41116 -2.235084
41217 -2.3149981
41317 -2.2220309
41417 -1.6048596
41520 -0.9764185
41618 -0.27489996
41718 0.44976044
41818 0.97674084
41918 1.4284468
42018 1.73944
42119 1.9557433
42219 2.2342248
42319 2.504312
42418 2.7284193
42519 2.7625566
42619 2.738875
42719 2.680356
42819 2.5513878
42920 2.5038748
43020 2.489605
43120 2.4842439
43221 2.2538576
43321 0.9303632
43421 0.51938915
43520 0.4683714
43621 0.8880663
43721 1.4390984
43821 1.4211626
43921 1.1543264
44023 0.15929317
44123 -0.3619938
44222 -0.92741585
44322 -1.3569851
44422 -1.6662586
44522 -1.8064733
44622 -2.010404
44723 -2.2803345
44823 -2.4809287
44923 -2.5370417
45023 -2.34623
45123 -1.7643113
45225 -0.84390545
45325 -0.07008362
45424 0.9396925
45524 1.5697927
45624 1.9162378
45725 1.9816885
45824 1.984025
45925 1.9658537
46024 1.7343473
46125 1.1556411
46225 0.26140308
46326 -0.86633205
46425 -1.3435314
46528 -1.4528465
46626 -1.4275723
46726 -1.3016415
46809 -1.0801692
46909 -1.2718945
47009 -0.41829967
47109 1.0065947
47210 1.8121924
47310 2.0958967
47410 2.0199075
47511 1.9914618
47611 1.9164491
47712 1.2612948
47811 0.8402381
47911 0.16894436
48011 -1.4122474
48112 -2.221087
48212 -2.5502748
48311 -2.5317998
48411 -1.7177436
48515 -0.56330824
48615 0.5494189
48715 1.4720411
48815 1.9260116
48915 2.3146448
49015 2.6580787
49115 2.3034143
49215 1.528985
49315 0.88196754
49415 0.016013145
49514 -0.85007954
49614 -1.5026469
49715 -1.8269265
49816 -1.8519874
49915 -1.2531044
50015 -0.3361082
50117 0.60779333
50218 1.3954906
50318 1.7089615
50417 1.8979187
50517 2.1690712
50617 2.1669784
50716 1.6237764
50816 0.9091811
50916 -0.051826
51016 -0.87034225
51118 -1.4583557
51220 -1.8406382
51317 -1.7086155
51417 -0.8349161
51517 -0.1302104
51620 0.56820965
51718 1.5169649
51818 1.8089418
51918 2.0334153
52019 2.1662207
52118 1.8023348
52218 1.2140489
52321 0.35661602
52421 -0.60118103
52519 -1.2178073
52620 -2.0772536
52720 -2.3788774
52820 -2.2753398
52920 -1.5329442
53020 -0.424613
53120 0.7583809
53220 1.5551062
53320 2.2848854
53420 2.794365
53520 2.9320946
53622 2.734828
53721 2.2354455
53821 1.4790177
53922 0.28482246
54021 -0.9939561
54122 -2.0188847
54222 -2.5700157
54322 -2.6306043
54422 -2.2043386
54523 -1.1123328
54623 -0.2352786
54723 0.61281824
54824 1.3509622
54924 1.6609664
55024 2.394567
55124 2.6966515
55224 2.6983004
55324 2.213027
55424 1.387681
55524 0.26743412
55625 -0.7254715
55724 -1.5687168
55824 -1.980273
55925 -1.9615624
56025 -1.4305077
56125 -0.4663353
56225 0.5809145
56326 1.6495986
56426 2.2460952
56526 2.6770234
56609 2.7355285
56709 2.5114388
56809 1.7893167
56909 0.74137926
57011 -0.35218716
57111 -1.3895123
57211 -2.1456783
57310 -2.255014
57411 -1.9302833
57510 -1.1165695
57611 0.303648
57710 1.4795737
57811 2.1493835
57911 2.5378761
58012 2.639553
58111 2.3943834
58211 1.5975351
58315 0.31320047
58415 -1.1818054
58513 -2.092407
58613 -2.466865
58712 -2.5602522
58812 -2.1184514
58913 -0.8072305
59014 0.4354267
59113 1.6154075
59213 2.1743417
59313 2.3782578
59413 2.3415613
59517 1.8449416
59617 0.70661116
59715 -0.3506136
59815 -1.5360713
59915 -2.3390114
60015 -2.7878013
60115 -2.7875898
60217 -2.33874
60317 -1.0681489
60417 0.10844469
60518 1.0641265
60618 1.7923965
60716 2.2090049
60816 2.2951264
60917 2.0890512
61017 1.487153
61117 0.38065815
61217 -0.6143379
61317 -1.4399807
61417 -1.7348862
61517 -1.7588418
61620 -1.5488045
61718 -0.6110525
61817 0.63586855
61919 1.5520501
62019 2.1818976
62120 2.4876823
62219 2.448484
62319 1.8294868
62419 0.7083702
62519 -0.6488657
62619 -1.8749385
62720 -2.4947345
62820 -2.6318164
62920 -2.3032348
63021 -1.1782203
63121 0.003150463
63221 0.95473385
63321 1.553441
63421 1.7245417
63521 1.712388
63620 1.6950011
63721 1.5233788
63821 0.50313187
63921 -0.6606002
64022 -1.3736007
64121 -1.9926989
64222 -2.1504238
64322 -1.6245522
64423 -0.48705912
64523 0.566957
64622 1.5317259
64723 2.3806686
64823 2.7543955
64923 2.2710142
65024 1.3952208
65125 -0.37752056
65224 -1.4981563
65324 -2.0838912
65425 -2.5506573
65524 -2.4297962
65625 -1.5980868
65725 -0.30523634
65825 0.923934
65925 1.7828736
66025 2.1356645
66125 2.0886474
66225 1.7633796
66325 0.9815068
66426 0.019222736
66509 -0.87855434
66610 -1.594522
66710 -2.0244513
66809 -2.1395268
66910 -1.9743114
67010 -1.203275
67110 -0.06858921
67210 1.027514
67310 1.6542616
67410 2.119834
67510 2.2084532
67612 1.4166479
67712 0.19854641
67812 -0.7785387
67912 -1.5637462
68012 -2.0493464
68111 -2.2081828
68212 -2.0577064
68315 -1.4762921
68412 -0.60534334
68513 0.5702009
68613 1.55725
68712 1.9328423
68829 1.9459867
68917 1.4811411
69016 0.48218298
69115 -0.3610754
69215 -1.4445539
69314 -2.0679834
69415 -2.3201015
69514 -2.1452765
69615 -1.5699966
69714 -0.002907753
69814 1.085165
69914 1.6568503
70015 2.1141014
70115 2.2463965
70216 2.1661444
70316 1.4204912
70416 0.161417
70516 -0.58161736
70616 -1.7865863
70716 -2.32249
70816 -2.3440917
70916 -1.7699046
71016 -0.82930756
71116 0.3735714
71216 1.4158311
71320 2.2402244
71418 2.3726983
71520 2.6061182
71620 2.5552611
71718 2.0301528
71818 0.9370923
71919 -0.42192364
72018 -0.8414974
72119 -1.5896237
72218 -2.1757185
72318 -2.2830577
72419 -1.6342182
72521 -0.47933865
72620 0.63908577
72720 1.5137253
72820 2.2538567
72920 2.6770477
73021 2.8494353
73121 2.5740814
73220 1.4773889
73321 0.23703814
73420 -0.93293476
73520 -1.9026864
73621 -2.5894372
73722 -2.5882196
73823 -1.7562165
73922 -0.6556015
74022 0.5243716
74122 1.4956374
74223 2.0551157
74324 2.3344903
74422 2.2399802
74522 1.5873704
74622 0.56540203
74723 -0.33833885
74823 -1.1838188
74923 -2.2286868
56 0.0
156 0.0
256 0.0
357 0.0
457 0.0
556 0.0
658 0.0
757 0.0
857 0.0
958 0.0
1058 0.0
1159 0.0
1261 0.0
1359 0.0
1461 0.0
1558 0.0
1659 0.0
1761 0.0
1862 0.0
1960 0.0
2060 0.0
2160 0.0
2260 0.0
2360 0.0
2461 0.0
2560 0.0
2661 0.0
2760 0.0
2861 0.0
2964 0.0
3062 0.0
3161 0.0
3262 0.0
3362 0.0
3462 0.0
3562 0.0
3662 0.0
3763 0.0
3863 0.0
3963 0.0
4062 0.0
4163 0.0
4263 0.0
4366 0.0
4463 0.0
4566 0.0
4666 0.0
4766 0.0
4866 0.0
4966 0.0
5065 0.0
5165 0.0
5265 0.0
5365 0.0
5466 0.0
5566 0.0
5665 0.0
5768 0.0
5867 0.0
5967 0.0
6067 0.0
6167 0.0
6267 0.0
6367 0.0
6467 0.0
6567 0.0
6667 0.0
6768 0.0
6868 0.0
6970 0.0
7069 0.0
7169 0.0
7268 0.0
7586 0.0
7686 0.0
7786 0.0
7886 0.0
7987 0.0
8087 0.0
8186 0.0
8287 0.0
8387 0.0
8488 0.0
8587 0.0
8687 0.0
8788 0.0
8888 0.3664198
8988 -2.1355546
9088 -2.9201403
9188 -2.7891674
9288 -1.5927453
9388 -0.40207815
9489 0.65559816
9590 1.1176596
9690 1.5626807
9790 1.2677693
9889 0.6997428
9990 -0.6378274
10090 -1.813194
10190 -2.5911002
10290 -2.7106423
10390 -2.4876742
10490 -1.509768
10591 -0.10386181
10690 0.9900241
10791 1.950614
10892 2.5137644
10992 2.675799
11092 2.2514753
11192 1.0313234
11292 -0.24470234
11392 -1.5030353
11492 -2.267648
11593 -2.8301227
11692 -2.7115273
11792 -1.9454083
11893 -0.51322174
11994 0.6643262
12094 1.481286
12194 1.8929482
12293 2.2307916
12393 1.5450602
12480 0.41063738
12577 -0.82093143
12677 -2.1662421
12777 -2.5568662
12877 0.0
12977 0.0
13079 0.0
13179 0.0
13279 0.0
13378 0.0
13479 0.0
13579 0.0
13679 0.0
13779 0.0
13880 0.0
13980 -0.6957216
14080 0.21425056
14179 0.4775567
14280 0.13477993
14383 -0.57456684
14483 -0.9974928
14583 -0.8577242
14680 -0.24119997
14780 0.5357084
14883 1.2136831
14981 1.3805814
15081 1.2357569
15181 0.4936142
15282 -0.4343462
15382 -1.3568993
15482 -2.0074086
15583 -2.3366961
15683 -2.3080964
15783 -1.7335136
15883 -0.7173333
15983 0.033486366
16083 0.72035694
16186 1.2890425
16286 1.6435533
16383 1.8848138
16486 1.8960481
16586 1.3324919
16686 0.0016050339
16786 -1.0413327
16886 -1.7214828
16986 -2.0585437
17085 -2.325138
17185 -2.4286666
17285 -2.1827555
17385 -1.4315372
17486 -0.3740778
17589 0.39474154
17686 0.7635927
17785 1.018146
17888 1.2223401
17988 1.4057302
18087 1.5745912
18187 1.857614
18287 2.0720491
18386 2.2093406
18487 2.424324
18588 2.5361886
18688 2.3116493
18787 1.9678755
18887 1.2914066
18987 0.99432087
19089 0.2626133
19188 -0.5330477
19289 -1.1872928
19389 -1.7857327
19489 -2.2122514
19588 -2.4146998
19689 -2.4220319
19789 -2.4461942
19889 -2.4476373
19989 -2.453219
20090 -2.2836375
20190 -1.654988
20290 -0.75461435
20391 -0.06302309
20491 0.48955917
20591 1.0494971
20691 1.5525489
20791 1.9463096
20891 2.2639008
20992 2.3601632
21092 2.5156183
21191 3.145216
21292 3.353591
21392 3.3500986
21492 2.8154688
21594 1.8673882
21693 1.0842943
21793 0.45924473
21892 -0.20411444
21993 -0.8147955
22093 -1.4256883
22193 -2.078325
22295 -2.1955771
22393 -2.4506044
22494 0.0
22577 0.0
22678 0.0
22778 0.0
22877 0.0
22977 0.0
23078 0.0
23179 0.0
23278 0.9019079
23378 1.0648217
23478 1.2651815
23578 1.489131
23680 1.5635209
23780 1.0277185
23880 0.1521101
23980 -0.51952076
24080 -1.0908496
24180 -1.5727754
24280 -2.0258722
24381 -2.2418227
24481 -2.6015017
24581 -3.1144657
24681 -3.5479424
24780 -3.5399795
24884 -3.3580718
24984 -2.6277812
25084 -2.0216205
25184 -1.6566701
25283 -0.98068905
25383 -0.28984976
25483 0.3372264
25583 1.2681313
25683 1.833323
25783 2.0691404
25882 2.950049
25983 3.2682323
26083 3.434041
26183 3.446044
26284 3.245965
26384 2.7374444
26484 2.106256
26584 1.226028
26684 0.67921305
26784 -0.20856762
26884 -0.5177951
26984 -1.7623277
27084 -2.4197972
27184 -2.756427
27285 -2.866732
27386 -2.889151
27486 -2.8956969
27586 -2.7877643
27685 -1.939204
27786 -1.0147884
27888 -0.11828327
27989 0.4935422
28086 1.2301359
28186 1.5400376
28287 1.4281168
28387 1.4433465
28487 1.469079
28587 1.4733887
28687 1.453443
28789 1.2645202
28888 1.1483521
28989 0.89169073
29089 -0.42022848
29189 -1.4908586
29288 -2.2797663
29389 -2.7214756
29488 -2.9680724
29589 -3.067306
29689 -2.7600818
29789 -2.7284474
29889 -2.8025877
29989 -2.7793193
30090 -2.1422753
30190 -0.8056841
30290 -0.20720005
30390 0.5793848
30491 1.215806
30590 1.7397156
30690 1.9271784
30791 2.4709458
30891 3.4081202
30991 3.6455107
31091 3.3120327
31192 2.8102312
31293 2.0553908
31392 1.3983927
31492 0.81745577
31592 0.2160697
31693 -0.44393444
31792 -1.1677551
31893 -1.8901622
31993 -2.4482718
32093 -3.0516512
32193 0.0
32295 0.0
32394 0.0
32494 0.0
32594 0.0
32677 0.0
32777 0.0
32877 0.0
32977 0.0
33078 0.7755356
33178 0.8208666
33278 0.9334183
33379 0.9896383
33479 1.2623572
33579 1.1511836
33679 1.1923962
33779 1.1689577
33880 1.2669325
33980 1.3731451
34080 1.5659041
34180 1.7297273
34280 1.8014617
34381 1.5847526
34482 1.5462046
34581 1.5053687
34681 1.47787
34781 1.4571738
34881 1.3874025
34984 0.71360874
35083 -0.6119509
35184 -1.3138511
35283 -1.8930945
35383 -2.2865188
35484 -2.3651462
35584 -2.4371397
35683 -2.5637248
35784 -2.6383543
35883 -2.4894774
35986 -2.297216
36083 -1.6819267
36183 -1.1846218
36284 -0.9816761
36384 -0.6822548
36484 -0.20706701
36584 -0.049985886
36684 0.7198663
36784 1.1028514
36885 1.377552
36984 1.7032142
37085 1.563324
37185 1.409442
37285 1.3186202
37386 0.8961272
37486 0.35027075
37586 -0.56872797
37686 -1.5299182
37786 -2.0732408
37886 -2.8494887
37987 -3.5543122
38087 -2.8594403
38187 -2.947311
38290 -2.8815284
38388 -2.6079192
38487 -2.3325741
38588 -2.1219745
38688 -2.1422458
38789 -1.7377696
38889 -1.1553226
38988 -0.760571
39088 0.05123043
39188 0.19428778
39289 0.26840544
39389 0.59179974
39490 0.9908943
39589 1.389091
39689 1.7147379
39789 2.0923576
39889 2.1629333
39990 2.2285485
40090 2.3393755
40409 0.8251605
40508 0.5645828
40608 0.33874226
40708 -0.35550928
40808 -0.861434
40909 -1.4959373
41008 -2.0192418
41108 -3.3195872
41209 -3.6454577
41308 -3.862759
41409 -4.1527643
41509 -4.147584
41609 -3.6640546
41709 -3.0939798
41809 -2.7923164
41909 -2.6790102
42009 -2.6462727
42110 -2.5677776
42210 -2.3782578
42310 -1.9774904
42411 -1.4102726
42513 -0.89544773
42610 -0.37142086
42710 0.10051632
42813 0.5254183
42913 0.79516935
43011 0.9007368
43112 0.82343864
43213 0.48446894
43313 -0.17966509
43413 -0.68988943
43512 -1.0346351
43613 -1.275104
43712 -1.4511948
43812 -1.6216118
43913 -1.8265729
44012 -2.014978
44113 -2.2468631
44213 -2.6759663
44314 -2.9145355
44414 -3.180412
44515 -3.4243197
44615 -3.4853687
44715 -3.2765183
44816 -3.114976
44915 -2.8963428
45015 -2.3593383
45116 -1.6523743
45215 -0.9739752
45315 -0.4009552
45415 0.07125616
45516 0.6407747
45616 1.0294499
45717 1.2694082
45816 1.5767417
45917 1.6460218
46016 1.6575494
46117 1.4632845
46217 0.9621897
46317 0.75289726
46417 0.120722294
46517 -0.5494876
46617 -1.3550491
46718 -2.0144594
46817 -2.476662
46917 -2.644236
47018 -2.6951733
47119 -2.8070002
47219 -2.799698
47319 -2.463558
47419 -2.1449978
47502 -1.3195634
47602 -0.55818653
47702 0.10071659
47802 0.6091299
47902 0.9925642
48004 1.2488527
48104 1.1228952
48204 1.2779098
48303 1.4263473
48403 1.4415169
48504 1.3039293
48604 1.1813045
48704 0.60992527
48804 -0.3821187
48904 -1.2842472
49004 -1.9986258
49108 -2.3362966
49205 -2.442779
49308 0.0
49408 0.0
49508 0.0
49608 0.0
49708 0.0
49808 0.0
49908 0.0
50007 0.0
50106 0.0
50207 0.0
50306 0.0
50407 0.0
50508 0.0
50607 0.0
50710 0.0
50807 0.0
50907 0.0
51010 0.0
51110 0.0
51210 1.1050563
51311 3.2604046
51411 1.5893083
51511 -2.3621402
51611 -2.697289
51711 -1.5306537
51811 -0.50683975
51910 0.7203207
52010 1.4977579
52110 1.8592834
52210 1.9573336
52310 1.4030328
52410 0.81664705
52510 -0.30348158
52610 -1.2134266
52713 -1.6719971
52813 -1.681715
52913 -1.1358249
53011 -0.08037758
53113 0.79588604
53212 1.3481956
53312 1.8092928
53413 2.0555458
53512 2.1358147
53612 2.0287857
53712 1.4973083
53813 0.7977247
53913 0.31248808
54015 -0.33089352
54114 -1.1482308
54215 -1.5163574
54314 -1.5771332
54414 -1.3710167
54514 -0.7206578
54614 0.31236458
54714 0.9612632
54815 1.4257417
54915 1.8544679
55015 2.040555
55114 2.208589
55215 2.317576
55316 2.1174445
55416 0.963727
55516 0.2602744
55616 -0.38586473
55716 -0.75073624
55816 -1.1358936
55916 -1.6030777
56017 -1.6250782
56118 -1.6010177
56217 -1.2021041
56316 -0.18156385
56419 0.42904758
56518 0.9685297
56617 1.4090586
56717 1.5868478
56817 1.6463761
56918 1.6919608
57019 1.7609224
57119 1.6113296
57219 1.0871305
57318 -0.5107546
57402 -1.2244148
57503 -2.0524635
57603 -2.7730126
57702 -3.121624
57802 -3.46709
57903 0.0
58003 0.0
58103 0.0
58203 0.0
58303 0.0
58403 0.0
58503 0.0
58605 0.0
58705 0.0
58805 0.0
58904 0.0
59004 0.0
59108 0.0
59208 0.0
59305 0.0
59405 0.0
59508 1.6556768
59606 1.0574894
59706 -0.41636133
59808 -0.7569699
59908 0.028935432
60007 0.71262836
60106 0.8795867
60207 0.89539766
60306 1.2251282
60407 1.4407616
60508 1.7777166
60607 1.3508148
60707 0.5976505
60807 0.36185598
60911 0.18429232
61008 -0.5475774
61109 -1.3232951
61208 -1.1127708
61310 -0.85107946
61410 -0.46703768
61509 0.029214382
61610 0.3805604
61710 1.246069
61810 0.63061523
61910 1.2840681
62009 1.662632
62110 1.6943564
62210 2.061782
62312 1.7525988
62411 1.3421202
62511 0.113684654
62611 -0.6766386
62710 -1.1142006
62811 -1.1276841
62911 -1.613987
63011 0.0
63112 0.0
63211 0.0
63311 0.0
63412 0.0
63513 0.0
63614 0.0
63713 0.0
63813 0.0
63913 0.0
64013 0.0
64113 0.0
64213 1.2934442
64313 1.1638641
64415 0.33626223
64516 -0.7651777
64615 0.1722579
64715 0.41104078
64816 0.34719372
64915 0.60584164
65015 1.0844116
65115 2.9191375
65215 2.4674315
65315 1.9561677
65416 1.2395525
65515 0.8307996
65616 0.32279873
65715 -0.3442526
65816 -1.4854076
65918 -2.0948372
66017 -2.3942094
66117 -1.8137274
66218 -1.9371636
66317 -2.5336246
66418 -0.9211111
66517 0.7539959
66617 1.4922395
66718 2.1169457
66817 2.6327515
66918 2.7806077
67018 2.835585
67118 2.1375303
67220 1.7836885
67319 0.85218906
67419 0.10203457
67502 -0.41564655
67602 -1.6491172
67702 -1.4960542
67802 -1.7168148
67903 -1.9056468
68003 -1.7347603
68104 -1.0824783
68204 -0.106117725
68304 0.44875765
68404 0.65436125
68504 1.0087848
68604 1.4027472
68704 1.7865119
68805 1.9468145
68905 1.7178774
69005 1.3323283
69104 0.7971878
69205 0.19326973
69305 -0.6515646
69406 -0.76709604
69506 -0.8314462
69608 -1.2582664
69708 -1.9143214
69808 -2.1532047
69908 -2.300555
70006 -1.935036
70107 -1.6978714
70207 -1.0201192
70307 0.49879837
70407 1.0955553
70507 1.8438096
70608 2.3382745
70708 2.846414
70810 3.050497
70910 3.0218506
71008 2.587864
71108 1.7226739
71209 0.96717834
71308 0.2923255
71408 -0.47448635
71509 -1.31866
71609 -1.9547307
71709 -2.3441017
71810 -2.5011735
71910 -2.4843056
72010 -2.0648293
72110 -1.3816078
72210 -0.5697026
72313 0.018252373
72413 0.92484903
72513 1.3130465
72610 2.0098329
72713 2.6286325
72813 2.6019068
72913 2.4657235
73012 2.1660051
73113 1.7300138
73212 0.80146027
73313 -0.47090054
73413 -0.8674736
73512 -1.6226082
73612 -1.9823964
73712 -2.0017507
73813 -2.3194964
73913 -2.111093
74014 -1.4217823
74113 -1.2100196
74216 -0.5606909
74314 -0.48349857
74414 0.057807446
74515 0.4975109
74614 2.2675638
74715 2.7830229
74814 3.10421
74915 3.1471004
75015 2.6553879
