17 -3.5560453
118 -3.259771
217 -2.6389296
317 -1.7321105
417 -0.91607475
500 -0.3284955
600 0.49670935
700 1.1108232
800 1.7374978
900 2.372251
1000 3.1089344
1100 3.497141
1201 3.6042671
1303 3.612234
1403 3.3583183
1503 2.6276274
1603 1.7355194
1703 0.91871977
1803 0.035648346
1903 -0.97947454
2004 -1.9758573
2104 -2.781724
2204 -3.4617383
2304 -3.9398406
2404 -4.132193
2504 -4.0830536
2604 -3.8113942
2705 -3.4702394
2805 -2.8979712
2905 -2.162633
3005 -1.1513648
3105 -0.31116533
3205 0.5533037
3306 1.2844276
3406 1.9695711
3506 2.6407557
3606 3.1654873
3706 3.5273018
3806 3.7357273
3907 3.8608465
4007 3.884879
4107 3.8054028
4207 3.3007994
4308 2.2578554
4407 1.5143175
4508 0.71231174
4608 -0.17807198
4708 -0.97333
4808 -1.8571019
4908 -2.4744427
5009 -2.9832003
5109 -3.3193178
5208 -3.5673013
5310 -3.6644533
5410 -3.701753
5509 -3.6015596
5610 -2.7447677
5710 -1.7613368
5810 -1.1450634
5910 0.35846424
6010 0.84903
6110 1.7591181
6211 2.40597
6310 2.9852324
6411 3.3596067
6511 3.6695395
6612 3.824377
6712 3.7720718
7028 1.9155722
7129 1.1955314
7229 0.42270565
7329 -0.41688442
7429 -1.1603627
7529 -1.9004743
7629 -2.339561
7730 -2.7686498
7830 -3.0621653
7930 -3.136425
8030 -3.1130652
8130 -2.902917
8231 -2.310036
8330 -1.5286374
8431 -0.6706548
8532 0.0898242
8631 0.8905673
8731 1.4935889
8831 2.117238
8932 2.643766
9033 3.064559
9132 3.2451982
9232 3.312295
9332 3.3004627
9433 3.1607304
9533 2.6180048
9633 1.7996573
9733 1.0180917
9833 0.20016861
9934 -0.6439147
10033 -1.4233716
10134 -2.1202028
10234 -2.7718112
10335 -3.3162887
10435 -3.6651936
10534 -3.6896584
10634 -3.563238
10735 -3.2118564
10834 -2.5254939
10935 -1.8729258
11036 -1.0926831
11135 -0.37585163
11235 0.4265089
11335 1.1987052
11435 1.8349142
11536 2.4722023
11637 2.8839998
11736 3.1798725
11837 3.301115
11937 3.2851343
12037 3.0329208
12137 2.334066
12238 1.423739
12337 0.563416
12438 -0.3597746
12538 -1.1305652
12638 -1.9137228
12738 -2.5024467
12838 -3.0725636
12939 -3.5276449
13039 -3.9094224
13139 -4.134659
13239 -4.17971
13340 -3.9748187
13439 -3.5181017
13540 -2.6549835
13640 -1.787293
13740 -0.8538861
13840 -0.16295528
13940 0.55509806
14040 1.1974688
14141 1.7804308
14241 2.322754
14323 2.7484808
14423 3.246066
14523 3.5549755
14623 3.619444
14724 3.483533
14824 2.9951696
14925 2.4007707
15026 1.5925016
15126 0.77292204
15226 -0.0053548813
15326 -0.7939153
15426 -1.5923626
15526 -2.5055718
15626 -3.1931705
15727 -3.7613888
15827 -4.1327043
15927 -4.3342915
16027 -4.222663
16127 -3.7868373
16227 -3.0471222
16327 -2.2627566
16427 -1.388514
16528 -0.51723385
16628 0.41454744
16728 1.2145753
16828 1.8693037
16928 2.3593569
17029 2.8244963
17129 3.153491
17229 3.3811178
17329 3.5003128
17429 3.5068865
17529 3.2345552
17630 2.5642748
17730 1.5944581
17830 0.763504
17930 -0.16035414
18030 -1.0599892
18130 -2.1093094
18230 -2.8790116
18331 -3.3621986
18431 -3.7628105
18531 -3.9948566
18632 -4.0767717
18731 -3.872814
18831 -3.1132028
18931 -2.1549945
19033 -1.1008759
19133 -0.09886742
19232 0.61023617
19333 1.3352709
19433 1.8613195
19533 2.3277626
19633 2.7117033
19734 3.0597858
19834 3.116005
19933 3.1207209
20034 3.1352158
20134 2.6950364
20234 1.6323409
20334 0.8429985
20651 -1.8232307
20751 -2.5087426
20852 -3.1124263
20951 -3.4095592
21052 -3.5248785
21152 -3.4917598
21253 -3.2691505
21353 -2.5689993
21453 -1.6967003
21552 -0.80537176
21653 -0.04451084
21754 0.7361541
21853 1.4398017
21954 2.1131682
22054 2.704071
22154 3.0728388
22254 3.3138084
22355 3.5401325
22455 3.6148014
22555 3.5482283
22655 3.083847
22755 2.115827
22855 1.205204
22955 0.22266865
23055 -0.60379314
23156 -1.3942451
23255 -1.978126
23356 -2.6246266
23456 -3.1349607
23556 -3.6599514
23657 -3.976003
23756 -4.2087708
23857 -4.2186084
23957 -3.9480398
24057 -3.171426
24158 -2.238068
24257 -1.184444
24357 -0.3617344
24440 0.30234432
24541 0.95206547
24640 1.6202612
24740 2.1364365
24840 2.6213808
24941 2.9816384
25041 3.25947
25143 3.525526
25243 3.5873098
25343 3.4534159
25443 2.9491372
25543 1.8882685
25643 0.873065
25743 0.037169933
25843 -0.7823324
25944 -1.6471915
26044 -2.3535643
26144 -2.9786732
26244 -3.387617
26344 -3.5670688
26444 -3.6616595
26544 -3.5561924
26645 -3.2544916
26745 -2.4808602
26845 -1.6510806
26945 -0.76966
27045 0.16173553
27145 1.0329175
27245 1.6405959
27346 2.3032823
27446 2.775444
27546 3.097969
27646 3.2964725
27746 3.4195442
27846 3.3100405
27947 3.0119314
28047 2.181334
28148 1.2944098
28247 0.41234636
28347 -0.2757802
28447 -0.9501023
28548 -1.6711421
28648 -2.329352
28748 -2.887134
28848 -3.3874557
28948 -3.52932
29048 -3.5539136
29148 -3.3828766
29249 -2.6767077
29350 -2.0863855
29450 -1.3477218
29549 -0.66928434
29650 0.08066416
29750 0.7878275
29849 1.3941364
29950 1.988687
30050 2.4952211
30151 2.913456
30251 3.1978931
30351 3.39921
30451 3.4612923
30551 3.426115
30652 3.228423
30751 2.402368
30852 1.4203401
30952 0.6866021
31052 -0.009935379
31153 -0.657176
31252 -1.3073967
31352 -1.9589651
31453 -2.4753654
31553 -2.9027927
31654 -3.2997527
31753 -3.4738052
31853 -3.6310458
31954 -3.6313949
32054 -3.377661
32153 -2.5629377
32253 -1.6793449
32354 -0.7806697
32454 0.13829947
32554 0.85974455
32655 1.5519156
32754 2.0645766
32855 2.5919075
32955 2.96037
33056 3.2611294
33156 3.3618383
33256 3.399044
33356 3.2969818
33456 2.9555526
33556 2.2514658
33657 1.3718987
33756 0.5763521
33857 -0.3444519
33957 -1.2295043
34057 -2.0150826
34158 -2.7712493
34258 -3.36668
34358 -3.6558344
34440 -3.8419223
34540 -3.8616788
34640 -3.6656663
34741 -3.3717966
34840 -2.638359
34940 -1.9062905
35042 -0.9649153
35142 -0.0865407
35243 0.7484102
35343 1.4548607
35443 1.995244
35543 2.5244665
35643 2.9876885
35743 3.3589516
35843 3.6187916
35944 3.7189484
36044 3.5971394
36144 3.1072206
36244 2.1359534
36344 1.1128988
36444 0.18673229
36545 -0.6721096
36645 -1.7222488
36745 -2.5059476
36845 -2.9954827
36945 -3.3703697
37045 -3.679955
37146 -3.8878155
37246 -3.8905575
37346 -3.641984
37446 -2.9862437
37546 -2.198328
37646 -1.38621
37746 -0.63849926
37847 0.13614559
37947 0.8315859
38047 1.4849992
38147 1.9497614
38247 2.3271904
38347 2.5756812
38447 2.80859
38548 2.9555879
38648 3.259142
38748 3.460864
38848 3.3053188
38948 2.761444
39048 2.1097054
39150 1.0527673
39250 0.2298193
39349 -0.5967717
39450 -1.339164
39550 -1.9278998
39649 -2.7220762
39750 -3.181389
39850 -3.5156543
39951 -3.5755343
40051 -3.5606506
40151 -3.2316194
40251 -2.4580839
40351 -1.5570099
40452 -0.6711798
40768 1.6031814
40869 2.2935014
40969 2.8903403
41068 3.212905
41169 3.3629866
41269 3.3825617
41369 3.3143253
41469 3.0769339
41570 2.550177
41669 1.9282317
41770 1.2084942
41870 0.4898672
41971 -0.41235876
42071 -1.3049979
42170 -2.1207063
42271 -2.969337
42370 -3.5937595
42471 -3.987076
42572 -4.053875
42671 -3.9966543
42771 -3.7143264
42872 -3.311928
42973 -2.5570602
43073 -1.6511383
43173 -0.7801833
43273 -0.08570528
43355 0.51982975
43455 1.3430586
43555 2.0297136
43655 2.4814177
43755 2.719307
43855 2.841343
43957 2.9701576
44057 3.0232258
44158 3.0307627
44258 2.8488245
44358 2.1963348
44458 1.4353547
44558 0.7330961
44658 -0.0879364
44758 -0.7711654
44859 -1.4972496
44959 -2.2166133
45059 -2.7023082
45159 -3.0938962
45259 -3.363712
45360 -3.4863129
45460 -3.4692106
45560 -3.364767
45660 -2.9669333
45760 -2.240337
45860 -1.3880355
45960 -0.58262634
46060 0.24703789
46161 1.0613241
46261 1.8231292
46361 2.3232317
46461 2.6817017
46561 2.962739
46661 3.1283045
46762 3.239336
46862 3.2032328
46962 2.9259162
47062 2.4671478
47162 1.6291018
47262 0.83067894
47363 -0.06307173
47462 -0.787343
47563 -1.628818
47663 -2.3112097
47764 -2.9536793
47864 -3.3185744
47963 -3.4410527
48063 -3.5171802
48164 -3.3739479
48265 -2.9876294
48365 -2.2121778
48465 -1.3220971
48564 -0.6487093
48664 0.081178665
48765 0.92366934
48866 1.6053
48966 2.1569395
49066 2.5267324
49166 2.7444715
49266 2.9453049
49366 3.1271381
49467 3.1963434
49567 3.1065493
49666 2.7081628
49767 1.7654848
49866 0.96433544
49967 0.20377445
50068 -0.52515554
50168 -1.1464462
50268 -1.7245803
50368 -2.1608925
50468 -2.5517979
50568 -2.9100664
50668 -3.1634638
50769 -3.2915273
50868 -3.303886
50969 -3.0142305
51069 -2.3676152
51168 -1.3898425
51270 -0.4659958
51369 0.35179758
51470 1.0156684
51569 1.614708
51670 2.0811386
51770 2.4671593
51870 2.732563
51970 2.9184165
52071 3.0916338
52171 3.140028
52271 3.0679789
52371 2.7889342
52471 2.0876832
52572 1.2231245
52671 0.47241688
52771 -0.26303625
52872 -0.8675451
52972 -1.6215129
53073 -2.1613715
53173 -2.6712165
53272 -2.9617102
53355 -3.1024842
53456 -3.2503712
53555 -3.3240192
53655 -3.219474
53755 -2.7843862
53855 -2.0955493
53957 -1.2134349
54057 -0.43222857
54157 0.11455202
54258 0.85570145
54358 1.529139
54458 2.1157289
54558 2.661306
54658 3.1179104
54759 3.559126
54858 3.721549
54959 3.7465649
55059 3.4741402
55159 2.7599907
55259 2.048275
55359 1.2250528
55460 0.37682772
55560 -0.41957235
55660 -1.1441007
55760 -1.8401423
55861 -2.4164033
55960 -2.8166833
56060 -3.183469
56161 -3.362107
56261 -3.4470587
56361 -3.42951
56461 -3.0763965
56561 -2.3500447
56662 -1.5535359
56762 -0.7788
56862 -0.23320103
56962 0.48742533
57062 1.2345133
57162 1.9650092
57262 2.4907064
57362 2.9895592
57463 3.2733402
57563 3.4134989
57663 3.4188137
57763 3.2226973
57863 2.7184935
57963 1.9837928
58063 1.2091551
58165 0.31603336
58264 -0.47687912
58364 -1.1498744
58464 -2.0184383
58565 -2.7716763
58664 -3.2720997
58765 -3.6028109
58865 -3.77671
58966 -3.8179796
59066 -3.6902826
59166 -3.2300332
59266 -2.4596374
59366 -1.5490785
59467 -0.78383255
59566 -0.09993935
59666 0.6225395
59767 1.3083639
59867 1.8121338
59967 2.1442885
60068 2.4625597
60167 2.6825676
60267 2.8043952
60368 2.954104
60468 3.028185
60568 3.0192957
60669 2.747892
60769 2.1800652
60869 1.1990242
60969 0.32936096
61069 -0.53842306
61169 -1.4403718
61269 -2.1862411
61369 -2.7961497
61469 -3.1501892
61570 -3.3265648
61669 -3.4404442
61770 -3.4541323
61871 -3.2706678
61971 -2.924909
62071 -2.1108904
62171 -1.1636086
62271 -0.39902973
62370 0.3187065
62472 1.2602553
62571 2.0647554
62672 2.5585198
62771 2.8744683
62872 3.1228771
62973 3.252222
63073 3.3202229
63172 3.3805943
63273 3.408801
63355 3.4006748
63455 3.1405
63555 2.2760649
63655 1.2880301
63755 0.58197117
63855 -0.35775137
63957 -1.1267166
64057 -1.892206
64158 -2.6171854
64258 -3.05615
64358 -3.534268
64458 -3.830901
64558 -3.9796834
64658 -3.9741344
64759 -3.7267153
64859 -3.3438754
64959 -2.8006575
65059 -2.2023416
65476 0.94602585
65576 1.5407243
65677 2.1459837
65777 2.5898046
65877 2.8582258
65977 3.023034
66077 3.1418638
66177 3.2414503
66277 3.2635336
66378 3.0378246
66478 2.4739332
66578 1.709764
66679 1.0004296
66778 0.2199049
66879 -0.46052504
66978 -1.1114292
67079 -1.8308597
67179 -2.3687706
67279 -2.8114402
67380 -3.126946
67479 -3.1707234
67580 -3.031114
67680 -2.3817
67781 -1.5321019
67880 -0.7095156
67980 -0.0029525757
68063 0.7095494
68163 1.5349579
68263 2.2609262
68363 2.7221498
68463 3.0493097
68563 3.2858791
68664 3.3609247
68765 3.392273
68866 3.3524494
68966 3.007494
69066 2.4245086
69166 1.7131944
69266 0.9770584
69366 0.21710587
69466 -0.57766724
69567 -1.1948769
69667 -1.8919008
69767 -2.3340428
69867 -2.659978
69967 -2.80423
70067 -2.816545
70167 -2.5441756
70268 -1.8048275
70368 -0.9469156
70468 -0.2752118
70568 0.5197649
70668 1.2040362
70768 1.9050612
70869 2.5336647
70968 3.073515
71069 3.5988455
71169 3.9986744
71269 4.038046
71370 3.7508936
71469 3.0839767
71570 2.2762976
71670 1.2624235
71770 0.5659113
71870 -0.27192163
71970 -1.0118592
72070 -1.7984791
72170 -2.3771393
72271 -2.888258
72371 -3.2142005
72471 -3.3427308
72571 -3.2527676
72671 -2.9137683
72772 -2.2553039
72872 -1.4554944
72972 -0.70549774
73072 0.14233398
73172 1.0003896
73273 1.694181
73373 2.1094046
73473 2.554348
73573 2.8757982
73673 3.1698923
73773 3.375639
73874 3.5204105
73973 3.5520296
74074 3.431203
74174 2.986168
74275 2.1806679
74375 1.3195157
74475 0.53673315
74575 -0.3418274
74675 -1.0311081
74775 -1.8055115
74876 -2.264629
74976 -2.6870894
12 -3.5720623
112 -3.5575924
213 -3.0963855
312 -1.8756974
413 -0.81037855
513 0.061309814
613 0.814929
713 1.4773674
814 2.1093445
913 2.5645752
1014 2.9314394
1114 3.1639824
1213 3.3694944
1315 3.4735556
1415 3.4738865
1514 3.2978392
1615 2.7496977
1714 1.92135
1815 1.3013906
1915 0.5101557
2015 -0.18274641
2116 -0.90526915
2215 -1.5220387
2316 -2.0338974
2415 -2.4216163
2516 -2.7487867
2616 -2.9862418
2716 -3.1732526
2816 -3.3110704
2917 -3.3475463
3017 -3.131156
3117 -2.460833
3217 -1.4716251
3317 -0.6755214
3418 0.28190517
3500 1.0955143
3600 1.847148
3701 2.3517923
3800 2.6534967
3900 3.0345364
4000 3.3110466
4102 3.4429636
4203 3.479004
4303 3.4210987
4403 3.18548
4503 2.7274232
4603 1.9457984
4703 1.1962423
4803 0.38812542
4903 -0.12406778
5004 -0.7465725
5104 -1.2529037
5204 -1.6631141
5304 -2.0768478
5404 -2.4535503
5504 -2.7539961
5605 -3.019109
5705 -3.1904788
5805 -3.2061257
5905 -2.8831716
6005 -2.130483
6106 -1.2030702
6206 -0.41945648
6306 0.2758727
6406 1.0268126
6506 1.6453104
6606 2.2461333
6707 2.7141619
6807 3.1039047
6907 3.311698
7007 3.4206486
7107 3.4241972
7207 3.323946
7307 3.0637493
7407 2.6107497
7508 1.9996805
7608 1.2702231
7708 0.5279455
7808 0.13312817
7909 -0.47285748
8009 -1.1612439
8109 -1.6981425
8209 -2.2664857
8310 -2.7270637
8410 -3.0711834
8509 -3.2858255
8610 -3.43803
8710 -3.5077658
8810 -3.3875823
8910 -2.859605
9010 -1.8621376
9111 -0.83985806
9210 -0.05681753
9311 0.5677681
9411 1.1596074
9511 1.7145767
9612 2.2665505
9712 2.7160225
9811 3.1101122
9912 3.4112368
10011 3.4892826
10113 3.4916773
10212 3.4445744
10313 3.2347507
10413 2.672483
10513 2.0734863
10612 1.3595243
10713 0.742033
10814 0.050694466
10914 -0.4058733
11013 -0.97674465
11114 -1.595557
11214 -2.1417403
11315 -2.6519716
11415 -3.073334
11515 -3.2903929
11615 -3.3395398
11715 -3.308238
11815 -3.0484414
11915 -2.343609
12015 -1.5523019
12116 -0.8740668
12216 -0.058841705
12315 0.66537
12416 1.3446169
12516 1.8939795
12617 2.3495598
12717 2.6683817
12817 2.9339585
12917 3.0633945
13017 3.1272287
13117 3.1557055
13218 3.1358652
13317 2.9261627
13400 2.473452
13500 1.6501746
13600 0.8665104
13700 0.06528854
13800 -0.6323538
13900 -1.318311
14000 -1.8917687
14102 -2.411922
14203 -2.842347
14303 -3.184132
14403 -3.4496982
14503 -3.6423962
14603 -3.7057526
14703 -3.5160842
14803 -2.8001523
14904 -1.8393881
15004 -1.0655968
15104 -0.2298913
15204 0.3709483
15304 0.95395947
15404 1.3931952
15504 1.7608004
15605 2.1418366
15705 2.5573092
15805 2.9726968
15906 3.3256502
16005 3.5198555
16105 3.572381
16206 3.4949589
16306 3.1306324
16406 2.422834
16507 1.6479821
16606 0.717185
16707 -0.025455952
16806 -0.6374788
16906 -1.2082634
17007 -1.8013186
17107 -2.4913087
17207 -2.9641328
17307 -3.3000515
17407 -3.4573588
17508 -3.49615
17608 -3.4474375
17708 -3.0625
17808 -2.1735742
17908 -1.181232
18008 -0.27017498
18108 0.5928178
18209 1.3486738
18310 2.019189
18409 2.598246
18510 2.953907
18610 3.1424398
18709 3.1929493
18810 3.1744099
18911 3.0075607
19011 2.5757394
19111 1.9970026
19211 1.2586021
19311 0.31042862
19411 -0.45606756
19511 -1.2474251
19612 -1.948358
19712 -2.5752501
19812 -3.0887856
19912 -3.5156336
20012 -3.7440314
20112 -3.7967253
20213 -3.7061958
20312 -3.195129
20413 -2.2291622
20513 -1.3867059
20613 -0.5087986
20714 0.18670845
20814 0.9616194
20913 1.5337791
21014 2.0511146
21113 2.5879874
21215 3.031784
21314 3.4046555
21415 3.5276766
21515 3.5187674
21615 3.380125
21715 2.8738604
21815 2.1079164
21915 1.1568799
22015 0.2882886
22116 -0.47832775
22216 -0.93776226
22316 -1.5346947
22417 -2.2338538
22516 -2.7686648
22617 -3.210738
22716 -3.4439783
22817 -3.488402
22917 -3.2431006
23017 -2.4685755
23118 -1.55024
23218 -0.66839504
23317 0.2899475
23400 1.0048056
23500 1.7739954
23600 2.369391
23700 2.7968583
23800 3.043703
23900 3.1785355
24001 3.2539978
24103 3.239603
24203 2.9870691
24303 2.3865242
24403 1.4568534
24503 0.5104914
24603 -0.33382893
24703 -0.961638
24803 -1.7609138
24904 -2.3997855
25004 -2.8120456
25104 -3.1169608
25204 -3.2699199
25304 -3.246245
25404 -2.9176931
25504 -2.307191
25605 -1.5805569
25705 -0.90390635
25805 0.009028912
25905 0.8577347
26005 1.596961
26105 2.2956452
26206 2.886879
26306 3.2463074
26406 3.40944
26506 3.4338427
26823 2.3476152
26924 1.5749946
27023 0.65255356
27123 -0.13255882
27224 -0.6740265
27324 -1.475121
27425 -2.1207035
27525 -2.6606178
27625 -3.1677737
27725 -3.4487555
27825 -3.6028886
27925 -3.6709793
28026 -3.6303976
28125 -3.2906156
28226 -2.5918663
28326 -1.8795671
28427 -1.0346923
28526 -0.17901468
28626 0.5919428
28727 1.2527709
28809 1.7862167
28909 2.327487
29009 2.6100821
29109 2.8683214
29209 3.0128708
29309 3.0732536
29411 3.0990028
29512 3.039094
29612 2.5550337
29712 1.7538247
29812 0.8321333
29912 0.036165714
30012 -0.49959326
30345 -2.5406353
30446 -3.0386305
30546 -3.2654624
30646 -3.3020387
30747 -3.3005118
30847 -3.2087288
30947 -2.702165
31047 -2.0387068
31148 -1.283318
31247 -0.6063299
31347 0.0547266
31448 0.67863274
31548 1.3654833
31648 1.956778
31748 2.466693
31848 2.82408
31948 2.9982986
32049 3.0239706
32150 2.962191
32249 2.7644563
32350 2.246016
32449 1.6747656
32550 0.7616148
32867 -1.2896945
32967 -1.9049666
33068 -2.3489969
33167 -2.6756444
33268 -2.889009
33368 -3.081484
33468 -3.1682966
33568 -3.1765144
33668 -3.0848403
33769 -2.6479478
33868 -2.0564663
33969 -1.3398013
34369 0.9890809
34469 1.526207
34569 1.962039
34669 2.2717414
34770 2.5136442
34870 2.6468825
34970 2.7089186
35070 2.715191
35170 2.6642904
35270 2.3470216
35371 1.5579062
35472 0.5454469
35572 -0.3540864
35672 -0.9485035
35772 -1.7954311
35871 -2.3099074
35972 -2.7230537
36073 -3.025298
36173 -3.1818838
36273 -3.2309477
36373 -3.2358305
36473 -3.0044801
36573 -2.3408756
36673 -1.4198575
36774 -0.51282597
36873 0.28308678
36974 1.042223
37073 1.6993027
37174 2.2217011
37275 2.6985617
37375 2.9734178
37474 3.095747
37575 3.1151237
37674 2.9890108
37775 2.5960145
38092 0.100924015
38192 -0.46436548
38292 -1.111166
38392 -1.8042254
38493 -2.3753061
38593 -2.9171755
38694 -3.4845731
38794 -3.8817768
38894 -3.9509702
38994 -3.7950876
39395 -0.83796406
39494 -0.01104784
39595 0.76388884
39695 1.4833579
39795 2.0032907
39895 2.3945236
39995 2.7187743
40095 2.956674
40195 3.058525
40296 3.0660477
40396 2.9753904
40496 2.5089378
40597 1.9701858
40696 1.1236277
40796 0.35967302
40897 -0.2767768
40997 -0.7159028
41097 -1.4222546
41198 -2.0645204
41297 -2.5483708
41397 -3.0138938
41499 -3.2207668
41598 -3.3091698
41698 -3.3213143
41799 -3.1473963
41898 -2.796164
42216 -0.80992794
42316 -0.1843977
42417 0.40861464
42517 1.0609226
42918 2.581614
43017 2.8919754
43117 3.153695
43217 3.2584133
43317 3.2615633
43418 3.0518866
43518 2.5625024
43618 1.6978388
43718 0.9168
43819 0.15305614
43919 -0.31708097
44018 -0.8208618
44119 -1.4662323
44220 -2.130474
44319 -2.5989177
44420 -2.989529
44837 -2.4949355
44920 -1.7376842
45019 -0.9741912
45119 -0.23572683
45219 0.2864294
45555 2.0816674
45655 2.557611
45755 2.9442863
45856 3.280302
45956 3.4173117
46056 3.4565516
46156 3.4539566
46256 3.3241825
46356 2.8945274
46456 2.2476869
46556 1.4730439
46651 0.6081357
46757 -0.19645786
46857 -0.83389664
46957 -1.5120258
47057 -2.0764875
47157 -2.6208222
47258 -3.0686483
47357 -3.3906064
47674 -2.8245242
47776 -2.0566642
47876 -1.1943238
47976 -0.36738873
48076 0.43500662
48176 1.1842909
48275 2.027976
48376 2.702155
48477 3.203126
48576 3.4215374
48677 3.484498
48777 3.4791355
48877 3.4058218
48977 3.1066837
49078 2.4594069
49178 1.6844244
49278 1.0218601
49378 0.36074734
49478 -0.047717094
49578 -0.6154642
49678 -1.3209457
49779 -1.9992516
49878 -2.5652523
49979 -3.0039763
50079 -3.3676898
50179 -3.443007
50496 -2.2053745
50596 -1.4289112
50697 -0.57587767
50797 0.18810558
50897 0.8498831
50997 1.5989547
51097 2.1237764
51197 2.8232603
51297 3.3614588
51398 3.5938835
51498 3.656784
51599 3.5919237
51698 3.2777395
51799 2.608181
51899 1.7360983
51999 0.73629475
52099 0.037898064
52200 -0.50195074
52300 -1.1060162
52400 -1.7247479
52500 -2.2344906
52600 -2.6954572
52700 -3.0171256
52801 -3.1609921
52901 -3.2022815
53000 -3.206359
53101 -3.1706522
53201 -2.767741
53301 -1.9804196
53401 -1.0649211
53501 -0.1516242
53602 0.680778
53702 1.5683508
53802 2.257959
53902 2.7903762
54002 3.2843075
54102 3.6550846
54202 3.7788115
54303 3.797886
54402 3.7124434
54503 3.2908077
54603 2.4747071
54704 1.5957413
54803 0.8374891
54904 0.028757572
55004 -0.5704775
55104 -1.2127063
55205 -1.9100041
55305 -2.4504762
55405 -2.9168963
55505 -3.130467
55605 -3.226457
55705 -3.2263205
55805 -3.0250628
55906 -2.478231
56006 -1.7731903
56106 -1.0608516
56206 -0.2727971
56306 0.5791421
56406 1.4341063
56507 2.2630897
56606 2.9383836
56689 3.495844
56789 3.8125925
56889 3.9842644
56990 4.001602
57090 3.8797626
57189 3.4846592
57291 2.7515516
57391 2.0206804
57492 1.3795924
57592 0.6224718
57692 0.020406723
57792 -0.518631
57892 -1.2261577
57992 -1.8206444
58092 -2.3118196
58193 -2.6333432
58293 -2.865669
58393 -3.0525327
58493 -3.2014837
58593 -3.2626667
58693 -3.2833161
58794 -3.256357
58894 -2.9096217
58994 -2.1991296
59094 -1.4790497
59194 -0.70694923
59294 0.040928364
59395 0.5218954
59495 1.1351151
59595 1.7831893
59695 2.266221
59796 2.6180534
59895 2.9962945
59995 3.2773428
60095 3.4056988
60196 3.4754467
60296 3.474327
60396 3.4049578
60496 3.2769814
60596 3.048541
60696 2.5273094
60797 1.8542585
60898 1.271246
60997 0.5951128
61097 0.08920145
61197 -0.2998457
61297 -0.76651907
61397 -1.2898707
61499 -1.6983693
61598 -2.2432923
61699 -2.688178
61799 -2.9563935
61899 -3.1098711
61999 -3.2104855
62099 -3.274571
62200 -3.1665096
62516 -0.96592903
62616 -0.22699356
62717 0.43312502
62817 0.9575653
62917 1.7086959
63017 2.290883
63117 2.7690077
63217 3.2419195
63317 3.5699472
63418 3.6940365
63518 3.7216587
63919 2.7173867
64019 2.0627337
64119 1.2851706
64219 0.6732583
64320 0.22001171
64420 -0.16914463
64520 -0.7779827
64620 -1.282903
64720 -1.7994969
64820 -2.2981253
64920 -2.6460176
65020 -2.8499088
65121 -3.0272775
65221 -3.2164245
65321 -3.3050168
65421 -3.2880273
65521 -2.8804088
65621 -2.0785844
65721 -1.3120835
65822 -0.5777159
65922 0.05477047
66023 0.6900072
66123 1.3564014
66222 2.0543046
66323 2.678608
66423 3.0531902
66523 3.3364964
66623 3.4994783
66724 3.5449476
66824 3.510707
66924 3.3798857
67024 3.0346203
67124 2.5726867
67225 1.8635268
67324 1.0209827
67424 0.29752493
67525 -0.22581959
67625 -1.019815
67725 -1.7091572
67826 -2.3519213
67925 -2.8973095
68026 -3.3509367
68126 -3.5743794
68226 -3.6387308
68326 -3.6046145
68427 -3.4293494
68527 -2.9523225
68626 -2.2820363
68726 -1.5464549
68827 -0.9061613
68927 -0.15298605
69028 0.51178646
69128 1.0168676
69228 1.9926643
69328 2.5497222
69427 3.1070747
69528 3.4581947
69629 3.8585968
69729 3.9481812
69829 3.971613
69929 3.7048168
70028 3.2742949
70129 2.7692084
70230 2.1399598
70329 1.4814959
70430 0.85722065
70530 0.15995264
70629 -0.42743874
70730 -1.1352887
70830 -1.6797638
70930 -2.1782641
71030 -2.5675893
71130 -2.903371
71230 -3.1573212
71332 -3.377002
71431 -3.5777922
71531 -3.640568
71632 -3.5046084
71714 -3.130242
71814 -2.3988116
71914 -1.6551735
72014 -1.0466924
72114 -0.3211789
72216 0.3513174
72316 0.87599945
72417 1.3931336
72517 1.9181237
72617 2.3430014
72717 2.7530174
72817 3.1169453
72916 3.374772
73017 3.519024
73118 3.5449066
73218 3.4822655
73318 3.1478634
73418 2.4078584
73518 1.47297
73618 0.5883894
73719 -0.063477516
73819 -0.6498513
73919 -1.4927285
74019 -2.0446699
74119 -2.4616761
74219 -2.8095634
74319 -3.2343605
74754 -3.761757
74854 -3.3741634
74953 -2.4859805
