11 2.149971
112 2.7578802
212 2.5104737
312 1.2347159
412 -0.3344698
512 -1.4333146
613 -2.3603652
712 -2.729652
813 -2.27228
914 -0.66902065
1013 0.9960599
1114 2.049806
1214 2.4728203
1315 2.0539184
1415 0.50718594
1514 -1.1986
1616 -2.3059402
1715 -2.5871885
1815 -1.8513098
1916 0.027588844
2017 1.8305731
2116 2.6917243
2217 2.810927
2317 1.2317934
2418 -1.1535859
2518 -2.87638
2618 -4.0779114
2718 -3.7583067
2819 -2.6288712
2918 0.103146076
3003 1.3059969
3103 1.9540949
3203 1.5321021
3304 0.26060343
3403 -1.6129982
3504 -3.7043812
3604 -3.9621968
3704 -2.457713
3804 -0.26686954
3905 1.8931379
4005 2.7355294
4105 2.9152193
4206 2.6460304
4306 0.8084965
4406 -1.0665653
4507 -3.089677
4607 -2.9396157
4706 -1.4904423
4807 0.40992737
4908 1.8871641
5008 2.0789785
5108 1.2803583
5208 -0.15494108
5309 -2.1374257
5408 -2.775809
5509 -2.811042
5610 -1.6009457
5710 0.24491549
5810 1.954721
5910 2.7532377
6011 2.6566782
6111 1.4439507
6210 -0.20198917
6312 -2.1835566
6412 -3.1637018
6512 -2.6744525
6611 -0.71389866
6713 1.8003488
6813 3.6671133
6913 4.2134438
7013 3.7838688
7113 2.0241613
7214 -0.086836815
7314 -1.6751809
7414 -2.7866056
7514 -3.0653358
7615 -2.7121768
7715 -0.5119276
7816 2.0248594
7916 3.3518314
8016 3.8010044
8116 3.2356434
8216 2.1776085
8317 0.24205303
8416 -1.7687004
8518 -3.3156
8617 -3.9326904
8718 -4.5125866
8818 -2.9118736
8918 -0.61484003
9019 1.7187624
9118 2.533834
9219 2.854558
9303 2.7173462
9403 1.9493017
9503 -0.35248518
9604 -1.9855309
9704 -3.5281374
9804 -3.7213511
9905 -2.077873
10005 0.16127062
10105 2.3911333
10204 3.2469378
10305 2.9441595
10406 0.8209734
10505 -1.1920013
10606 -2.7762375
10707 -3.4594672
10807 -3.816102
10907 -3.5440574
11007 -1.8239534
11108 0.5122957
11208 1.8655548
11308 2.6899042
11408 2.6050935
11509 1.2754431
11609 -0.72831583
11709 -2.3248494
11809 -3.2574487
11909 -2.9539914
12009 -1.1305509
12110 1.1054945
12210 3.1042795
12311 3.6088467
12411 3.0369797
12511 1.3145509
12612 -0.6295471
12711 -2.3088672
12811 -3.6927528
12913 -3.915411
13012 -1.9459655
13113 -0.11450577
13212 2.2405672
13314 3.4789762
13413 3.3984957
13513 2.4802651
13614 0.1917677
13715 -1.7619755
13815 -3.4188356
13914 -4.3581324
14015 -4.1818643
14116 -1.6961455
14216 0.3720522
14315 2.9628668
14416 3.6008263
14516 3.675128
14616 3.0819435
14717 1.2109156
14818 -1.3051581
14918 -2.6309767
15018 -3.5081246
15118 -3.0511892
15219 -1.2461326
15318 0.5580244
15418 2.6996126
15503 3.1848974
15603 3.213355
15703 2.6643515
15803 1.2197256
15904 -0.34007215
16003 -1.440588
16104 -1.8512197
16204 -1.4844165
16305 -0.10321236
16405 1.2647557
16505 2.0341873
16606 2.106626
16706 1.9703088
16806 1.8310494
16906 1.7233763
17007 1.5220289
17107 1.2457404
17207 1.2065811
17308 1.396884
17408 1.576397
17508 1.7575021
17608 1.8379693
17708 1.3271799
17809 -0.6615591
17909 -1.5331712
18008 -2.2847962
18109 -3.2375653
18210 -3.4937172
18309 -3.2102633
18410 -1.5321872
18510 -0.082998276
18610 0.4806223
18711 1.1193109
18811 1.5619111
18911 2.0034194
19012 2.4148307
19111 3.0324974
19212 3.1883364
19313 3.1280298
19413 2.8478498
19513 1.7771697
19613 0.45987034
19714 -0.39749956
19814 -1.4501824
19914 -2.0022852
20015 -2.241006
20115 -2.3186445
20215 -2.3043904
20316 -1.9939475
20416 -0.5535369
20516 0.9185486
20615 1.7024164
20717 2.112207
20817 2.2992692
20917 2.5549364
21017 2.6828985
21118 2.6739922
21218 2.6096787
21318 2.203021
21419 1.2495351
21518 0.2913332
21619 -0.5451789
21702 -1.1513219
21803 -1.7457528
21903 -2.294329
22003 -2.5878124
22104 -2.6581693
22203 -2.778287
22304 -2.769491
22404 -2.2893062
22505 -1.3510442
22605 0.16441059
22705 0.60085726
22805 1.0364075
22905 1.6302938
23006 1.8896966
23106 1.9298258
23207 1.9425316
23307 1.9871664
23407 2.2808113
23508 2.4477549
23607 2.1917772
23708 0.41646862
23808 -1.0722637
23908 -2.7763271
24008 -4.4005456
24109 -4.9679875
24208 -5.0
24309 -4.924661
24410 -4.32468
24510 -4.0785084
24609 -3.1933174
24711 -1.9415994
24811 -0.9311743
24910 0.3130045
25010 1.26402
25112 2.375482
25212 2.588832
25311 2.7224555
25411 2.8312697
25513 3.0083103
25613 3.0593586
25713 2.9256501
25814 2.4792418
25914 1.0840545
26014 0.017495632
26114 -0.93464184
26215 -1.5886548
26314 -1.8357823
26414 -1.9971006
26515 -2.011183
26616 -1.9911971
26716 -1.6484692
26816 -0.2673831
26916 1.0163093
27017 1.7633095
27117 1.8413172
27217 2.1705656
27318 2.4458108
27418 2.5975924
27518 2.630169
27619 2.6681986
27719 2.7509742
27819 2.8205733
27918 2.7827973
28003 2.3060102
28103 0.86804724
28203 -0.18405437
28304 -1.4204319
28404 -1.9686136
28504 -2.1545193
28604 -2.1582503
28705 -2.1498957
28805 -2.1478457
28906 -2.1368275
29005 -1.4385865
29106 0.32682133
29206 1.6112213
29305 1.8960657
29407 2.28082
29507 2.494256
29607 2.5726166
29707 2.5815659
29808 2.567543
29908 2.5617166
30008 2.559095
30108 2.5530257
30208 2.452726
30308 1.1285844
30408 0.27342796
30510 -1.0370803
30610 -2.0526032
30710 -2.4022696
30809 -2.4686584
30911 -2.450679
31011 -2.3919404
31111 -2.3659432
31210 -1.16507
31312 0.98897505
31411 1.8251328
31511 2.160573
31612 2.242896
31713 2.3874254
31813 2.4669409
31912 2.490924
32014 2.4954538
32114 2.4941077
32214 2.4712362
32314 2.2235198
32414 1.1655111
32514 0.35482407
32614 -0.30998755
32714 -1.0161014
32816 -1.7379196
32916 -2.2447972
33016 -2.4813159
33117 -2.6277797
33216 -2.7473772
33317 -2.7785175
33417 -2.7759738
33517 -2.6768389
33617 -2.1498902
33718 -0.8416691
33817 0.2907343
33918 1.2725673
34018 2.1128836
34119 2.5426826
34203 2.6411147
34303 2.6647706
34403 2.6670256
34504 2.667038
34604 2.655445
34704 2.566143
34803 1.7793264
34905 0.38558674
35005 -0.7694483
35105 -1.575777
35205 -2.166678
35305 -2.4989207
35406 -2.5804298
35506 -2.599196
35607 -2.6023467
35707 -2.6009262
35807 -2.596455
35907 -2.2961395
36007 -0.8436794
36108 0.7575426
36208 1.8007364
36307 2.4421568
36407 2.5893884
36508 2.6079483
36609 2.6060143
36708 2.585328
36810 2.5663452
36910 2.4870682
37010 1.9302053
37110 0.9955015
37210 -0.10604763
37311 -1.0699608
37411 -1.7407455
37511 -2.3944702
37612 -2.7292638
37712 -2.794879
37811 -2.8061528
37912 -2.8100343
38012 -2.807364
38113 -2.7926936
38213 -2.2531037
38314 -0.5946684
38414 0.8976507
38514 1.7773528
38614 2.303977
38714 2.423945
38815 2.4168763
38914 2.3671408
39015 2.3522935
39116 2.368936
39216 2.3664665
39316 2.2533941
39417 1.5786796
39517 0.5515585
39617 -0.2676344
39717 -1.3310578
39817 -2.1161213
39918 -2.6954527
40018 -3.1417937
40118 -3.2663138
40219 -3.3710582
40319 -3.2715895
40419 -2.728769
40502 -2.1466923
40603 -1.2489941
40703 -0.0693717
40803 0.84920263
40904 1.5920815
41004 2.0972276
41104 2.3797202
41204 2.441311
41305 2.4719477
41405 2.4742599
41505 2.4653335
41606 2.4360657
41706 2.3562913
41805 1.1539793
41907 0.080961704
42007 -0.75198364
42107 -1.6822019
42208 -2.318768
42308 -2.809385
42408 -3.0046515
42508 -3.0879877
42608 -3.0969777
42709 -3.0148902
42809 -2.7335074
42909 -1.651284
43010 -0.19982576
43110 0.7240362
43210 1.4166121
43310 1.8004022
43410 2.1259794
43510 2.3823256
43611 2.5019445
43711 2.550116
43812 2.551577
43912 2.4607744
44012 2.2580223
44112 1.8079882
44213 1.0307808
44312 0.0934906
44412 -0.45818567
44514 -1.0284634
44614 -1.618197
44714 -2.193122
44813 -2.629397
44914 -2.7902117
45014 -2.8196738
45115 -2.7961419
45216 -2.7006745
45315 -2.085921
45416 -0.7082181
45516 0.5277519
45616 1.3229156
45717 1.8583755
45817 1.930459
45917 1.9615602
46018 2.0372415
46118 2.157834
46218 2.3137293
46318 2.6170073
46419 2.515039
46519 1.0972056
46618 -0.14904499
46702 -1.152071
46803 -2.316495
46903 -2.9113336
47003 -2.3756738
47104 -0.36179352
47203 1.3688059
47303 2.2937622
47403 2.643055
47505 2.2818632
47605 0.77443314
47705 -0.6216197
47805 -2.364986
47906 -3.1973782
48005 -2.7863145
48106 -0.9056673
48207 1.171557
48307 2.4503555
48406 2.5822654
48508 2.3988295
48608 1.2218165
48708 -0.62281466
48807 -2.1639416
48909 -2.6797848
49009 -1.7400239
49109 0.20847416
49209 2.0633988
49310 2.5697646
49410 2.5471969
49510 1.335
49610 0.021395206
49711 -1.4609344
49811 -2.7260046
49910 -2.3569648
50012 -0.4414568
50112 1.7173615
50212 2.5004692
50312 2.658825
50412 2.161686
50512 0.30266142
50613 -1.7759056
50713 -2.8050835
50813 -2.7490766
50914 -1.3152859
51014 0.7828226
51115 2.1404142
51215 2.649405
51314 2.1294365
51415 0.57904005
51515 -1.1134853
51616 -2.3825064
51716 -2.7821522
51816 -2.524464
51917 -0.5283179
52017 1.2908435
52117 2.4721975
52217 2.735752
52317 1.9645157
52417 0.39171982
52518 -1.0881863
52618 -1.9234354
52719 -1.6996696
52818 0.022061348
52902 1.4897203
53003 2.6990905
53102 3.0974627
53204 2.6497965
53304 1.1635547
53403 -0.63497305
53504 -2.5337458
53604 -3.0112045
53705 -2.4592962
53805 -0.15603256
53905 1.7836943
54005 3.0648184
54106 3.2829075
54206 2.6449838
54306 1.0418177
54407 -0.8420248
54507 -2.7669082
54606 -4.8766894
54706 -4.1693435
54808 -1.9872794
54908 0.35461426
55007 2.1085157
55109 2.7715888
55208 2.5958557
55309 1.0275764
55409 -0.9146924
55509 -2.0153024
55610 -2.494858
55709 -2.0096574
55810 -0.21358967
55910 1.3837919
56011 2.1700654
56110 2.5709229
56211 2.4864683
56312 0.6642599
56412 -0.93468046
56512 -1.6767926
56612 -2.0212762
56713 -0.9868822
56813 1.1207252
56912 2.3022966
57013 2.7071204
57114 1.7020698
57214 -0.54862785
57314 -2.2395859
57415 -3.3984296
57515 -3.4028718
57615 -2.2293386
57715 -0.42495537
57815 1.2290754
57915 2.2942095
58016 1.8721986
58116 -0.06916714
58216 -1.7422314
58317 -2.8853316
58417 -2.692129
58517 -1.3871014
58618 0.50837755
58718 1.5800261
58818 1.9775877
58919 1.8068213
59019 0.09489155
59118 -1.6685433
59203 -2.6793807
59302 -2.863454
59403 -1.4852054
59504 0.6419301
59604 2.4409933
59704 2.7901201
59804 2.5960817
59905 0.97379875
60005 -1.3013859
60105 -2.6139324
60205 -3.1866734
60306 -2.1927521
60406 -0.12243891
60506 2.1398954
60607 2.717103
60707 2.504589
60807 1.0101528
60906 -1.3082852
61008 -2.753268
61108 -3.1750941
61208 -2.0247169
61308 0.13914347
61408 2.2557144
61509 2.6747665
61609 2.029448
61709 -0.14555216
61809 -1.9531007
61910 -3.349143
62009 -3.616455
62109 -2.4505467
62211 -0.41566658
62310 1.5247831
62411 2.5557585
62512 1.6843123
62612 -0.5516043
62712 -2.412155
62812 -3.2664392
62912 -3.0286875
63013 -1.4744084
63113 0.27153778
63213 1.500823
63314 1.829669
63414 1.3078237
63514 -0.39820576
63615 -2.0337782
63714 -2.7109694
63815 -2.734434
63914 -1.547873
64015 0.19318104
64116 1.76016
64216 2.326519
64316 1.7320457
64416 -0.101109505
64517 -2.00019
64616 -2.8058512
64717 -3.4446282
64818 -2.8213267
64917 -1.0388427
65018 0.56376123
65119 1.5556679
65219 1.7523651
65319 1.1674848
65403 -0.30851746
65502 -2.2348113
65603 -3.2973785
65703 -2.7835958
65804 -0.8780041
65904 1.0256939
66004 1.795124
66105 1.9041128
66204 1.1201816
66305 -0.34774017
66405 -2.0161176
66506 -2.2977672
66606 -1.3442955
66705 0.19081736
66806 1.7167435
66907 2.546126
67007 2.5278497
67107 1.2450433
67208 -0.9200964
67308 -2.264602
67408 -2.5007725
67508 -1.5479865
67608 0.17051601
67709 1.823493
67809 2.0746408
67909 2.1343598
68009 0.53218937
68109 -1.4531741
68210 -2.136293
68310 -2.0785909
68411 -0.73654604
68511 0.9901743
68610 2.083766
68712 2.2215905
68812 1.62847
68911 -0.19923544
69012 -1.7507782
69113 -2.7600498
69213 -2.639518
69312 -0.7691965
69413 1.0922112
69513 1.9156632
69614 2.059485
69714 1.4647698
69814 -0.39602137
69914 -1.8206658
70014 -2.6181276
70114 -1.895086
70215 0.16213894
70316 1.9631233
70416 2.533091
70516 2.41546
70616 0.8120661
70717 -1.2745183
70816 -2.7382536
70917 -3.354093
71018 -2.0043569
71117 0.3645916
71218 2.7566605
71318 3.502901
71419 3.1147757
71519 1.7348166
71618 0.026519775
71702 -1.2689991
71803 -2.2734122
71904 -2.8872786
72004 -1.9868958
72104 0.46156025
72204 3.1322384
72304 3.530239
72405 3.1683826
72505 2.1782022
72604 -0.062258244
72706 -1.9024456
72805 -3.464734
72906 -3.7210205
73005 -2.3211074
73106 -0.3277464
73207 2.162867
73307 3.2545996
73408 2.8428926
73508 1.709188
73608 -0.029065609
73708 -2.0334036
73808 -3.0522275
73909 -2.844808
74008 -1.6569672
74109 0.0034570694
74209 2.187767
74310 3.0001469
74410 2.213529
74510 0.61301947
74610 -1.2785411
74710 -2.2155461
74811 -2.331057
74911 -1.9765391
75012 -0.09710789
72 -0.1353364
172 2.1098466
272 2.9227653
372 2.706047
473 1.2536745
572 -0.91323996
672 -2.3726754
774 -2.921856
874 -2.2448626
973 -0.7034607
1074 1.3718638
1174 2.3849092
1275 2.5272894
1374 1.3351493
1475 -0.824893
1576 -2.498641
1676 -3.0680957
1776 -2.103216
1876 -0.39024353
1977 1.6891656
2077 2.587062
2177 2.6802979
2277 1.1534033
2377 -0.9114847
2478 -2.6597106
2578 -3.2254996
2678 -1.9842138
2778 0.0655818
2879 2.288381
2979 2.8794794
3080 2.2169037
3180 0.51017046
3280 -1.1866393
3380 -2.2399478
3480 -2.2794318
3581 -0.9833064
3680 0.7739186
3780 2.23594
3881 2.6219878
3981 2.2160416
4082 0.82118034
4182 -0.6099658
4283 -1.6286488
4383 -1.8313191
4483 -0.9765701
4583 0.9097843
4684 2.4555802
4784 2.8802233
4884 2.4562912
4968 0.879848
5068 -1.0758095
5169 -2.1091514
5269 -2.1308968
5369 -0.92198277
5468 1.2967997
5569 2.645246
5670 2.76512
5770 1.8110085
5869 -0.198102
5970 -2.030486
6071 -2.660122
6171 -1.8923585
6270 -0.07526064
6371 2.2505736
6472 2.6716547
6572 1.9289412
6672 0.27044392
6772 -1.5441558
6873 -2.3044734
6973 -1.7490268
7073 0.098526955
7174 2.1765442
7273 2.744535
7374 2.158615
7474 -0.023461342
7575 -2.026523
7675 -3.2090824
7774 -2.6156077
7876 -1.0362828
7975 1.5442476
8076 2.6878533
8176 2.5096006
8276 1.0320997
8377 -1.2016957
8476 -2.8875592
8578 -3.2356014
8677 -1.8816485
8778 0.22488499
8878 2.3395452
8979 2.590989
9079 1.7676802
9179 -0.13102293
9279 -2.0848703
9380 -3.2133794
9479 -2.269443
9580 -0.22863054
9680 1.8522735
9781 2.6938224
9881 2.3769555
9981 0.9228401
10081 -1.1087909
10182 -2.380501
10281 -2.2979631
10382 -0.86465454
10483 1.5266213
10583 2.758195
10683 2.946618
10783 1.8552527
10884 -0.61630154
10983 -2.284547
11085 -2.8080726
11168 -2.149923
11267 -0.36060524
11368 2.1173453
11469 3.0097828
11569 2.4812775
11668 0.13332987
11768 -2.0295901
11870 -3.247061
11970 -2.5989878
12070 -0.9409094
12170 1.5096979
12270 2.7130623
12370 2.4271216
12471 0.53397894
12571 -1.9236779
12672 -3.4648097
12772 -3.7193272
12871 -2.2899957
12972 0.15769672
13073 2.2264147
13173 2.6672082
13272 1.8505569
13373 0.04097843
13474 -1.8420072
13574 -2.4732928
13673 -1.7017181
13775 0.31527805
13875 2.3505034
13974 2.953476
14075 2.8603888
14176 1.0975256
14276 -1.3549533
14376 -3.081159
14476 -2.9684849
14577 -1.1278026
14677 1.76303
14777 2.830018
14877 2.927349
14978 1.6624804
15077 -0.9606433
15178 -2.322518
15278 -2.5027883
15378 -1.127758
15479 1.3632703
15580 2.899043
15680 2.8822098
15779 1.7351217
15880 0.16125774
15980 -1.1454015
16080 -2.095517
16181 -2.4942312
16280 -2.8030963
16382 -2.8324265
16481 -2.1460464
16582 -0.85564137
16682 0.68624496
16782 1.5263548
16882 1.9783897
16983 2.2440023
17083 2.5246902
17183 2.6840425
17284 2.6231856
17368 1.9984841
17467 0.6757684
17568 -0.5734806
17668 -1.375232
17769 -1.8974118
17868 -2.365435
17968 -2.5356345
18070 -2.5440137
18170 -1.8236291
18270 -0.07919407
18370 1.5433707
18471 2.4050217
18571 2.75039
18671 2.8151116
18770 2.7474165
18872 2.4250402
18972 1.8392525
19072 0.7731638
19172 -0.718276
19272 -1.623647
19372 -2.2012815
19472 -2.5268373
19574 -2.6787395
19674 -2.7070055
19774 -2.2262032
19874 -1.0624969
19974 0.42927504
20074 1.7627249
20174 2.405305
20275 2.6888037
20375 2.8732147
20476 2.94975
20576 2.9874687
20676 2.9572706
20776 2.6757293
20876 2.1142058
20978 1.1141472
21078 -0.3564949
21177 -1.6096237
21278 -2.2767508
21378 -2.5962083
21478 -2.643586
21579 -2.6108158
21678 -2.449834
21779 -2.1051826
21880 -1.3261514
21979 0.4697237
22080 1.7960482
22181 2.4890718
22280 2.783104
22381 2.8169098
22481 2.8304305
22582 2.8787355
22682 2.8935404
22782 2.7582998
22882 2.0241404
22983 0.6553755
23083 -0.89225006
23183 -1.7280095
23283 -2.4906132
23383 -2.841229
23483 -2.887713
23584 -2.7887728
23668 -2.64011
23767 -2.4661064
23868 -2.2514904
23969 -1.725553
24068 -0.2890749
24169 1.0679202
24269 1.8731756
24370 2.338468
24470 2.7850142
24570 2.8779135
24670 2.8692694
24771 2.768477
24871 2.6944094
24970 2.6325212
25072 2.4850311
25172 1.8304391
25272 0.6597972
25372 -0.52926826
25473 -1.3836899
25573 -1.9313931
25672 -2.1356912
25773 -2.2927709
25874 -2.366851
25974 -2.4052827
26074 -2.4048839
26175 -2.321746
26274 -1.6044452
26375 -0.42047787
26475 0.8750205
26576 1.588726
26676 2.0922103
26775 2.6738343
26876 2.8609018
26977 2.8906288
27076 2.8210516
27177 2.5646195
27277 2.3726935
27377 1.9469085
27478 0.7319784
27578 -0.35966396
27679 -1.2220447
27779 -1.7604046
27878 -2.2074158
27979 -2.4445877
28079 -2.6330428
28180 -2.7123787
28280 -2.6738746
28381 -2.1881697
28480 -0.8979764
28581 0.8560381
28680 1.779705
28781 2.3340325
28881 2.7031083
28982 2.9300413
29082 3.205946
29182 3.465313
29283 3.630763
29383 3.6503248
29483 3.4002867
29583 2.7938933
29684 1.7701731
29784 0.46097136
29868 -0.6479292
29968 -1.5969548
30068 -2.1462505
30169 -2.5659933
30269 -2.6853175
30369 -2.675136
30468 -2.4627986
30570 -1.75911
30670 -0.6792922
30770 0.58104277
30871 1.4788551
30970 1.9056916
31071 2.3166213
31171 2.6091065
31271 2.8148565
31372 2.9658165
31472 3.0614815
31572 3.0576115
31672 2.896267
31772 2.095912
31872 0.7082195
31973 -0.7136402
32074 -1.6063488
32174 -1.9066954
32274 -2.2289934
32374 -2.4649732
32474 -2.5589871
32575 -2.5173097
32675 -1.9623454
32775 -0.82259417
32876 0.80005455
32975 1.7960281
33076 2.355071
33176 2.7209535
33277 2.8798819
33376 2.9419966
33477 2.911518
33578 2.7879725
33678 2.385386
33778 1.4807572
33879 0.3149743
33979 -0.65431404
34078 -1.4719424
34179 -1.9106877
34280 -2.2026625
34379 -2.3634286
34480 -2.4510741
34580 -2.4942195
34681 -2.5172343
34781 -2.5067062
34881 -1.8428335
34981 -0.095255375
35081 1.1586971
35182 1.9273634
35282 2.5434747
35382 2.8579645
35483 2.9227953
35583 2.9217653
35682 2.8725524
35783 2.8289971
35884 2.6912413
35984 2.2253675
36085 1.3598084
36167 0.39560032
36267 -0.742867
36368 -1.5358243
36468 -2.0618162
36569 -2.333032
36669 -2.410974
36769 -2.3464072
36870 -2.1528022
36970 -1.7462292
37070 -0.6021571
37171 0.6040659
37270 1.5579453
37370 2.1400566
37471 2.5378485
37572 2.785038
37672 2.9205208
37855 2.9762359
37956 2.8847642
38055 2.4355154
38156 1.2742319
38256 0.082202435
38357 -0.7865553
38456 -1.37342
38558 -1.6925061
38657 -1.9504728
38757 -2.0180976
38858 -1.9482291
38958 -1.3276379
39059 -0.2037034
39159 0.8376684
39259 1.5124807
39359 2.1114664
39459 2.448462
39560 2.6773977
39660 2.7360916
39761 2.732389
39861 2.603723
39961 1.9875169
40061 0.7653265
40162 -0.28524303
40262 -1.260241
40362 -1.7942371
40462 -2.1581342
40562 -2.2828412
40663 -2.3558536
40763 -2.3808846
40863 -2.3521466
40964 -2.1204932
41064 -0.98502254
41164 0.30165577
41265 1.1775036
41365 1.8109541
41465 2.3652039
41566 2.627221
41666 2.6900773
41766 2.7097216
41866 2.7495775
41967 2.7418337
42067 2.3684874
42167 1.0874796
42267 -0.032222748
42367 -1.0064213
42468 -1.4157398
42568 -1.8506904
42668 -2.202741
42769 -2.384973
42868 -2.4772274
42952 -2.4972587
43053 -2.4803104
43152 -2.255915
43254 -0.93055725
43354 0.46241856
43454 1.3961167
43553 2.158307
43655 2.5240264
43754 2.6404967
43855 2.7302713
43955 2.7526984
44056 2.6865678
44156 2.2569313
44256 1.1404853
44356 -0.09150267
44457 -0.86626005
44557 -1.2834759
44657 -1.6652884
44757 -2.0906186
44858 -2.5521755
44958 -2.761221
45058 -2.7883914
45159 -2.6155562
45259 -1.9770374
45359 -0.5550661
45459 0.56604624
45560 1.407331
45660 1.9060769
45760 2.2364554
45860 2.4245949
45961 2.273178
46060 1.0259752
46161 -0.61309147
46261 -1.7417874
46361 -2.3366332
46462 -1.9215822
46561 -0.13932467
46663 1.9954748
46762 2.7843065
46863 2.3894567
46963 0.58586025
47064 -1.4873905
47164 -2.494306
47263 -2.5047524
47364 -1.2315426
47465 1.5687399
47565 2.619494
47664 2.3818727
47766 0.63992834
47865 -1.6256187
47966 -2.4429548
48066 -2.0495977
48167 -0.31411076
48266 2.210967
48366 2.9457598
48467 2.3763862
48567 -0.41031456
48667 -2.1903949
48768 -2.7324777
48868 -1.5122795
48969 1.1483393
49069 2.903926
49169 3.0639668
49252 2.1143904
49353 0.25322628
49454 -1.654824
49554 -2.3921494
49654 -1.9386964
49754 0.18325806
49854 2.1167665
49955 2.8839393
50055 2.4469414
50154 0.9051657
50255 -0.86076164
50356 -2.0334446
50455 -2.4284208
50556 -1.516952
50656 0.361331
50757 2.216054
50857 2.9927115
50957 2.478273
51058 0.7537427
51158 -1.0808227
51258 -2.5400412
51357 -3.0233512
51459 -2.1893754
51558 -0.23672009
51659 1.6211929
51759 2.431819
51859 2.1826677
51960 0.5770302
52060 -1.2275124
52161 -2.2861
52260 -2.2484918
52360 -0.78795624
52460 1.5442481
52561 2.6334572
52661 2.6241379
52762 1.303658
52862 -0.6055908
52962 -1.992537
53063 -2.1745121
53163 -1.2175651
53263 0.7923002
53364 2.3983736
53463 2.7314234
53564 1.8456488
53664 0.099508286
53765 -1.7496605
53865 -2.2343805
53965 -1.8591764
54065 0.07359314
54166 1.9142809
54266 2.8489037
54366 2.7130332
54467 1.549994
54566 -0.28028297
54667 -1.8677104
54767 -2.2594924
54867 -1.5281379
54968 0.5637884
55068 2.183216
55168 3.0545712
55269 2.7654343
55369 1.1999779
55453 -0.8541508
55553 -2.4689445
55653 -2.849637
55753 -1.8652825
55854 0.6894102
55954 2.938501
56054 3.6860895
56154 2.886588
56255 0.9588804
56355 -1.5928783
56455 -2.785429
56556 -2.4221845
56655 -0.44796038
56756 2.1545649
56857 2.9471192
56956 2.3697557
57057 0.44060612
57157 -1.727485
57257 -2.6096401
57358 -2.1604724
57458 0.033366203
57558 2.3318276
57658 3.2981672
57759 2.810305
57858 0.9405899
57958 -1.5192745
58059 -2.2468958
58160 -1.9315853
58260 -0.11556959
58360 2.4137673
58460 3.3927507
58561 3.1502056
58660 1.1246958
58761 -1.5200799
58862 -2.7615743
58962 -2.5484197
59062 -0.35568905
59163 2.309607
59263 3.5053272
59362 3.3469486
59464 1.8492942
59564 -0.21125984
59664 -1.8928354
59763 -2.902796
59863 -2.8907392
59965 -1.4702926
60065 1.0047064
60165 2.3128572
60266 2.2921462
60366 1.0478168
60465 -0.90513563
60567 -2.1458998
60667 -2.5739925
60766 -1.8418481
60867 0.18177557
60967 1.8097816
61067 2.2278419
61167 1.4151359
61268 -0.5390992
61369 -1.9801171
61468 -2.332501
61568 -1.1005473
61669 0.97936535
61753 2.351438
61852 2.927855
61953 2.094191
62054 0.19465351
62154 -1.5190079
62254 -1.9357312
62354 -1.1161015
62455 0.9640455
62555 2.5888405
62655 2.9754248
62755 2.1646981
62856 0.48511076
62956 -1.5783641
63056 -2.3791356
63156 -1.7941334
63257 0.43594694
63357 2.4477782
63457 3.2062464
63558 2.480237
63658 0.6687894
63758 -1.2350852
63858 -2.3452096
63959 -2.3233905
64059 -1.1516387
64159 0.9614744
64259 2.4844184
64360 2.8562317
64460 1.6739068
64560 -0.55196285
64660 -2.0923774
64761 -2.738844
64861 -1.9784319
64962 -0.067602634
65061 1.9894586
65161 2.8443475
65262 2.4459357
65362 0.81991386
65463 -1.4011078
65563 -2.5544224
65663 -2.5072865
65764 -0.8709049
65864 1.2615438
65964 2.6977692
66065 2.736959
66164 1.3218465
66265 -0.51266384
66365 -1.8766975
66466 -2.3220694
66566 -1.6520629
66666 0.39583015
66766 1.997982
66866 2.6668282
66966 2.2575798
67067 0.5059848
67167 -1.1402841
67267 -1.9643533
67367 -1.8495021
67468 -0.52385664
67568 1.3846078
67669 2.545701
67769 2.774331
67869 1.7120347
67953 0.100236416
68052 -1.6496727
68153 -2.1728437
68254 -1.3358257
68354 0.44925594
68454 2.1289735
68554 2.5337725
68654 1.5829315
68755 -0.48264027
68855 -1.6658547
68956 -2.419069
69056 -2.061504
69156 -0.26918888
69256 1.6327887
69356 2.5803375
69457 2.0444093
69557 0.13853788
69658 -1.6810279
69757 -2.375377
69858 -2.071146
69958 -0.62635756
70059 1.4213004
70159 2.339007
70259 2.0141234
70359 -0.09042168
70459 -1.8684764
70560 -2.3916793
70660 -1.6204429
70760 0.5944071
70860 2.198513
70961 2.8031988
71061 2.0533462
71161 0.0104055405
71262 -1.644443
71362 -1.6902905
71462 -0.40118837
71562 1.6774988
71663 2.972879
71762 3.065754
71863 2.042605
71962 -0.012785435
72064 -1.8507228
72164 -1.7176595
72264 -0.20848751
72365 1.8838739
72465 2.9871902
72565 3.0155745
72665 1.5649018
72766 -0.3420472
72866 -1.8512921
72966 -2.331595
73066 -1.6642277
73167 0.45762777
73267 2.496581
73367 2.9330168
73467 1.8451295
73567 -0.29213
73668 -1.8196521
73768 -1.968596
73869 -0.74593496
73968 1.677701
74069 2.9221258
74153 2.9366179
74252 1.3384714
74353 -0.79353714
74454 -2.1767077
74554 -2.4636056
74654 -1.5468438
74754 0.10946703
74855 2.021525
74955 2.5626497
