8 0.0
108 0.0
208 0.0
308 0.0
408 0.0
511 0.0
611 0.0
711 0.0
810 0.0
909 0.0
1009 0.0
1110 0.0
1210 0.0
1310 0.0
1410 0.0
1511 0.0
1611 0.0
1711 0.0
1811 0.0
1911 0.0
2011 0.0
2113 0.0
2212 0.0
2312 0.0
2412 0.0
2512 0.0
2612 0.0
2713 0.0
2814 0.0
2912 0.0
3014 0.0
3113 0.0
3213 0.0
3313 0.0
3413 0.0
3514 0.0
3614 0.0
3714 0.0
3814 0.0
3915 0.0
4015 0.0
4115 0.0
4215 0.0
4315 0.0
4415 0.0
4517 0.0
4615 0.0
4716 0.0
4816 0.0
4916 0.0
5016 0.0
5117 0.0
5217 0.0
5317 0.0
5417 0.0
5517 0.0
5617 0.0
5718 2.6916533
5818 0.28000164
5918 -1.1891758
6018 -1.9066942
6118 -2.0890222
6218 -2.1089015
6319 -2.0292892
6419 -0.78297615
6503 0.671546
6603 1.9388161
6703 2.8304076
6803 3.0630484
6903 3.0579014
7003 2.599739
7103 1.1721029
7203 -0.4806757
7303 -1.5199451
7406 -2.1740928
7506 -2.4824078
7606 -2.4947956
7706 -2.44917
7804 -1.3174744
7905 0.40720415
8005 1.4906187
8105 2.4341712
8205 2.9900866
8305 2.9842591
8405 2.2606516
8505 1.0521188
8605 -0.4877429
8706 -2.0625036
8806 -3.3834543
8906 -4.0792375
9006 -4.171916
9106 -4.1576514
9206 -2.7438998
9307 -0.9104986
9407 0.6339507
9507 1.8536215
9608 2.655847
9707 2.8940454
9808 2.51858
9908 1.4898233
10275 -2.287657
10376 -3.2868066
10476 -4.1956534
10576 -4.432377
10659 -3.572336
10759 -1.992686
10860 -0.22280407
10960 1.7371216
11060 3.1131516
11160 3.4298286
11260 2.9698076
11360 0.0
11460 0.0
11561 0.0
11661 0.0
11761 0.0
11861 0.0
11962 0.0
12062 0.0
12162 0.0
12262 0.0
12362 0.0
12462 0.0
12562 0.0
12665 0.0
12765 0.0
12865 0.0
12966 0.18421936
13065 -1.4655452
13165 -2.3364158
13266 -2.8350453
13363 -2.5938625
13466 -1.3989227
13566 -0.08917999
13666 1.1612277
13766 2.2625666
13865 3.0414705
13964 3.2018728
14065 3.0659523
14165 2.2767167
14265 0.28712177
14365 -0.858407
14468 -2.2523584
14565 -2.846245
14668 -2.9230738
14766 -2.832766
14866 -2.3989444
14967 -1.18209
15067 0.17565632
15167 1.2106028
15267 2.0632539
15367 2.7123833
15467 2.8384461
15567 2.070352
15668 0.76287556
15768 -0.66790533
15868 -1.9132583
15968 -2.5696855
16071 -2.7649686
16171 -2.8719993
16271 -2.4550538
16371 -2.1945662
16471 -0.9215431
16569 0.48500156
16671 1.7923632
16769 2.650363
16869 3.0309162
16970 3.347107
17070 3.6206713
17170 3.6334257
17270 3.3523846
17370 2.7714791
17470 1.1615324
17572 0.65915203
17671 -0.24029255
17771 -1.3544662
17872 -2.5286496
17972 -2.9342737
18072 -3.1279945
18172 -3.3906815
18272 -3.3653834
18372 -3.1816795
18472 -2.4225507
18574 -1.7771478
18673 -0.87407017
18773 0.25760412
18873 1.0685182
18973 1.5838938
19073 2.0519114
19174 2.6253753
19273 2.708642
19374 2.5866027
19474 1.392684
19574 0.5187807
19674 -0.5892987
19775 -2.0056257
19877 -2.8826404
19975 -3.286127
20075 -3.53111
20175 -3.6482496
20275 -3.5364327
20376 -3.1788747
20476 -2.5602562
20575 -1.3349719
20659 -0.27867937
20760 0.7456856
20860 1.5716295
20960 2.4844933
21060 2.915029
21160 3.181347
21260 3.210472
21360 3.1808338
21461 3.0931873
21561 2.3905487
21661 0.9267187
21761 -0.25129414
21861 -1.3488636
21962 -2.163711
22062 -3.1832826
22162 -4.003371
22262 -4.146571
22362 -4.128235
22462 -3.707029
22562 -2.7210157
22663 -1.7137752
22763 -0.87606096
22863 0.39036846
22963 1.6222916
23063 2.6005259
23166 3.136938
23266 3.1698961
23366 3.1794548
23466 3.1434126
23566 2.7500443
23666 2.078775
23766 1.3245382
23865 0.35558224
23965 -0.51567173
24065 -1.1975989
24165 -1.7280955
24266 -1.8957577
24369 -2.2196507
24465 -2.1922345
24569 -1.7517312
24668 -1.0175929
24769 0.100524426
24866 0.83781576
24967 1.5680075
25066 2.2833924
25167 3.0871239
25267 3.1889496
25368 3.230854
25467 3.3798122
25567 3.4817696
25668 3.4926596
25768 3.0135612
25868 0.9192858
25969 -0.009908676
26069 -0.79581165
26171 -1.6710391
26271 -2.421067
26371 -2.996243
26471 -3.184259
26571 -3.056063
26671 -2.6867337
26772 -2.3812294
26870 -1.5577569
26972 -0.5706425
27071 0.42072916
27170 1.2209058
27271 1.5126543
27371 1.5824904
27471 1.6050668
27571 1.6177874
27671 1.6269188
27771 1.6338263
27871 1.6340508
27972 1.634253
28073 1.4617319
28172 0.19652557
28273 -1.4393153
28373 -2.3191452
28473 -2.9363847
28573 -3.2198846
28673 -3.3158288
28773 -3.3025877
28873 -3.0491366
28973 -2.0969343
29073 -0.3006897
29173 1.0010805
29274 1.9464889
29375 2.6976624
29475 3.5713263
29575 3.9126568
29674 3.93787
29775 3.8944616
29875 3.834097
29975 3.5839663
30075 3.1571293
30176 1.8172417
30276 1.0241804
30376 0.15249968
30460 -0.6629286
30560 -1.9940019
30677 -3.0737474
30760 -3.5362942
30860 -3.7941792
30960 -3.8151567
31060 -3.8109968
31161 -3.774983
31261 -3.696094
31361 -3.2282815
31461 -2.8084478
31561 -2.067149
31662 -0.95842457
31761 0.16127586
31862 0.92332125
31962 1.2908945
32062 1.6378393
32162 1.7508645
32262 1.659317
32362 1.4552813
32462 1.1855569
32563 0.779099
32663 -0.009441853
32763 -0.8063288
32863 -1.5187023
32966 -2.1908796
33064 -2.8172503
33166 -3.3505023
33266 -3.58784
33366 -3.503762
33466 -2.8772683
33566 -1.585645
33666 -0.5491519
33766 0.6870723
33865 1.4827642
33965 2.1138344
34066 3.248332
34169 3.5517273
34266 3.617239
34368 3.4937344
34466 3.2370281
34568 2.6061072
34668 0.56096315
34768 -0.6338563
34867 -1.492059
34967 -2.208643
35067 -2.8405778
35167 -3.3516817
35267 -3.6652474
35368 -3.670804
35468 -3.5663273
35568 -3.1727023
35668 -2.5177844
35771 -1.6386924
35871 -0.14034891
35968 0.816802
36068 1.6309218
36171 2.5138192
36271 3.1306696
36371 3.544447
36471 3.732172
36571 3.753377
36671 3.683157
36771 3.0775995
36870 2.2150488
36970 2.4375277
37071 1.5537429
37171 0.6780782
37271 -0.19535732
37371 -1.1851971
37471 -1.6754444
37571 -1.8230884
37671 -2.0550017
37772 -2.3456101
37872 -2.340423
37972 -1.9047282
38072 -1.2284138
38172 -0.38240337
38272 0.43540764
38373 1.5046754
38473 2.2700105
38573 2.835744
38673 3.3557186
38773 3.690589
38875 3.882783
38974 3.9153576
39074 3.836649
39174 3.7294846
39274 3.4096308
39374 2.9275603
39475 2.273024
39574 1.6207132
39675 0.6975641
39775 -0.24083376
39876 -1.0108299
39976 -1.6706727
40075 -2.3751104
40176 -2.800579
40276 -3.3326213
40360 -3.4164672
40460 -2.9820895
40560 -2.1915755
40660 -1.2421451
40760 -0.33797455
40860 0.44958782
40960 1.5271378
41061 2.4676986
41161 3.2978077
41261 3.7110262
41361 3.7060251
41461 3.646285
41561 3.3669806
41661 2.7377424
41761 1.8896132
41861 0.8242917
41962 -0.21198416
42062 -0.9611201
42162 -1.7817435
42263 -2.4921808
42363 -3.2503238
42464 -3.4349089
42563 -3.3140976
42663 -3.1768496
42766 -2.339109
42866 -1.5354946
42966 -0.5890837
43066 0.27803612
43166 1.0529103
43267 1.8707213
43367 2.569602
43466 2.978457
43565 3.2762108
43665 3.3918257
43765 3.3814373
43866 2.9736967
43965 2.25567
44066 1.2693882
44166 0.27577877
44266 -0.39717388
44366 -1.0829461
44466 -1.7726429
44566 -2.5401468
44666 -3.2187257
44768 -3.5818014
44867 -3.5242658
44967 -2.4029367
45067 -1.8659248
45167 -1.1254013
45268 -0.3545828
45368 0.18990612
45468 0.7949066
45570 1.3804893
45668 1.9422622
45771 2.4554014
45868 2.8640451
45970 3.0284796
46069 3.0218725
46170 2.818099
46269 2.337245
46370 1.6457772
46470 0.8708067
46570 -0.0759244
46670 -0.74032307
46770 -1.4805348
46870 -2.0581965
46970 -2.4268775
47071 -2.413623
47172 -2.0668857
47272 -1.3118916
47371 -0.6230421
47471 0.08447027
47572 0.7031355
47672 1.4300284
47772 2.060192
47872 2.5331993
47972 2.78473
48072 2.9303102
48172 2.7642164
48273 2.255011
48372 1.4113884
48474 0.33928013
48573 -0.4130621
48673 -0.88351727
48774 -1.2382226
48874 -1.676436
48974 -2.0536246
49074 -2.1870046
49174 -2.073536
49274 -1.7438736
49374 -1.4235339
49474 -0.9134517
49575 -0.19120502
49677 0.4884348
49775 1.0322256
49876 1.4654274
49975 1.8374915
50076 2.0196466
50176 2.0213594
50260 1.9287605
50360 1.3053427
50460 0.486001
50559 -0.012070179
50660 -0.3764825
50761 -0.7475538
50861 -1.058541
50961 -1.3408253
51060 -1.6419048
51161 -1.8882141
51261 -1.9042287
51361 -1.9102747
51461 -1.9059112
51562 -1.463028
51662 -0.735198
51762 -0.019154549
51862 0.8967252
51962 1.826407
52063 2.6480894
52163 3.1999493
52263 3.4184723
52365 3.4773502
52463 3.4317589
52563 2.9296746
52663 1.4922853
52766 0.65100145
52863 -0.104920864
52966 -0.9376817
53066 -1.6182294
53166 -2.2429779
53266 -2.2939622
53365 -2.3033652
53465 -2.3458116
53566 -2.0372014
53666 -1.1807308
53765 -0.48951244
53866 0.24524784
53966 0.9587436
54066 1.668396
54166 2.3918953
54266 3.0510998
54367 3.5701857
54467 3.7495003
54566 3.7608624
54667 3.508689
54767 2.354529
54867 1.2756314
54967 0.42553997
55068 -0.43048
55168 -1.1361988
55267 -1.7966297
55371 -2.2374005
55468 -2.808766
55571 -3.1432333
55671 -2.9894872
55771 -2.4485817
55869 -1.8835073
55969 -1.2342148
56069 -0.52394676
56169 0.21582317
56270 1.0442715
56370 1.8517141
56470 2.5607061
56570 3.019989
56670 3.3318005
56772 3.3744268
56871 3.2382374
56971 2.4518142
57071 1.6349931
57171 0.7652211
57271 -0.25484037
57371 -1.1038959
57472 -1.757771
57572 -2.3773532
57672 -2.9591336
57772 -3.1670926
57872 -2.8925245
57973 -2.7829506
58072 -2.5371256
58173 -1.4890816
58273 -0.7077117
58373 0.3435359
58473 1.3265219
58574 2.3200479
58673 2.9943633
58773 3.201521
58874 3.255412
58974 3.187807
59074 2.6010857
59174 1.7463617
59276 0.9424877
59374 0.15598726
59475 -0.57269764
59575 -1.3288033
59675 -1.9624307
59776 -2.4178596
59876 -2.5493999
59960 -2.2831779
60060 -2.1626415
60160 -1.7027066
60260 -1.0196755
60360 -0.22567415
60460 0.622489
60560 1.4416094
60660 2.0948095
60760 2.5400572
60861 2.7753458
60961 2.781035
61061 2.5300546
61161 1.7940302
61262 0.9483113
61362 0.012198448
61462 -0.76054955
61562 -1.9820113
61662 -2.6588306
61762 -3.1415718
61862 -3.5493157
61962 -3.5179088
62062 -3.1503253
62162 -2.587327
62266 -1.5941834
62366 -0.7494879
62463 0.55183744
62566 1.3801394
62666 2.011499
62766 2.4623504
62864 2.779654
62964 2.861043
63065 2.8334208
63164 2.073185
63265 1.0836048
63365 0.17054129
63465 -0.9122782
63565 -2.033506
63666 -2.9700668
63765 -3.8137155
63868 -4.101913
63968 -4.2201424
64068 -4.3382373
64168 -3.8183746
64268 -3.1219916
64368 -2.039762
64468 -0.9191885
64568 0.07947397
64668 1.0001736
64768 1.699132
64867 2.3309493
64968 2.758142
65068 3.00838
65171 3.0513535
65268 2.869349
65368 1.9784279
65471 0.9988861
65571 -0.07812452
65670 -1.1479275
65771 -1.9391589
65869 -2.6961954
65969 -3.4589891
66070 -3.7946882
66170 -3.7720404
66271 -3.711469
66371 -3.383593
66470 -2.8236375
66571 -2.224353
66671 -1.6675143
66770 -0.22635365
66871 0.6398425
66971 1.492382
67071 2.1743546
67171 2.692576
67272 2.9786692
67373 3.0858831
67473 3.0675488
67572 2.6008196
67673 1.6660295
67773 0.598968
67873 -0.5328369
67972 -1.5454128
68073 -2.4524455
68173 -2.9058166
68273 -3.3947015
68373 -3.5333993
68473 -3.5559175
68573 -3.3363922
68675 -2.6542583
68774 -1.8999715
68874 -1.1412845
68974 -0.16125488
69074 0.762681
69174 1.7754607
69275 2.5318437
69375 2.9568772
69475 3.280424
69575 3.340128
69676 3.058733
69776 2.5652604
69860 2.0406427
69977 0.77843904
70060 -0.17511082
70160 -1.2879074
70260 -2.3217225
70360 -2.7749534
70460 -3.0371823
70560 -3.2504928
70661 -3.2817647
70761 -2.851419
70861 -2.3463817
70961 -1.7389481
71061 -0.8330107
71161 0.21104574
71262 1.1867309
71362 2.1719542
71462 2.6874146
71562 3.0008984
71662 3.194767
71762 3.1446896
71863 2.9063005
71963 2.5242362
72066 1.5716715
72166 0.5132804
72263 -0.60163736
72366 -1.6763463
72466 -2.317657
72565 -2.8424525
72665 -3.2018073
72765 -3.3474476
72864 -3.1673334
72964 -3.0402403
73065 -2.7271004
73164 -1.5671463
73265 -0.44824743
73366 0.5846195
73465 1.6461248
73565 2.552443
73668 3.0101757
73768 3.3059034
73868 3.3480167
73968 3.1103687
74068 2.8802938
74168 2.2322335
74267 1.0269165
74368 -0.0422616
74467 -1.114116
74569 -1.9427266
74668 -2.7835813
74768 -3.493772
74869 -3.7881393
74968 -3.958533
6 -0.121797085
106 -1.0083244
206 -1.4916878
306 -1.6284881
405 -1.5365989
505 -0.95573235
605 0.11216831
705 1.3981524
808 2.3599067
908 2.8888726
1008 3.1722164
1106 3.157751
1208 2.6784925
1306 1.28896
1406 0.02827549
1506 -0.8559947
1606 -1.3313422
1707 -1.4510312
1807 -1.3858299
1907 -1.381691
2007 -1.2590661
2108 -0.24000835
2208 1.2861643
2308 2.0027275
2408 2.1693182
2508 2.2139373
2611 2.0579324
2711 1.2854242
2811 -0.18013191
2909 -0.8728337
3009 -1.2865767
3111 -2.0167308
3210 -2.0805173
3310 -2.990397
3410 -1.8218691
3510 -0.72445536
3610 0.86343336
3711 1.9613686
3811 2.5487442
3911 2.6900468
4011 2.264267
4111 1.1948481
4212 -0.13271523
4312 -1.0254822
4412 -1.489552
4513 -1.5826328
4612 -1.3471036
4712 -0.702034
4813 0.35950994
4913 1.5615768
5013 2.2795877
5114 2.718052
5213 2.7876577
5313 2.4449034
5414 1.7148352
5514 0.470479
5614 -0.9717727
5714 -2.0116563
5815 -2.896487
5915 -3.1323373
6014 -2.832702
6116 -1.7293744
6215 -0.5686922
6316 0.61251974
6415 1.6253624
6516 2.074998
6616 2.1267028
6716 1.6465979
6816 0.58596706
6916 -0.44689274
7017 -1.4197578
7117 -2.0126073
7217 -2.088694
7318 -2.1665287
7417 -1.9099035
7517 -0.6814699
7617 0.47398138
7718 1.4711905
7818 1.9937487
7918 2.1680274
8018 2.1482153
8118 1.761064
8218 0.77221966
8318 -0.39941072
8419 -1.1168342
8519 -1.4675927
8620 -1.5552108
8719 -1.7452626
8803 -1.7966671
8903 -0.88432026
9003 -0.121557236
9103 0.94659996
9203 1.5615807
9303 1.9097481
9403 2.0659456
9503 1.9488425
9606 1.4008813
9706 0.04074955
9806 -1.1175334
9906 -1.963485
10006 -2.878216
10107 -2.9094658
10205 -2.8325934
10305 -1.8539147
10405 -0.59941816
10505 0.5635643
10605 1.6021414
10705 2.1740303
10805 2.293425
10906 2.338324
11006 2.1981735
11106 1.7052231
11206 0.48499346
11306 -0.7528696
11407 -1.8693941
11507 -2.578915
11607 -2.8454602
11707 -2.8668485
11807 -2.7458847
11908 -2.4766767
12008 -1.1537704
12108 0.1243124
12208 1.1462092
12308 1.9199142
12408 2.534387
12508 2.6323996
12608 2.4583473
12711 1.5290108
12811 0.37943935
12910 -0.7795706
13011 -1.7379372
13110 -2.1183734
13210 -2.091919
13310 -2.602869
13410 -2.2215648
13510 -1.4901836
13611 -0.51704264
13711 0.70113087
13811 2.0116653
13911 2.7976785
14011 3.1164646
14112 2.924749
14212 2.3496943
14312 1.3954787
14412 0.09979868
14513 -0.8129101
14613 -1.5441761
14713 -1.7946839
14813 -1.8324437
14913 -1.390995
15013 -0.7438383
15113 0.31345367
15214 1.3907795
15314 2.4195585
15413 2.9045472
15515 3.0127811
15615 2.6185737
15714 1.6026354
15815 0.39486647
15915 -0.7281313
16016 -1.6906228
16116 -2.2261825
16215 -2.4067323
16315 -2.3839548
16416 -1.8649642
16517 -0.31827545
16616 0.9450393
16716 2.40652
16816 2.852933
16916 2.9368682
17016 2.6078482
17116 1.6051621
17216 -0.14794731
17318 -1.4775169
17417 -2.2905173
17517 -2.5114155
17617 -2.6417518
17718 -2.3576736
17818 -1.067255
17918 0.43462658
18018 2.0146112
18118 2.8328943
18218 2.8712454
18319 2.7329483
18418 2.0055757
18520 0.6038623
18619 -0.65181875
18719 -1.8345141
18803 -2.541802
18903 -2.9273171
19003 -3.648107
19103 -3.5598063
19203 -2.5096385
19303 -1.371489
19404 -0.26396942
19504 1.2293005
19604 2.3248901
19704 2.8371496
19804 2.9087663
19904 2.525917
20005 1.4700685
20104 0.199265
20205 -1.0977128
20305 -2.0070908
20405 -2.4850993
20505 -3.2217124
20605 -4.4583144
20706 -4.5689397
20807 -4.1004276
20909 -3.1298895
21006 -2.032394
21106 -0.87105846
21209 0.26264954
21309 1.2976503
21407 2.299347
21507 3.006651
21607 3.454401
21708 3.6237545
21807 3.662737
21907 3.5570889
22009 3.1631365
22108 2.2711725
22208 1.1914296
22308 0.062992096
22411 -0.9660182
22511 -1.7658329
22611 -2.440946
22711 -3.053146
22809 -3.1685934
22911 -4.030336
23012 -3.1611536
23112 -1.9437249
23212 -1.1438859
23312 -0.24429274
23411 0.9593148
23511 2.1655068
23611 2.9978356
23710 3.368433
23811 3.399869
23911 3.2812214
24014 3.1847725
24111 3.1302357
24214 2.9779243
24314 2.5040588
24413 1.4697089
24512 0.07355213
24613 -1.10009
24712 -1.8573797
24813 -2.754906
24913 -3.6990838
25013 -4.252374
25113 -3.938106
25213 -2.7579005
25313 -1.8683019
25414 -0.90192366
25514 0.36422634
25614 1.579215
25714 2.3663254
25814 2.8871698
25914 3.2880116
26015 0.0
26115 0.0
26215 0.0
26315 0.0
26415 0.0
26516 0.66992426
26616 -0.51716566
26716 -1.5833039
26818 -2.4871025
26917 -3.138269
27017 -3.7499654
27117 -3.8737006
27217 -3.9771361
27317 -4.1000166
27417 -3.8237987
27517 -3.0002115
27617 -2.1496387
27718 -1.3587849
27818 -0.30304384
27918 0.7150469
28020 1.5709343
28119 2.5668936
28218 3.3756037
28318 2.749681
28419 0.0
28503 0.0
28603 0.0
28703 0.0
28802 0.0
28903 0.0
29002 0.91821
29103 0.15976048
29204 -1.1216824
29304 -2.0640855
29404 -2.559851
29504 -2.8819458
29605 -2.865786
29704 -2.3606765
29804 -0.9762616
29904 0.054800987
30005 1.1242943
30105 2.0772095
30205 2.8528528
30305 3.4411097
30406 0.0
30506 0.0
30606 0.0
30706 0.0
30806 0.0
30906 0.0
31009 0.22976542
31106 -0.76545954
31206 -1.5705166
31309 -1.9278276
31409 -2.0331883
31509 -2.0507848
31608 -1.6452904
31708 -0.71925306
31809 0.43233204
31908 1.3756871
32008 2.0953584
32108 2.9458952
32209 3.2768202
32309 3.6707554
32409 0.0
32509 0.0
32609 0.0
32710 0.0
32810 0.0
32909 0.0
33009 0.0
33110 0.0
33210 0.0
33310 0.0
33410 0.63360834
33511 -0.00660038
33610 -1.2975154
33711 -2.3403373
33811 -2.8290522
33911 -3.422092
34014 -3.5776157
34114 -3.5346513
34214 -3.417993
34314 -3.40169
34412 -3.3965685
34512 -3.394052
34613 -3.3926568
34713 -3.4164677
34813 -2.8509097
34913 -0.9045038
35013 0.7316828
35113 2.3702707
35214 3.6432552
35315 4.1173954
35415 4.105402
35514 3.091776
35614 1.8619423
35714 0.77894306
35814 -0.18317795
35914 -1.3213131
36015 -2.2289276
36115 -2.9976456
36215 -3.4971077
36315 -3.7301397
36417 -3.6314
36517 -3.1934094
36616 -2.352003
36716 -1.2874553
36816 -0.2615676
36916 0.7557993
37016 1.6336884
37117 2.2787466
37216 2.862812
37317 3.537528
37417 3.7897701
37517 3.8044577
37619 3.164075
37718 2.148191
37818 0.917995
37918 -0.22373343
38018 -1.5085037
38119 -2.375368
38219 -3.0778022
38303 -3.4195132
38402 -3.4804065
38503 -3.1709847
38603 -2.3163152
38703 -1.0433929
38803 0.18616056
38903 1.4136214
39003 2.476519
39103 3.564146
39203 0.0
39303 0.0
39404 0.0
39504 0.0
39604 0.0
39705 0.0
39805 0.0
39905 0.0
40005 0.0
40105 0.0
40206 0.0
40306 0.0
40406 0.0
40505 0.0
40605 0.0
40706 1.1973085
40806 2.3326988
40906 3.3052082
41009 3.8392324
41109 3.6984854
41209 2.9720354
41309 2.1714945
41407 1.0793905
41508 -0.2779951
41607 -1.5394287
41708 -2.29279
41808 -2.4614303
41908 -2.141782
42008 -1.0882657
42108 0.43848038
42209 1.597229
42312 2.5962687
42411 2.9660645
42511 2.9460974
42611 2.0322008
42711 0.862339
42811 -0.014270306
42911 -0.6573553
43011 0.0
43111 0.0
43211 0.0
43311 0.0
43411 0.0
43511 0.0
43612 0.0
43711 0.0
43811 0.0
43912 1.2207541
44014 3.1107225
44114 3.786583
44214 4.057148
44314 4.089711
44413 3.6491337
44512 2.3160262
44613 0.872674
44713 -0.50498486
44813 -1.6711495
44914 -2.9560702
45013 -3.8142502
45114 -4.1091886
45214 -3.7432532
45314 -2.9093623
45414 -1.6704719
45514 -0.5060682
45614 0.45861435
45715 1.4259834
45815 2.2465806
45915 2.662448
46016 2.8500571
46115 2.8830895
46216 2.3032045
46316 1.148365
46416 -0.22255802
46517 -1.3893623
46616 -2.5268433
46716 -3.4556851
46816 -3.8336504
46917 -3.574827
47017 -2.4813895
47117 -1.2504687
47219 0.327106
47318 1.6000757
47418 2.707437
47518 3.4233599
47619 3.5831165
47719 3.3214254
47818 2.4706254
47918 1.3595424
48020 0.09366703
48120 -1.0609996
48203 -1.9612217
48303 -2.8510206
48403 -3.2842755
48504 -3.3099017
48603 -2.7658253
48703 -1.5171065
48803 -0.06340885
48903 1.1899939
49004 2.0628805
49104 2.6890159
49204 2.991706
49304 3.0288982
49404 2.7217302
49505 1.6824303
49605 0.322196
49705 -0.9893141
49805 -2.3165798
49905 -3.41818
50005 -3.6848888
50105 -3.406624
50205 -2.261459
50305 -0.9292064
50406 0.35554552
50506 1.5243516
50606 2.353747
50706 2.7326498
50809 2.7896233
50908 2.5216532
51009 1.7036529
51108 0.6959276
51208 -0.21463299
51308 -1.0121856
51408 -1.857383
51508 -2.5480561
51608 -2.75479
51708 -2.5874765
51808 -1.2911172
51908 -0.15607977
52008 0.9493427
52109 1.8430939
52211 2.6048827
52311 3.0043068
52409 3.1563587
52510 2.9804435
52610 2.08599
52709 0.61383057
52810 -0.76405334
52910 -2.1260595
53010 -3.235546
53110 -3.6144881
53211 -3.3968973
53311 -2.5616434
53411 -1.4589753
53511 -0.25320578
53613 1.1197395
53714 2.3031168
53814 3.063713
53913 3.3445206
54013 3.169732
54114 2.3851957
54214 0.8371954
54313 -0.7013941
54414 -2.2909894
54513 -3.7819865
54613 -4.6278005
54714 -4.5872145
54813 -3.5408309
54913 -1.842663
55014 -0.15419292
55114 1.3734598
55214 2.532496
55314 3.1781664
55414 3.2991533
55514 2.9018545
55615 1.8327789
55715 0.33159685
55815 -1.0850453
55915 -2.486316
56016 -3.625849
56116 -3.8155344
56216 -3.353953
56316 -2.071076
56415 -0.61334133
56516 0.9771776
56617 2.2801142
56717 3.100028
56817 3.3086262
56917 2.974894
57017 1.9936004
57118 0.5120554
57218 -0.97200394
57318 -2.0095665
57417 -2.8182127
57517 -2.929275
57617 -2.402294
57718 -1.2431788
57819 0.13408756
57918 1.6049662
58020 2.895762
58119 3.657298
58203 3.960312
58303 3.850091
58403 3.1523304
58503 1.8604097
58603 0.29426765
58702 -0.91774845
58804 -1.9538975
58904 -2.9135578
59004 -3.4711995
59104 -3.4172919
59204 -2.4604251
59304 -1.2105813
59405 0.24056101
59504 1.7627997
59604 3.1330805
59705 3.8277893
59805 3.9168825
59905 3.335925
60005 2.0822973
60105 0.4564414
60209 -1.0290127
60306 -2.0529826
60409 -3.0832355
60506 -3.4489794
60608 -2.9400685
60709 -1.6681609
60808 -0.095226765
60909 1.6834974
61009 3.1273088
61109 4.1737976
61209 4.483406
61309 4.333416
61408 3.2308598
61508 1.7841978
61608 0.08815241
61709 -1.2351182
61811 -2.3274348
61911 -3.105042
62011 -3.288671
62111 -2.703704
62211 -1.4826043
62311 0.097920895
62409 1.5996604
62509 2.7558885
62611 3.3789463
62711 3.4821377
62810 2.9369898
62910 1.764524
63011 0.10616064
63111 -1.0753856
63211 -2.0499659
63311 -2.9011981
63411 -3.4720197
63514 -2.993941
63614 -1.710799
63714 -0.23089743
63814 1.184597
63914 2.3947244
64014 3.064334
64113 3.2199764
64214 2.6960154
64314 1.4483972
64413 -0.044676304
64514 -1.29456
64614 -2.3476768
64713 -3.2313166
64813 -3.4693468
64914 -3.100819
65014 -2.0491261
65115 -0.6961112
65214 0.7300482
65314 2.2371354
65414 3.1913624
65515 3.655302
65615 3.3996077
65715 2.4776902
65815 0.9252062
65916 -0.50875473
66015 -1.7366328
66116 -2.7874455
66218 -3.2501698
66317 -3.133123
66417 -2.2799957
66516 -1.0886517
66617 0.32430744
66717 1.7034464
66817 2.8506727
66917 3.3194685
67017 3.261074
67118 2.3773804
67218 0.87551594
67318 -0.474339
67417 -1.6889522
67519 -2.5114918
67619 -2.8498735
67719 -2.5825539
67818 -1.7799923
67918 -0.94547987
68003 -0.083390236
68103 0.96004915
68203 2.0360398
68302 2.6459093
68403 2.8738222
68503 2.8040185
68603 2.1503959
68704 0.8423667
68804 -0.41506624
68904 -1.7294183
69005 -2.93502
69104 -3.70192
69204 -3.7141695
69304 -3.0246174
69405 -1.6758614
69505 -0.33832216
69605 0.93705416
69705 2.0962305
69805 2.819664
69905 2.981042
70008 2.6820931
70106 1.7213874
70208 -0.026123524
70306 -1.2010632
70406 -2.1662776
70506 -2.6214383
70609 -2.4735394
70706 -1.775142
70809 -0.57394314
70909 0.79200125
71009 2.1341033
71110 3.0224857
71208 3.4603138
71308 3.4683647
71408 2.9445753
71508 1.623292
71609 0.15533352
71709 -0.99278545
71809 -1.9552417
71909 -2.634501
72009 -2.8012283
72110 -2.226606
72210 -1.0177739
72310 0.40779972
72409 1.7985306
72510 3.0215282
72610 3.8901348
72710 4.115923
72810 3.6431417
72910 2.4551635
73010 0.7955961
73111 -0.6151438
73214 -1.8572628
73311 -2.8250678
73414 -3.258426
73513 -2.9404862
73614 -1.7964466
73714 -0.31514645
73814 1.1817751
73914 2.651895
74014 3.5843086
74114 3.905779
74213 3.7410965
74313 2.8098936
74413 1.265739
74513 -0.18385029
74614 -1.4864247
74714 -2.7623591
74813 -3.6540284
74914 -3.8111136
75014 -3.2458055
