17 -4.246129
116 -4.5227795
217 -4.551404
316 -4.399878
416 -3.5165231
516 -2.2665012
617 -1.1151862
716 0.379426
816 1.7485213
918 3.1220741
1017 3.9283695
1118 4.5370264
1217 4.698393
1318 4.6242886
1418 4.071824
1518 3.0222445
1618 1.7765517
1718 0.3609743
1819 -1.1781425
1920 -2.55391
2024 -3.356072
2119 -4.2561283
2219 -4.5572815
2320 -4.476089
2420 -3.914224
2520 -2.903372
2620 -1.8012927
2720 -0.61693954
2820 0.6126509
2923 1.8934832
3020 3.0155811
3122 3.9493923
3221 4.378357
3321 4.7957325
3421 4.8205366
3521 4.599003
3622 3.6041985
3721 2.2466264
3821 0.94696474
3922 -0.40588427
4024 -1.856503
4122 -2.9998622
4224 -3.918162
4323 -4.421098
4422 -4.585427
4523 -4.4988217
4623 -4.0208545
4723 -3.2756665
4823 -2.1120524
4925 -0.82971954
5025 0.3738041
5123 1.5544877
5225 2.8027878
5309 3.4073725
5408 4.017334
5525 4.35927
5625 4.364846
5709 4.222662
5810 3.562025
5909 2.399897
6010 0.9621272
6108 -0.25636768
6210 -1.5523465
6309 -2.6585097
6409 -3.3908827
6510 -3.929032
6610 -4.3894067
6709 -4.539252
6810 -4.359194
6911 -3.6058683
7010 -2.395473
7111 -1.2050271
7211 -0.007794857
7312 0.9931245
7411 2.053701
7512 2.976069
7611 3.7255516
7712 4.1345806
7813 4.2416697
7912 3.9885798
8013 3.1090946
8112 1.9340286
8213 0.6444082
8312 -0.62111235
8413 -1.8903468
8513 -3.4090357
8614 -4.436078
8713 -5.0
8813 -5.0
8914 -4.549053
9014 -3.488924
9114 -2.2116601
9214 -1.1686127
9315 -0.15622234
9414 0.9332266
9515 1.8742247
9615 2.705214
9715 3.2944736
9815 3.7353249
9915 4.101572
10016 4.24938
10115 4.1512165
10216 3.4484005
10316 2.2011213
10416 1.0925078
10515 -0.03413582
10616 -1.0666671
10717 -1.9614136
10818 -2.609303
10917 -2.997242
11018 -3.1897807
11118 -3.1576602
11217 -2.8827765
11318 -2.4268813
11417 -1.6579719
11518 -0.6824012
11618 0.47797537
11719 1.4978638
11819 2.4381256
11920 3.2592878
12018 3.80509
12119 4.1611624
12220 4.1123075
12319 3.6318645
12419 2.7463226
12519 1.6609926
12619 0.6049051
12719 -0.46582747
12820 -1.4046535
12921 -2.3633926
13020 -3.192271
13120 -3.6543102
13221 -3.9558978
13321 -4.02086
13421 -3.9415884
13521 -3.4574654
13623 -2.1606271
13721 -0.93914795
13821 0.40207767
13922 1.6355081
14023 2.645317
14122 3.3273277
14222 3.7577753
14322 3.9614525
14423 3.7684488
14522 2.6900687
14840 -1.6376145
14940 -2.795337
15040 -3.7308896
15141 -4.6964707
15241 -5.0
15341 -5.0
15441 -5.0
15541 -4.1159844
15642 -3.0381513
15741 -2.0779967
15842 -1.314162
15942 -0.70782804
16043 -0.692482
16143 -1.260611
16244 -2.1847682
16343 -2.9296641
16444 -3.194917
16543 -3.0305982
16643 -1.9772391
16743 -0.4580927
16844 0.8405094
16945 1.8678756
17044 2.2988634
17144 2.385089
17244 2.0985084
17344 0.8900113
17444 -0.3393755
17545 -1.3665099
17644 -2.2883892
17745 -2.96992
17845 -3.5021894
17945 -3.8911664
18046 -4.147147
18146 -4.2896485
18246 -4.331028
18346 -4.1962805
18447 -3.2094631
18546 -1.6039321
18647 -0.24125767
18746 1.1400232
18847 2.2208
18947 3.1460876
19047 3.672573
19148 3.8556166
19248 3.713808
19347 2.9837456
19448 1.5779204
19548 0.27778292
19647 -0.98459435
19748 -1.9217324
19851 -2.725359
19948 -3.2698648
20050 -3.7618759
20148 -3.9754453
20249 -3.9770868
20350 -3.468807
20450 -2.289762
20550 -1.1420033
20650 -0.0146250725
20749 1.1026626
20850 2.0960197
20951 2.788015
21051 3.1614056
21152 3.2797337
21251 3.2492933
21352 3.0125284
21451 2.0709205
21551 0.8265619
21651 -0.5430236
21752 -1.4723632
21853 -2.3555448
21952 -3.0101655
22052 -3.5071669
22153 -3.7979417
22252 -3.7904062
22352 -3.2595203
22453 -2.327582
22553 -1.2754083
22653 -0.41818333
22752 0.6212859
22853 1.6091256
22953 2.5505896
23054 3.2609406
23155 3.677456
23255 3.7835093
23355 3.7529535
23454 3.448679
23554 2.8624382
23654 1.7783446
23755 0.3558278
23855 -0.94844675
23955 -1.9021404
24039 -2.7325418
24139 -3.4380805
24241 -4.0366197
24339 -4.1598473
24456 -4.0500174
24539 -3.4839354
24657 -2.6494467
24740 -1.9718156
24857 -0.84829664
24941 0.29576826
25040 1.4422235
25141 2.4906168
25241 3.046853
25342 3.3647747
25441 3.4158344
25541 3.3298779
25643 2.9300375
25742 2.0445738
25843 0.8158388
25942 -0.34328556
26044 -1.2514005
26143 -1.9449949
26243 -2.4868238
26342 -2.8463442
26443 -3.1797767
26543 -3.266012
26643 -3.2100387
26746 -2.867201
26843 -2.129308
26944 -1.150111
27043 -0.14810658
27145 1.0168147
27244 2.124093
27345 2.952423
27444 3.3575459
27545 3.6679354
27644 3.6989384
27745 3.5121193
27845 2.9600286
27945 1.9827995
28045 0.72181416
28145 -0.5087905
28246 -1.3798904
28345 -2.1043696
28446 -2.6017158
28546 -2.94841
28647 -3.1604955
28746 -3.2568746
28846 -3.2922835
28948 -3.1363618
29046 -2.5498939
29147 -1.5727391
29247 -0.68241644
29348 0.30899572
29447 1.3382444
29548 2.1903558
29648 2.803834
29748 3.2013159
29850 3.236598
29949 3.083024
30050 2.495562
30149 1.5359497
30249 0.43502092
30348 -0.6620574
30449 -1.5586486
30549 -2.4314785
30650 -3.0170593
30750 -3.4293396
30850 -3.8368351
30950 -4.0191793
31050 -4.002365
31151 -3.620472
31250 -2.4620233
31351 -1.3267474
31451 -0.39544058
31551 0.5835123
31653 1.4464674
31751 2.0519257
31852 2.4595118
31951 2.8309264
32052 3.0612364
32152 3.1786442
32253 3.1946545
32352 2.8297348
32452 1.7896576
32553 0.57030964
32653 -0.4445181
32753 -1.2858894
32854 -2.081223
32953 -2.7916987
33054 -3.788353
33154 -4.13173
33254 -4.2119164
33354 -4.055707
33454 -3.4376473
33555 -2.537482
33654 -1.5689654
33755 -0.4856534
33857 0.6152601
33955 1.5558448
34056 2.0733871
34155 2.536677
34256 2.793522
34355 2.9841018
34456 3.016615
34556 2.853971
34656 2.338356
34756 1.4001641
34857 0.14345074
34956 -0.8130393
35058 -1.6182995
35157 -2.3272312
35257 -3.0264916
35357 -3.413515
35457 -3.5294757
35557 -3.435603
35641 -3.0124872
35742 -2.3000855
35842 -1.4561095
35942 -0.62454844
36042 0.17657709
36142 1.2787638
36242 2.160647
36343 2.965262
36444 3.3962612
36542 3.628767
36643 3.6706905
36745 3.4715805
36843 2.962471
36944 1.9713821
37044 0.7239351
37145 -0.26454496
37243 -1.0772266
37344 -1.9266376
37445 -2.8691046
37545 -3.5370784
37645 -3.9205127
37744 -4.0348754
37847 -4.0072393
37946 -3.7447875
38046 -3.131019
38145 -2.1321123
38246 -1.2193036
38346 -0.40072918
38445 0.38817072
38548 1.2911582
38646 1.9362831
38747 2.549759
38846 2.8679323
38946 3.0296993
39046 3.0665874
39147 2.9905906
39247 2.6178155
39347 1.6439271
39447 0.47341537
39548 -0.45553017
39649 -1.3227794
39748 -2.1167638
39849 -2.9251983
39948 -3.4552994
40049 -3.6862643
40149 -3.7373085
40249 -3.6759446
40348 -3.421248
40450 -2.9961157
40549 -2.1283324
40650 -1.1516476
40750 -0.067251205
40850 0.8531332
40950 1.587007
41050 2.1694384
41151 2.5344262
41250 2.8056746
41351 2.9223356
41451 2.9342833
41551 2.835433
41651 2.4579468
41750 1.5371728
41852 0.34813643
41951 -0.7207775
42051 -1.5767567
42152 -2.3942528
42252 -3.018042
42351 -3.606572
42453 -3.937404
42553 -4.149305
42653 -4.115002
42754 -3.7959409
42853 -3.0722394
42953 -2.0540533
43053 -1.0501614
43154 -0.050322056
43253 0.9794264
43354 1.7916832
43454 2.4722672
43554 2.863997
43654 3.0825138
43755 3.1642275
43855 3.112093
43954 2.8936133
44055 2.288597
44155 1.4344873
44255 0.62372684
44355 -0.48986912
44455 -1.4449527
44557 -2.539568
44656 -3.299017
44757 -3.780469
44857 -3.9148889
44957 -3.817876
45057 -3.2470016
45157 -2.3786798
45256 -1.5966077
45357 -0.77254915
45457 0.23128033
45558 1.1801319
45658 2.1823921
45757 2.7507768
45858 3.124282
45958 3.3181696
46059 3.3899536
46158 3.3885393
46259 3.2388248
46359 2.649156
46459 1.7133455
46544 0.73175764
46643 -0.26405478
46744 -1.2781281
46843 -2.4302795
46944 -3.3270388
47043 -4.0367928
47143 -4.3103447
47243 -4.3444896
47344 -4.1673536
47443 -3.5589557
47544 -2.6988978
47647 -1.693892
47745 -0.6572771
47845 0.26979542
47945 1.2389565
48046 2.1357012
48145 2.7649674
48246 3.0585165
48347 3.2360706
48446 3.330659
48547 3.4097795
48646 3.3894205
48747 2.9058714
48846 1.7299881
48947 0.8587203
49046 -0.2814412
49147 -1.4873028
49246 -2.6767786
49347 -3.5005925
49447 -4.042376
49548 -4.33022
49649 -4.352369
49749 -4.2545953
49849 -3.9077597
49948 -3.0467217
50048 -2.1161342
50148 -0.90134907
50249 0.29834127
50348 1.4803033
50449 2.3425283
50550 2.9583883
50650 3.4316683
50749 3.8922052
50850 4.1557617
50950 4.0840054
51050 3.5823946
51150 2.7696176
51250 1.7079496
51351 0.56518984
51450 -0.6541047
51550 -1.7588315
51651 -2.7996595
51750 -3.4694335
51851 -3.859407
51952 -3.994287
52052 -4.014115
52151 -3.8398063
52252 -3.1854968
52352 -2.1612191
52452 -1.31465
52553 -0.33602333
52652 0.67641354
52754 1.7691703
52853 2.5948777
52953 3.0849285
53052 3.4329605
53153 3.685604
53253 3.757742
53354 3.6971989
53453 3.1480122
53554 1.6801887
53655 0.16972303
53754 -1.010283
53855 -2.198948
53955 -3.3065538
54055 -4.067645
54154 -4.45897
54256 -4.5622187
54355 -4.431894
54456 -4.0369644
54557 -3.3280392
54656 -2.5569763
54757 -1.5571465
54855 -0.57594395
54956 0.5780411
55057 1.630023
55157 2.508779
55257 3.2969885
55357 3.7028484
55457 3.9988775
55559 4.2411604
55659 4.258729
55758 4.0395794
55859 3.2810974
55958 2.0053902
56059 0.8805876
56158 -0.10164547
56258 -1.25597
56358 -2.2455354
56458 -3.0567584
56561 -3.7880905
56659 -4.1575246
56760 -4.254794
56859 -4.011149
56960 -3.5096262
57060 -2.6963918
57160 -1.6521373
57244 -0.66906404
57361 0.7531729
57444 1.7017188
57545 2.5957384
57645 3.388526
57745 3.9542198
57845 4.250326
57945 4.344693
58061 4.2785835
58144 3.8759422
58245 3.1671734
58345 1.9456148
58445 0.95336676
58546 -0.26181507
58645 -1.1857419
58746 -2.1782184
58846 -3.0392964
58947 -3.7207546
59047 -4.13529
59146 -4.319149
59247 -4.3284082
59348 -4.0782695
59448 -3.2585838
59548 -2.3686764
59647 -1.3501198
59747 -0.32787848
59848 0.8761449
59948 2.0140548
60049 2.8397074
60149 3.5388365
60248 3.7974796
60351 4.0047684
60449 4.1677055
60549 4.1808844
60650 3.860301
60750 2.8706808
60849 1.459897
60950 0.3701973
61049 -0.8705487
61150 -1.8713403
61250 -2.9062142
61350 -3.6926937
61451 -4.1977262
61551 -4.4993606
61651 -4.5093813
61751 -4.1326365
61851 -3.5857038
61951 -2.7892432
62052 -1.9682717
62151 -0.8433924
62251 0.26397085
62353 1.5953431
62452 2.628409
62553 3.5360928
62653 4.117733
62753 4.3523245
62853 4.2650023
62953 3.9551582
63053 3.3335829
63153 2.4862046
63253 1.3710179
63354 0.34912014
63455 -0.94513273
63554 -2.0476632
63655 -2.9251976
63754 -3.8706298
63855 -4.372829
63955 -4.6649837
64055 -4.6847672
64155 -4.5091567
64255 -3.9391956
64356 -3.000374
64455 -2.1735673
64556 -1.0645218
64656 0.17335367
64757 1.4155488
64857 2.6966429
64957 3.5103455
65057 4.1365423
65157 4.5511475
65256 4.61207
65357 4.3918943
65457 3.670765
65556 2.716241
65658 1.4543495
65757 0.22309303
65857 -0.99309826
65958 -2.1048255
66058 -3.1443734
66160 -3.8964047
66259 -4.3432493
66359 -4.5003166
66458 -4.382121
66560 -3.9818497
66658 -3.235292
66759 -2.3105204
66859 -1.3449471
66960 -0.34389353
67060 0.85308933
67160 1.9245682
67260 2.9091935
67360 3.5734243
67460 4.0314913
67560 4.110239
67662 3.9769363
67761 3.4835281
67861 2.7280169
67961 1.5051789
68062 0.39963293
68145 -0.5952616
68261 -1.8777478
68346 -2.7504575
68445 -3.564664
68545 -4.129139
68645 -4.428589
68746 -4.447591
68849 -4.107698
68946 -3.6383429
69048 -2.8458147
69147 -2.063446
69249 -1.1665771
69347 -0.30291748
69448 1.184485
69547 2.4442596
69649 3.2424364
69748 3.840764
69849 4.231718
69948 4.265274
70049 3.8986292
70149 2.9522996
70249 2.0206518
70349 1.12779
70449 -0.017542362
70548 -1.0893092
70649 -2.0500145
70750 -2.8072686
70849 -3.4921389
70950 -3.9040873
71049 -4.0364594
71150 -3.985571
71250 -3.586776
71351 -2.9733677
71451 -2.1437974
71551 -1.1187553
71650 -0.016153336
71751 1.2180781
71851 2.3611574
71951 3.4566355
72052 4.120817
72154 4.5604315
72251 4.838231
72353 4.830106
72452 4.6698256
72552 3.875064
72653 2.7128181
72752 1.5839334
72852 0.31997013
72952 -0.78057766
73053 -1.9098678
73153 -2.8166182
73253 -3.4585645
73353 -3.907528
73455 -4.220466
73554 -4.3304243
73654 -4.2894177
73754 -3.954134
73854 -3.1626112
73954 -2.0759614
74055 -0.9593229
74155 0.26334858
74255 1.2973137
74356 2.256363
74455 2.9690437
74556 3.5916767
74656 3.8454876
74755 3.8507423
74856 3.5927038
74956 2.9825525
44 -1.4775939
145 -2.4816136
245 -3.116122
345 -3.5885808
444 -3.7234948
546 -3.7297094
645 -3.4654226
746 -2.457581
846 -1.1264725
946 -0.2448082
1045 0.11484146
1146 1.2955995
1247 2.4727721
1346 2.9791956
1447 3.281167
1547 3.147748
1647 2.3538423
1747 1.2241144
1847 0.4803362
1947 -0.3057847
2047 -1.0109239
2147 -1.5783577
2248 -2.3602116
2348 -3.119574
2448 -3.4205697
2549 -3.4086833
2649 -3.0695534
2749 -2.4834638
2849 -1.3982835
2949 -0.52256155
3048 0.61527586
3149 1.7019172
3249 2.8629751
3349 3.8525467
3451 4.448964
3550 4.5475073
3651 4.207959
3750 3.6517458
3851 3.1311665
3950 1.7473702
4051 0.7016969
4151 -0.7230215
4252 -1.9912019
4352 -3.10263
4452 -3.7326434
4553 -3.827335
4652 -3.5471387
4752 -3.2191887
4838 -2.285543
4953 -0.91327333
5036 0.103980064
5153 1.406188
5237 2.4946938
5353 3.696515
5437 4.319829
5537 4.654397
5637 4.6203585
5737 4.4105844
5837 3.743599
5937 2.5995955
6038 1.5147161
6137 -0.027540207
6238 -1.289844
6338 -2.467145
6438 -3.3118174
6539 -3.9264617
6639 -4.0892363
6738 -3.9087684
6839 -2.9614015
6940 -2.113954
7040 -0.92810535
7139 0.0682807
7240 1.1089759
7356 2.29952
7441 3.1094837
7540 3.721179
7641 4.040001
7741 4.1283617
7841 3.8445406
7941 3.044713
8041 2.1264334
8141 0.93537045
8241 -0.26483822
8341 -1.4258542
8441 -2.4307485
8542 -3.2605047
8642 -3.9091153
8742 -4.2064414
8842 -4.219927
8943 -4.037956
9043 -3.3097413
9142 -2.4870963
9244 -1.3441155
9342 -0.33643246
9444 0.91132927
9544 1.9610357
9643 2.7809868
9743 3.4512196
9844 3.7547321
9945 3.7435217
10044 3.1705618
10145 1.8888907
10245 0.6343303
10346 -0.5042095
10445 -1.5977902
10545 -2.5821638
10645 -3.5896015
10745 -4.0648074
10845 -4.225657
10946 -4.040247
11045 -3.396714
11146 -2.3874183
11247 -1.2418399
11347 -0.064736366
11447 1.0605655
11546 2.1675835
11647 3.073472
11747 3.844921
11847 3.9391384
11947 3.5943613
12047 2.6605477
12149 1.4901896
12248 0.42585993
12349 -0.64555025
12448 -1.7628376
12549 -2.5746467
12648 -3.4251463
12748 -3.6233823
12849 -3.6099377
12949 -3.5747347
13050 -3.3906035
13150 -2.3259597
13249 -1.489142
13349 -0.5298419
13450 0.60761356
13550 1.8374605
13650 2.9174032
13749 3.7680397
13850 4.2134895
13952 4.2792244
14051 3.8458462
14153 2.9363823
14251 1.9568672
14352 0.7921314
14451 -0.2527113
14552 -1.2301712
14651 -2.2842662
14752 -3.0813026
14852 -3.5892003
14936 -3.7071192
15052 -3.4918208
15136 -2.9717913
15252 -1.9387188
15338 -1.0974889
15453 -0.107518196
15537 0.74990034
15637 1.8433709
15737 2.888083
15838 3.3939953
15938 3.415101
16053 2.4639158
16138 1.2072997
16237 -0.1119771
16338 -1.2447135
16438 -2.1296527
16539 -2.440691
16638 -2.4229527
16738 -1.5826848
16840 -0.105220795
16939 1.1865025
17041 2.4925108
17139 3.3228645
17240 3.7342815
17341 3.6745462
17441 2.6446662
17540 1.029839
17641 -0.33122492
17740 -1.3972664
17841 -2.1740377
17941 -2.8427272
18042 -3.0491028
18141 -2.5897548
18241 -1.2703521
18342 -0.06868696
18441 1.0827575
18542 2.0933466
18642 3.0848408
18742 3.8026829
18842 4.1864376
18943 4.273777
19043 4.0467043
19143 3.2224865
19243 1.6145983
19343 0.3308606
19443 -0.7798228
19543 -1.6426353
19643 -2.142741
19743 -2.4005837
19844 -2.4451733
19944 -2.3529599
20044 -1.6701207
20145 -0.64369774
20245 0.5547323
20345 1.4843001
20444 2.353424
20545 2.8421311
20645 3.0696964
20745 3.0751638
20847 2.7556124
20945 1.8848243
21047 0.7443228
21145 -0.24337244
21246 -1.0302906
21346 -1.633147
21446 -2.095028
21546 -2.4676332
21646 -2.6536794
21746 -2.719881
21847 -2.678598
21947 -1.9575965
22047 -0.72799873
22148 0.44169188
22247 1.3852797
22348 2.3397546
22448 3.0414944
22548 3.3762321
22648 3.4671135
22749 3.4470358
22851 3.1970825
22948 2.5635986
23050 1.5356979
23149 0.4597144
23249 -0.56043386
23349 -1.5347531
23450 -2.1477375
23549 -2.7088463
23649 -3.0914774
23750 -3.3496683
23850 -3.3927355
24184 -1.6570351
24285 -0.56073093
24384 0.38445044
24485 1.3457918
24585 2.062655
24685 2.6398454
24786 2.87432
24884 2.931262
24986 2.8927245
25086 2.5869546
25186 1.9102011
25287 0.66072655
25386 -0.440053
25487 -1.4578114
25586 -2.2352774
25687 -3.0344353
25787 -3.542185
25887 -3.7503886
25986 -3.929091
26087 -3.9836807
26172 -3.8384778
26271 -3.2225301
26372 -2.0985148
26472 -0.9118495
26572 -0.028510094
26671 0.9589648
26772 1.6406641
26871 2.2112107
26989 2.4974875
27073 2.548102
27173 2.5007043
27274 2.3059897
27372 1.7974958
27473 0.81835556
27573 -0.30247974
27674 -1.0520196
27774 -1.8023098
27873 -2.1887333
27974 -2.6604514
28075 -3.005032
28175 -3.2745485
28274 -3.3743007
28375 -3.3905802
28476 -3.268065
28575 -2.7190175
28675 -1.9593058
28775 -1.2067857
28875 -0.2512002
28975 0.68522644
29076 1.5271668
29176 2.061409
29277 2.3443003
29376 2.392087
29476 2.324533
29576 1.9209204
29677 0.9574499
29776 -0.22314405
29877 -1.0394394
29978 -1.8208432
30077 -2.3033824
30177 -2.7921646
30277 -3.0704699
30378 -3.2632232
30477 -3.350409
30578 -3.2892265
30678 -2.6622922
30779 -1.579251
30878 -0.20803928
30978 1.0168943
31081 2.0520616
31179 2.566886
31280 2.7819786
31380 2.7655997
31480 2.4709525
31580 1.9374175
31680 1.2972388
31780 0.07832956
31880 -0.92308474
31980 -1.8706448
32081 -2.4057612
32180 -2.825386
32280 -3.0987082
32382 -3.254961
32481 -3.3131242
32582 -3.1644812
32681 -2.5261648
32781 -1.4895954
32882 -0.48266602
32982 0.31359386
33083 1.1520395
33182 1.7415686
33283 2.267147
33383 2.5896363
33483 2.7597961
33583 2.8155913
33684 2.8115525
33782 2.4666352
34117 -1.2123253
34217 -2.032064
34317 -2.4701257
34418 -2.9291768
34518 -3.2993402
34617 -3.4658418
34717 -3.3696108
34818 -2.7037868
34919 -1.8822396
35018 -1.0469213
35119 -0.23583078
35218 0.5380373
35319 1.3628473
35419 2.083941
35519 2.6265535
35619 2.8736496
35719 2.9052706
35820 2.6216445
35920 1.7782426
36020 0.5121317
36120 -0.554214
36221 -1.6147294
36321 -2.345655
36421 -2.9684272
36521 -3.3620539
36606 -3.613886
36705 -3.6940036
36805 -3.608993
36905 -3.0534878
37022 -1.896174
37106 -1.0446496
37222 0.17177486
37306 1.17447
37406 2.0439148
37507 2.6932516
37607 2.9721794
37707 3.0272808
37807 2.8079782
37906 1.9917588
38007 0.63918304
38107 -0.45163298
38209 -1.4191303
38307 -2.0559013
38409 -2.6667485
38508 -3.1413724
38609 -3.5533626
38709 -3.6471205
38809 -3.59631
38909 -3.0076203
39010 -2.2624996
39109 -1.4707859
39209 -0.4837656
39309 0.4749465
39409 1.3003645
39510 2.0535307
39609 2.4977064
39710 2.6726356
39810 2.6696978
39911 2.4585533
40010 1.8647995
40111 0.8925843
40210 -0.14747
40310 -1.1190686
40412 -1.9650073
40511 -2.470963
40612 -2.9372804
40712 -3.2085063
40812 -3.2546654
40912 -3.2011218
41012 -2.8497367
41112 -2.2000365
41212 -1.4864025
41312 -0.46810818
41414 0.63309336
41514 1.501214
41613 2.1585007
41713 2.58433
41814 2.7795663
41914 2.8348856
42013 2.756856
42114 2.2044663
42215 0.9823599
42315 -0.26034355
42415 -1.2240329
42515 -2.1292243
42616 -2.7469313
42715 -3.2446702
42815 -3.4837224
42915 -3.456216
43015 -3.1645174
43114 -2.4780421
43216 -1.6204884
43317 -0.64013624
43416 0.14535618
43517 1.1438136
43616 2.0801454
43717 2.6897101
43816 3.0153723
43917 3.0802708
44017 3.052
44117 2.9043646
44217 2.3966508
44317 1.4570541
44417 0.20131731
44517 -0.64342165
44618 -1.4051051
44717 -2.1170735
44818 -2.5143723
44917 -2.8508887
45018 -2.9160619
45118 -2.8817446
45219 -2.639377
45320 -1.6946621
45420 -0.56426764
45520 0.22147703
45620 0.99781656
45720 1.7553854
45820 2.4139633
45919 2.794796
46020 2.9951935
46120 3.0092459
46221 2.948308
46320 2.3155923
46422 0.9046011
46521 -0.19375706
46621 -0.90293646
46721 -1.5317008
46822 -2.2188106
46921 -2.5607784
47022 -2.7933042
47122 -2.9093874
47222 -2.863346
47307 -2.5834348
47423 -1.7824643
47507 -0.94963884
47606 0.12874699
47707 1.5604658
47806 2.905223
47924 3.6593304
48006 3.8652897
48108 3.8116312
48208 3.2558203
48307 2.4243302
48408 1.2558722
48508 -0.10780239
48608 -1.2076945
48708 -2.5658007
48808 -3.3078218
48909 -3.873993
49008 -3.9616091
49110 -3.8888407
49209 -3.4992483
49309 -2.8378568
49409 -2.2043645
49510 -1.2865658
49609 -0.3790698
49710 0.5440383
49810 1.5882072
49910 2.4279718
50010 3.0395384
50110 3.2284641
50212 3.6137133
50310 3.5430317
50411 2.9881935
50510 1.8783174
50612 0.8922739
50711 -0.1385107
50812 -1.1040931
50912 -2.0247328
51012 -2.5671206
51114 -3.069696
51212 -3.218574
51313 -3.1716127
51413 -2.8693156
51513 -2.5054016
51613 -1.6408324
51713 -0.8204355
51813 0.110452175
51913 1.1198616
52013 2.1101465
52114 2.6215272
52215 2.7236443
52314 2.821251
52414 2.699304
52515 2.2010713
52614 1.3359385
52715 0.26739788
52814 -0.7147088
52914 -1.783315
53015 -2.9087424
53116 -3.797511
53216 -4.1907573
53316 -4.2942886
53416 -4.1750336
53516 -3.6917732
53616 -2.8485465
53716 -1.9170871
53816 -0.9241514
53916 -0.03240776
54017 1.1843758
54117 2.2290545
54219 3.057931
54318 3.490179
54418 3.6441212
54517 3.5404692
54618 3.0550747
54717 2.2101088
54818 1.222619
54917 0.2333808
55018 -0.5791693
55118 -1.4318471
55218 -2.1840053
55320 -2.7751226
55419 -3.0889716
55519 -3.1254156
55619 -3.1127
55720 -2.8495
55819 -2.139884
55920 -1.0787854
56021 -0.15743017
56120 0.7956991
56221 1.948246
56321 2.8731627
56422 3.4838076
56521 3.7899246
56621 3.9130468
56721 3.6759605
56822 2.832368
56921 1.6615996
57021 0.5559559
57123 -0.6478925
57222 -1.7643635
57307 -2.3322093
57422 -3.0160275
57507 -3.22786
57606 -3.3873725
57723 -3.394781
57809 -3.0664701
57924 -2.15241
58008 -1.122853
58107 -0.101139545
58207 0.9280424
58308 1.9756384
58408 2.8450708
58508 3.4533653
58608 3.5681791
58708 3.457263
58808 3.0309343
58909 2.252047
59009 1.2223577
59111 0.10298252
59209 -0.9780693
59310 -1.9118559
59409 -2.8204403
59510 -3.542201
59609 -4.057685
59710 -4.1305475
59809 -4.0608144
59910 -3.6168668
60010 -2.9074588
60110 -1.9288816
60210 -0.86475945
60311 0.15074062
60410 1.1615014
60511 2.404593
60611 3.2040844
60711 3.8403378
60811 4.008317
60911 3.9685392
61011 3.6457386
61112 3.0426311
61212 2.223236
61312 1.1722589
61412 0.17532015
61512 -0.88026524
61612 -2.006337
61712 -2.6247015
61813 -3.3159552
61913 -3.7826407
62013 -4.0482593
62114 -4.056123
62214 -3.5512776
62313 -2.798236
62415 -1.9909842
62514 -0.8811126
62614 0.07253218
62714 1.0955167
62815 2.0772896
62914 2.9370666
63014 3.3190107
63116 3.460225
63215 3.2854595
63315 2.88657
63416 2.1971726
63516 1.4169526
63615 0.20572329
63716 -0.8689318
63816 -1.8454709
63917 -2.5405786
64018 -3.2304611
64117 -3.6451313
64217 -3.9467711
64317 -3.9789178
64417 -3.7521262
64517 -2.9977915
64618 -2.2108715
64717 -0.95211506
64818 0.012480736
64919 0.9944463
65018 1.7542839
65118 2.572824
65218 3.1221485
65319 3.4410229
65419 3.4727411
65519 3.0575294
65619 2.5404892
65719 1.9950533
65819 1.2127962
65920 0.32467604
66019 -0.7450166
66120 -1.7004349
66221 -2.343349
66320 -2.7816672
66420 -3.0220733
66520 -3.1590142
66621 -3.1350894
66721 -2.957398
66821 -2.5811515
66922 -1.7396743
67022 -0.6595812
67123 0.17828274
67222 0.9814539
67322 1.7652597
67421 2.4666038
67523 2.9827185
67622 3.2606764
67723 3.2711554
67809 2.7651062
67907 2.650918
68007 2.1611443
68107 1.1288166
68207 -0.04239416
68307 -1.1166115
68407 -2.0903516
68507 -3.0389352
68607 -3.7229662
68707 -4.2330055
68808 -4.2726
68909 -4.2722774
69008 -3.9169025
69109 -3.046442
69209 -2.1218858
69310 -1.2614295
69409 -0.26756763
69510 0.78517437
69609 1.7920165
69710 2.660108
69810 3.5743647
69910 4.1916275
70011 4.440668
70111 4.4267693
70211 4.180542
70310 3.71204
70411 2.948659
70510 1.8917418
70611 0.8671813
70711 -0.28630066
70811 -1.4156957
70913 -2.4886537
71012 -3.1952965
71112 -3.6275573
71212 -3.8422143
71312 -3.8718843
71412 -3.6865795
71512 -3.2434835
71612 -2.3558955
71713 -1.6019406
71812 -0.98206425
71912 -0.14399958
72012 0.76455593
72114 1.5254927
72214 2.230104
72313 3.0455647
72414 3.5978985
72514 3.721674
72613 3.479
72714 3.1453676
72814 2.3707237
72915 1.3897238
73014 0.4381199
73116 -0.64402103
73215 -1.6174843
73316 -2.786091
73415 -3.718629
73516 -4.1312747
73615 -4.3303714
73716 -4.341273
73818 -4.083166
73916 -3.4026246
74016 -2.3875957
74117 -1.2955875
74216 -0.28112173
74317 0.85979366
74417 1.8460526
74517 2.6625762
74617 3.4240112
74718 3.9691753
74817 4.1334953
74920 3.99547
