39 -1.8970342
139 -0.82941294
239 0.60587215
339 1.6762857
439 2.5892653
540 3.1118078
640 3.2525406
740 3.0142145
840 2.1193757
940 0.639091
1040 -0.4828086
1140 -1.737632
1241 -2.383883
1341 -2.5131965
1441 -2.233881
1541 -1.565155
1642 -0.1968131
1742 0.8848362
1842 2.3432512
1942 2.926947
2042 3.1469383
2142 3.1208487
2242 2.4344244
2343 0.84747934
2442 -0.57109356
2543 -1.9581254
2643 -2.9078052
2743 -3.2544312
2843 -3.2304304
2943 -2.7124922
3044 -1.478056
3144 -0.09898949
3244 1.0863886
3344 1.8453078
3444 2.3349648
3545 2.3795576
3645 2.0019464
4228 -2.9365761
4329 -2.212706
4429 -1.1985409
4529 -0.088899136
4629 0.9773774
4729 1.9485488
4830 2.5511322
4930 2.750286
5031 2.260302
5130 1.0253472
5230 -0.3866949
5330 -1.9628997
5431 -3.0312977
5531 -3.366218
5631 -3.3639004
5731 -3.2942982
5831 -2.5117605
5931 -1.2655823
6032 0.3458643
6132 1.6960816
6232 2.530233
6332 2.867878
6432 2.5739927
6533 1.7515411
6632 0.39375973
6733 -1.1126645
6833 -2.441643
6933 -3.0787158
7033 -3.3237946
7134 -3.2169023
7233 -2.6967342
7333 -1.8041658
7434 -0.3490944
7534 1.089694
7634 1.9318619
7734 2.547049
7834 2.6863413
7935 2.6180139
8035 1.9895949
8135 0.6630907
8218 -0.4918003
8318 -1.7837441
8418 -2.5419497
8518 -2.8239226
8618 -2.768269
8719 -2.256155
8819 -1.434545
8920 -0.12801456
9020 1.2156558
9120 1.9956956
9220 2.7158165
9320 3.0901384
9420 3.062128
9637 1.430551
9771 -0.47486162
9872 -1.7089088
10021 -2.8827004
10122 -3.0217986
10221 -2.9615073
10321 -2.5868878
10422 -1.5391114
10522 -0.12229729
10622 1.2685628
10722 2.146894
10822 2.9030123
10922 3.1314268
11023 2.937542
11123 2.0918565
11223 0.6548586
11323 -0.78037596
11423 -2.1867926
11523 -3.1326373
11624 -3.614802
11724 -3.601047
11824 -3.2229493
11924 -2.4455352
12024 -1.2319076
12124 0.61819315
12225 1.9272599
12325 2.8431082
12425 3.1250305
12525 2.8819022
12626 2.1825852
12725 1.1481676
12826 -0.105213165
12926 -1.4656155
13025 -2.5340085
13126 -3.0193377
13226 -3.03434
13326 -2.533327
13426 -1.3115451
13527 0.21761703
13610 1.5091286
13727 2.5747795
13810 3.17558
13910 3.4659357
14010 3.3538628
14110 2.6984048
14210 1.6066895
14311 -0.04224968
14410 -1.5974803
14512 -2.7026246
14611 -3.1678073
14712 -3.3021522
14812 -2.8455071
14912 -2.2188563
15012 -1.0844154
15113 0.67914724
15212 1.5521965
15312 2.3540697
15413 2.8703547
15513 2.95646
15613 2.7446108
15713 1.6012511
15813 0.5738859
15914 -0.6118059
16014 -1.7339406
16114 -2.532784
16214 -3.0868154
16315 -3.2414694
16414 -3.2265215
16514 -2.9491324
16615 -2.061722
16715 -0.9680729
16815 0.24068832
16915 1.2936325
17015 2.0734777
17115 2.801351
17216 3.182189
17316 3.25208
17416 3.0006962
17516 2.257924
17616 1.0465994
17716 -0.18606043
17816 -1.5279515
17917 -2.6046832
18017 -3.2972813
18117 -3.7686021
18217 -3.9174674
18318 -3.596776
18418 -3.1991758
18518 -2.2678146
18618 -0.6900482
18718 0.7238898
18819 1.7694044
18918 2.691516
19019 3.3063736
19119 3.5013218
19219 3.3430843
19319 2.663282
19419 1.7618589
19519 0.5530729
19620 -1.0113323
19720 -2.5126324
19820 -3.7860198
19920 -4.3542953
20020 -4.487444
20120 -4.5064063
20220 -4.215479
20320 -3.1187208
20421 -1.7953296
20521 -0.6645632
20621 0.44003677
20721 1.8484025
20821 2.6653824
20922 3.2146206
21022 3.5454216
21122 3.628128
21222 3.55202
21322 3.1889935
21423 2.413114
21523 1.2164755
21623 -0.18140459
21723 -1.4755294
21823 -2.6242292
21923 -3.180468
22023 -3.4831297
22123 -3.5564094
22223 -3.574037
22324 -3.5085716
22424 -3.2970524
22524 -2.6545281
22624 -1.3795323
22725 -0.26334143
22824 0.8844652
22925 1.8630195
23025 2.6425638
23125 3.0745478
23225 3.1786575
23325 3.1634922
23425 2.9503884
23526 2.334765
23626 1.12149
23726 -0.31107235
23826 -1.6756902
23926 -2.6209514
24026 -3.1485927
24127 -4.104228
24226 -4.118933
24327 -3.0140486
24410 -2.6662483
24510 -1.9875646
24610 -0.9211478
24710 0.15994406
24810 1.1016665
24910 1.9709444
25011 2.487527
25111 2.734169
25212 2.7532744
25312 2.6201859
25412 1.9431458
25512 0.6846256
25612 -0.636899
25712 -2.0452294
25813 -2.85389
25913 -3.4228592
26013 -3.6175702
26113 -3.7041883
26213 -3.616676
26313 -3.315512
26413 -2.642912
26513 -1.5609729
26614 -0.36278296
26714 0.64772844
26814 1.6583648
26914 2.439302
27014 3.0554495
27114 3.4199295
27215 3.532508
27315 3.4783154
27415 3.061225
27515 1.8076234
27615 0.5576682
27716 -1.0181038
27815 -2.2014492
27916 -3.1328115
28016 -3.6223578
28116 -3.866468
28216 -3.8930464
28316 -3.6721263
28417 -3.0969667
28516 -2.1165197
28617 -0.9203577
28717 0.25600624
28817 1.3162394
28917 2.242486
29017 2.992949
29117 3.4685392
29218 3.6164494
29318 3.489561
29418 3.095354
29518 2.3336778
29618 1.4669046
29718 0.34871006
29819 -0.8245883
29919 -1.9009824
30019 -2.7762709
30119 -3.366972
30219 -3.7398365
30320 -3.8607316
30419 -3.783391
30520 -3.463832
30620 -2.2021146
30720 -1.0863204
30821 0.07104778
30920 1.0689268
31020 2.1700983
31120 2.8708124
31221 3.438161
31321 3.684721
31421 3.6146917
31522 3.1692667
31622 2.3461366
31722 1.1646314
31822 -0.20906734
31922 -1.4989281
32022 -2.6011257
32122 -3.3606176
32222 -3.7850783
32323 -3.8301473
32423 -3.8246663
32523 -3.6538913
32623 -2.8981526
32723 -1.864718
32823 -0.8979635
32924 -0.16698217
33024 0.8810997
33125 1.8970885
33224 2.738027
33324 3.214632
33424 3.4846115
33524 3.562253
33625 3.4015598
33725 3.0319853
33825 2.0043664
33925 0.47133684
34025 -0.95546055
34125 -2.115972
34226 -2.8858523
34326 -3.190423
34426 -3.2354867
34526 -3.2044346
34627 -3.0762777
34727 -2.7350209
34827 -2.1325076
34927 -1.1812546
35010 -0.3405881
35110 0.6211271
35210 1.6662073
35310 2.5534196
35410 3.1406193
35510 3.4445667
35611 3.510603
35711 3.4697132
35811 3.1850605
35911 2.4955053
36012 1.2867842
36112 0.42765522
36212 -1.0548573
36312 -2.0199285
36412 -2.8520849
36512 -3.2010386
36613 -3.1420922
36713 -3.0247746
36813 -2.7840505
36913 -2.2938166
37013 -1.4102445
37113 -0.3134899
37214 0.48679256
37314 1.2413216
37414 2.2014823
37514 2.8784156
37614 3.20438
37715 3.2895012
37815 3.2438583
37915 2.9541578
38014 2.1777458
38115 0.76488495
38215 -0.59872437
38315 -1.8015878
38415 -2.5233703
38516 -2.9026334
38616 -2.988859
38716 -2.9425683
38816 -2.682789
38916 -2.1384737
39016 -1.1447341
39117 -0.19477272
39217 0.88220835
39317 2.1520576
39417 3.0690641
39517 3.6109285
39617 3.7287045
39718 3.7367992
39818 3.495452
39917 3.048438
40018 1.8822036
40118 0.74996424
40218 -0.4822445
40318 -1.7706847
40419 -2.5135632
40518 -2.9119236
40619 -3.0886137
40719 -3.0531116
40819 -2.8383965
40919 -2.3847592
41020 -1.6607623
41120 -0.36060143
41220 0.7349472
41320 1.7617998
41420 2.6187606
41520 3.2315025
41621 3.5648556
41721 3.6629696
41821 3.6385136
41921 3.244072
42021 2.354206
42121 1.2412481
42222 0.15391016
42321 -1.0231667
42422 -2.1321845
42522 -2.660954
42622 -2.8904033
42722 -3.002173
42822 -2.8687592
42923 -2.4410205
43022 -1.5330544
43123 -0.46119738
43223 0.7446108
43323 1.9963827
43424 2.8985338
43524 3.6410618
43624 3.8470583
43724 3.9363651
43823 3.9339333
43924 3.3710155
44024 2.094751
44125 0.78911686
44225 -0.26030254
44324 -1.1375871
44425 -1.9514174
44525 -2.4476995
44625 -2.6283798
44726 -2.6692948
44826 -2.4230597
44925 -1.943769
45026 -1.006206
45126 -0.05906391
45226 0.76450443
45326 1.8921952
45426 2.6840196
45527 3.2566128
45610 3.513688
45710 3.5580025
45810 3.5574493
45910 3.4701414
46010 2.8834543
46110 1.4614015
46210 0.15243101
46310 -1.0877407
46411 -2.0232434
46512 -2.6704125
46612 -2.967519
46712 -3.0046759
46812 -2.8405821
46912 -2.5725493
47012 -1.8911808
47112 -0.99688625
47213 0.31947565
47313 1.4934783
47412 2.4997683
47513 3.3150864
47613 3.5371075
47713 3.5819721
47814 3.4611034
47914 2.695325
48014 1.3660822
48114 0.18659687
48214 -1.0578461
48314 -2.0562541
48415 -2.4717288
48514 -2.5418558
48615 -2.3303456
48715 -1.7140412
48815 -0.57192564
48915 0.6844497
49015 1.6827841
49115 2.7056136
49215 3.3953114
49316 3.5496235
49416 3.5131292
49516 3.0599337
49616 2.0932932
49716 0.9505029
49817 -0.38670206
49917 -1.5562382
50017 -2.493522
50117 -2.7300248
50217 -2.7696352
50317 -2.6263983
50417 -2.1609397
50517 -1.1011326
50618 0.15936232
50718 1.2902746
50818 2.2407217
50919 2.9427986
51018 3.233633
51119 3.2863712
51219 3.2205753
51319 2.5327253
51419 1.2619996
51519 0.07782221
51619 -1.1613202
51720 -2.179174
51820 -2.6782238
51920 -2.7472289
52020 -2.7346082
52120 -2.5287318
52221 -2.050634
52321 -0.90458775
52421 0.46908903
52521 1.6973205
52621 2.7674613
52721 3.3736134
52821 3.5352554
52922 3.4402676
53022 2.9147782
53122 1.9078507
53222 0.5065012
53322 -0.666522
53422 -2.076167
53523 -2.7097683
53623 -2.8873146
53723 -2.7942526
53823 -2.3140213
53923 -1.1557517
54023 0.25712538
54123 1.5145264
54224 2.3226538
54324 3.0224638
54424 3.164236
54524 3.0848541
54624 2.4681764
54724 1.2774916
54824 -0.157794
54925 -1.6416607
55025 -2.608596
55125 -2.887482
55225 -2.953131
55325 -2.8202555
55425 -2.3099236
55526 -0.8857355
55626 0.21432018
55726 1.8325562
55826 3.0281334
55926 3.8202114
56026 4.0650463
56127 3.953308
56226 3.7468376
56327 2.4508924
56410 0.8852935
56510 -0.88149834
56610 -2.3071237
56710 -3.1014767
56810 -3.4598327
56910 -3.417896
57011 -2.7783754
57111 -1.8848095
57212 -0.3687358
57312 1.0219078
57412 2.1365585
57512 3.2346725
57612 3.6793365
57712 3.7243376
57813 3.650157
57913 3.243064
58013 1.6387353
58113 -0.44962502
58213 -2.0648072
58313 -2.9774795
58413 -3.7881014
58513 -3.9214756
58614 -3.8095315
58714 -3.120324
58814 -2.3229136
58914 -0.7274885
59014 0.7494693
59114 2.1779761
59214 3.171359
59315 3.386094
59415 3.2138681
59515 2.6252618
59615 1.0101542
59716 -0.67150927
59815 -2.2031298
59915 -3.136586
60016 -3.7432485
60116 -3.7746086
60216 -3.4032116
60316 -2.7108722
60417 -1.5164719
60517 0.3314643
60617 1.7257729
60717 2.8527765
60817 3.336031
60917 3.3876286
61017 3.0038252
61118 1.9772301
61218 0.6758394
61318 -0.94696045
61418 -2.4521832
61518 -3.4360447
61618 -3.76477
61719 -3.730393
61819 -3.2285364
61919 -2.4956954
62020 -1.0206044
62119 0.5941987
62219 2.0563383
62320 3.069829
62420 3.4650135
62520 3.289978
62620 2.6388617
62720 1.3836622
62820 -0.1562519
62920 -1.7025676
63021 -2.8815007
63120 -3.3804018
63221 -3.6241906
63321 -3.3573134
63421 -2.4882352
63521 -0.9383793
63621 0.74753857
63722 2.187707
63822 3.4407272
63923 4.0252495
64022 4.03916
64122 3.4919338
64222 2.3348756
64323 0.57217073
64423 -1.1652122
64523 -2.5398917
64623 -3.3223858
64723 -3.5999455
64824 -3.4568527
64924 -2.9046702
65023 -1.8867826
65124 -0.26597357
65224 1.2434187
65324 2.695642
65424 3.6847696
65525 4.015341
65625 3.8480206
65725 3.1369953
65826 1.7293367
65925 0.095449924
66025 -1.6028454
66125 -2.702454
66226 -3.3542068
66326 -3.3306737
66426 -2.5178976
66526 -1.5070903
66626 0.23171091
66727 1.5336676
66827 2.8260627
66927 3.6645832
67026 3.8553028
67110 3.5782795
67210 2.4608765
67310 1.2040567
67410 -0.74823236
67510 -2.3963044
67610 -3.4361882
67711 -3.8523815
67811 -3.7778287
67912 -3.0623703
68012 -2.2394767
68112 -0.89863586
68212 0.6657686
68312 1.8036871
68412 2.784112
68512 3.469531
68612 3.665928
68713 3.2654867
68813 2.3283982
68913 0.92411995
69013 -0.9110465
69113 -2.4272797
69214 -3.4977455
69314 -4.1060157
69414 -4.1301055
69514 -3.1409955
69614 -2.0065107
69714 -0.6347952
69814 0.8957448
69915 2.092288
70015 3.2696447
70115 3.8368645
70215 3.8194427
70315 2.9536638
70415 2.0355253
70516 0.5697231
70616 -1.3283324
70716 -2.4774802
70816 -3.1133397
70916 -3.6183503
71016 -3.413193
71117 -2.8924377
71217 -1.6583323
71317 -0.12909794
71417 1.6004844
71518 2.9484243
71617 4.0063086
71717 4.237273
71817 4.2003326
71918 3.4382477
72018 2.4317389
72118 0.54877806
72219 -1.5558712
72318 -3.4022563
72419 -4.45719
72519 -4.678721
72619 -4.0618763
72720 -3.3352478
72820 -2.325127
72919 0.06451607
73020 1.3668604
73120 2.8222275
73220 3.9159822
73320 4.4120464
73420 4.233411
73520 3.7598076
73621 2.6332817
73720 1.0791183
73821 -1.2958908
73921 -2.896053
74021 -3.6390128
74121 -3.9471781
74221 -4.014507
74322 -3.8038974
74422 -2.8371687
74522 -1.4414551
74622 0.19307041
74722 1.4425774
74823 2.7939034
74923 3.6434736
