16 -4.2207365
116 -4.2739177
217 -4.1597266
317 -3.7879496
418 -2.9029958
517 -2.0348237
618 -0.954525
717 0.054947376
818 1.025507
917 2.2323484
1018 2.9215584
1119 3.4724903
1219 3.6615248
1319 3.7593021
1420 3.825924
1519 3.7378511
1619 2.7293978
1719 1.5054383
1803 0.5114775
1919 -0.6861992
2019 -1.5613549
2119 -2.3940334
2204 -3.1579
2303 -3.8079638
2404 -4.2792153
2721 -4.1054935
2821 -3.042143
2921 -1.8601019
3021 -0.8018646
3124 0.36768675
3221 1.2610602
3323 2.2083578
3422 2.7944741
3522 3.0807705
3623 3.1554155
4240 -0.9679098
4340 -1.7087045
4441 -2.5186594
4541 -2.9985528
4640 -3.4895613
4740 -3.8974164
4842 -4.096504
4941 -4.1149497
5041 -3.876606
5141 -3.163625
5242 -2.0900211
5341 -0.99986935
5442 0.0075297356
5543 1.2254663
5643 2.2337708
5742 3.1081705
5842 3.4471846
5943 3.6366901
6043 3.6320534
6143 3.5071373
6246 3.1526117
6344 2.3661013
6444 1.1285887
6544 0.09171772
6645 -1.2330451
6744 -2.1664262
6844 -3.0773737
6944 -3.6794627
7044 -4.009432
7146 -4.1532207
7245 -4.0947
7347 -3.8533895
7445 -3.3572161
7547 -2.4492922
7646 -1.477354
7746 -0.48674965
7846 0.75607395
7946 1.9163833
8046 2.8876867
8146 3.2337284
8248 3.4145613
8346 3.3287725
8446 2.9851074
8547 2.4135284
8647 1.1856737
8748 -0.014678955
8847 -1.1225333
8947 -2.1596398
9048 -3.199146
9148 -4.0645223
9249 -4.5752654
9351 -4.777721
9448 -4.656023
9750 -1.8199153
9866 -0.69935036
10117 1.8601851
10216 2.6748834
10317 3.252657
10417 3.5785074
10517 3.7020168
10617 3.6881657
10717 3.3778
10818 2.7715654
10920 1.7089858
11018 0.7335038
11118 -0.12942934
11218 -1.0397022
11319 -1.6113896
11418 -2.1996522
11519 -2.9422848
11619 -3.4135766
11719 -3.8171341
11819 -3.7941983
11919 -3.341536
12020 -2.4998212
12120 -1.6272621
12221 -0.73370457
12320 0.06563711
12420 1.1272173
12520 2.1163926
12620 2.7255034
12720 3.265131
12821 3.4446173
12921 3.3589935
13021 2.8645082
13123 2.0460825
13222 1.1473188
13323 0.12955761
13421 -0.8476343
13522 -1.6332703
13621 -2.3698268
13722 -3.0677588
13822 -3.59347
13922 -3.873413
14023 -3.93703
14123 -3.8977008
14223 -3.281742
14324 -2.1732712
14424 -1.146769
14523 -0.17726421
14624 0.92138195
14723 2.029584
14824 2.7373438
14924 3.248148
15024 3.4197025
15125 3.5086498
15225 3.4551792
15325 3.3672771
15425 2.6541772
15525 1.2752023
15609 0.3084545
15725 -0.61895084
15827 -1.20066
15926 -2.2277555
16011 -2.715281
16110 -3.0330293
16211 -2.9633505
16309 -2.4398189
16410 -1.6252122
16511 -0.70447874
16611 0.080833435
16714 0.9578657
16811 1.6920214
16913 2.4598045
17011 2.9609857
17112 3.2999477
17211 3.486083
17312 3.5255404
17412 3.500803
17513 3.0625896
17612 1.8243303
17713 0.8169584
17813 -0.224576
17913 -1.0480766
18015 -1.6343975
18113 -2.0897222
18213 -2.3362708
18313 -2.383985
18414 -2.3288665
18514 -1.9598536
18614 -1.2178578
18717 -0.21877956
18815 0.80772066
18916 1.7827444
19014 2.877191
19115 3.3750849
19215 3.6719084
19315 3.7999449
19415 3.591754
19516 3.263504
19616 2.4848967
19716 1.3139849
19815 0.13951015
19915 -0.78908587
20016 -1.5976543
20116 -2.1142793
20217 -2.5676117
20316 -2.792289
20417 -2.8499627
20516 -2.7058973
20617 -1.9451826
20717 -0.71848774
20817 0.33110094
20918 1.2208757
21018 2.0592604
21118 2.8430543
21218 3.3511944
21319 3.5213833
21419 3.4449425
21518 3.22299
21619 2.192008
21719 1.2745094
21820 -0.07017708
21919 -0.9587555
22020 -1.8283963
22119 -2.5581715
22221 -3.1396325
22320 -3.3672602
22420 -3.4134953
22520 -3.2787173
22620 -2.50953
22720 -1.4271388
22820 -0.8021612
22921 0.15339565
23021 0.98418427
23121 1.7740326
23221 2.1518068
23321 2.7211785
23422 2.8817077
23522 2.7860527
23622 2.2187738
23723 1.1195478
23822 0.13520765
23923 -0.95504093
24024 -1.5589776
24122 -2.0690405
24223 -2.4844737
24324 -2.8446643
24424 -2.9346795
24523 -2.9323196
24624 -2.7403924
24723 -1.9424872
24823 -1.1801357
24924 -0.29406643
25024 0.42098904
25125 1.0685358
25225 1.7102447
25325 2.1259127
25425 2.2808695
25525 2.303565
25625 2.3112183
25726 2.1268334
25827 0.69635487
25925 -0.4641056
26027 -1.3997898
26126 -1.9492188
26227 -2.4460518
26327 -2.7356172
26427 -2.8819041
26510 -2.9681334
26627 -2.894506
26711 -2.5951486
26828 -1.477349
26912 -0.64736986
27011 0.16950798
27112 0.9290576
27213 1.5561347
27312 2.1720977
27412 2.6418061
27512 2.8912306
27612 2.964746
27712 2.805739
27813 1.7757163
27912 0.48608303
28015 -0.59902906
28113 -1.4525247
28214 -2.1446996
28313 -2.792057
28414 -3.1974258
28514 -3.3794181
28613 -3.3974586
28714 -3.1696596
28814 -2.3863432
28914 -1.21927
29014 -0.06000662
29115 0.952724
29215 1.7486153
29315 2.3914452
29415 2.9335518
29515 2.9534655
29615 2.5579176
29716 1.6329589
29815 0.3999567
29916 -0.5373106
30017 -1.3020039
30117 -2.0466752
30217 -2.6436133
30317 -3.225823
30417 -3.74019
30517 -3.8207202
30617 -3.7657928
30720 -3.3007226
30818 -2.5107965
30918 -1.4914308
31017 -0.425992
31118 0.6480427
31218 1.5084791
31318 2.4966087
31418 2.8993735
31518 3.050375
31621 2.9596581
31719 2.4221916
31820 1.4437919
31919 0.47942257
32020 -0.47249413
32120 -1.2601898
32220 -1.9914458
32320 -2.6164248
32419 -3.3831077
32519 -3.780004
32620 -3.9311032
32721 -3.902829
32820 -3.439371
32922 -2.183447
33021 -1.5057087
33122 -0.52343464
33221 0.17265844
33321 1.332118
33422 2.0392847
33522 2.6358314
33622 2.9363546
33722 2.9474487
33823 2.7881417
33922 1.9014716
34022 0.88550663
34123 -0.2890234
34222 -1.0702331
34322 -1.876682
34423 -2.5275924
34523 -3.0507975
34624 -3.2426114
34724 -3.4098408
34824 -3.4163716
34926 -3.1896024
35024 -2.4558125
35124 -1.5634639
35224 -0.6024513
35325 0.27509594
35425 1.2557793
35524 1.893538
35624 2.622344
35725 2.9019341
35827 3.1345387
35925 3.075449
36026 2.7439513
36125 1.6064138
36226 0.37138844
36326 -0.7462411
36427 -1.3431728
36527 -1.9327004
36627 -2.5944161
36729 -3.0240314
36827 -3.1464906
36928 -3.1831484
37028 -3.071559
37127 -2.5124424
37228 -1.7905681
37328 -0.9355564
37428 -0.1442995
37529 0.5809808
37628 1.5009909
37728 2.0017967
37829 2.5253844
37929 2.9601908
38029 2.9909706
38129 2.895485
38230 2.3339524
38329 0.96579266
38430 -0.25823402
38529 -1.2406063
38630 -2.5915961
38731 -3.5230854
38831 -3.8111067
38931 -4.0156875
39014 -4.199696
39115 -4.10122
39215 -3.3658025
39331 -2.1111636
39414 -1.1347504
39531 0.19772625
39616 0.9788184
39715 1.6305337
39816 2.2923393
39915 2.7264009
40017 2.8400955
40116 2.7627535
40217 2.4405694
40317 1.6402864
40416 0.62905407
40518 -0.37741566
40617 -1.0818477
40718 -2.0910523
40818 -2.7920825
40917 -3.3335648
41017 -3.6263008
41119 -3.570764
41218 -3.2706301
41318 -2.6007204
41418 -1.712899
41518 -0.65848446
41621 0.46912193
41719 1.1702094
41822 1.9163957
41919 2.4566092
42020 2.9020271
42120 2.9715438
42220 2.7734551
42320 1.8565216
42420 0.6198449
42519 -0.39714432
42620 -1.0972977
42721 -1.6894107
42820 -2.2140338
42921 -2.777574
43021 -2.9877338
43121 -3.0771682
43221 -2.8836994
43321 -2.354658
43423 -1.3394458
43521 -0.38930273
43623 0.530797
43722 1.1811075
43823 2.1231208
43921 2.9580622
44023 3.4859285
44123 3.5924149
44223 3.3836727
44323 2.4295197
44423 1.35748
44523 0.2536893
44624 -0.8443694
44723 -1.6705792
44823 -2.3575804
44924 -2.8919516
45024 -3.245467
45125 -3.485457
45224 -3.5071857
45325 -3.4860425
45424 -3.0468822
45525 -1.9736481
45626 -0.8065381
45725 0.37899446
45825 1.296071
45925 1.9770179
46026 2.7487578
46126 3.2728996
46226 3.5116787
46325 3.496913
46427 2.9895988
46526 2.192945
46627 1.3562894
46727 -0.1291728
46826 -1.2741997
46928 -2.4334373
47027 -3.4887018
47128 -3.9591668
47228 -4.229783
47327 -4.2459764
47428 -3.9575272
47528 -3.355083
47628 -2.401326
47729 -1.5916309
47830 -0.6874795
47928 0.1767168
48030 1.4551177
48129 2.5450974
48229 3.3870153
48330 3.9113894
48430 4.132189
48530 4.147642
48630 3.879427
48732 2.8119698
48831 1.5845885
48931 0.4130373
49030 -0.5584836
49131 -1.7223175
49231 -2.9112902
49331 -3.3132012
49433 -3.5801244
49532 -3.8166037
49633 -3.8749495
49732 -3.6598113
49817 -3.2031085
49916 -2.4041524
50016 -1.6421514
50115 -0.46893024
50233 0.8826132
50316 1.7075949
50433 3.2421522
50517 4.02164
50633 4.3083286
50717 4.328145
50818 4.1653576
50918 3.6496162
51018 2.78444
51118 1.8306556
51218 0.36430168
51318 -0.8523226
51418 -2.18923
51519 -3.0535414
51620 -3.7707148
51718 -4.0816574
51820 -4.2002316
51919 -4.195059
52020 -3.8866932
52120 -3.2674417
52220 -2.4612596
52319 -1.2778862
52420 -0.19158459
52522 0.79129887
52620 1.6380472
52720 2.4035668
52820 2.8493323
52921 3.412156
53021 3.6727648
53121 3.777279
53221 3.771842
53320 3.4507856
53422 1.5805769
53521 0.26884317
53622 -0.9243326
53721 -2.0358176
53822 -2.9824176
53922 -3.981978
54022 -4.6185265
54122 -5.0
54223 -5.0
54322 -4.8796997
54422 -3.9247513
54523 -2.8111844
54622 -1.8880622
54723 -0.68448305
54823 0.44741106
54923 1.5480394
55024 2.4680939
55124 3.3779812
55224 3.9280577
55325 4.158022
55424 4.154686
55525 3.6238184
55626 2.4355226
55725 1.4175863
55826 0.3526373
55925 -0.38377428
56026 -0.92429256
56125 -1.5820343
56225 -2.2653174
56328 -2.9976792
56426 -3.2372289
56528 -3.3129852
56626 -3.2435422
56727 -2.7035475
56827 -1.9861472
56927 -0.9713216
57027 0.2438407
57127 1.4346108
57228 2.496974
57327 3.2390804
57429 4.166209
57528 4.317137
57630 4.2040243
57728 3.3265953
57830 2.688672
57928 1.9030123
58029 0.7422552
58128 -0.38793755
58229 -1.1926727
58329 -2.1651359
58429 -2.957262
58529 -3.4211473
58630 -3.6038737
58730 -3.7027285
58830 -3.4691188
58931 -2.9890542
59030 -2.0567977
59131 -1.0940018
59230 -0.088944435
59330 0.9573393
59431 2.0113173
59531 2.9258661
59632 3.2828884
59732 5.0
59832 5.0
59932 4.323147
60032 3.5786037
60132 2.280528
60232 0.9786024
60333 -0.20063734
60433 -0.9903507
60534 -2.1221595
60633 -2.8742414
60734 -3.4469113
60834 -3.9345386
60934 -4.189913
61034 -4.1515737
61134 -3.7298439
61233 -3.1418762
61333 -2.1600118
61434 -1.1229262
61518 -0.39540195
61635 0.793746
61718 1.7561431
61835 2.9288154
61919 3.4776726
62019 3.8273706
62119 3.9189997
62235 3.7205763
62322 3.093338
62419 1.8718629
62521 0.8117819
62619 -0.12732983
62720 -1.3697453
62820 -2.572195
62920 -3.2245393
63021 -3.8597972
63121 -4.227592
63222 -4.3543696
63321 -4.1893535
63422 -4.0412154
63522 -3.8771071
63622 -3.1752386
63722 -2.0334044
63822 -0.86373615
63922 0.17986059
64022 1.4657898
64122 2.3466492
64222 3.270173
64322 3.6844492
64422 3.8043947
64524 3.8328857
64623 3.5158472
64724 2.7244506
64823 1.3935723
64923 0.13824272
65024 -0.8820009
65124 -1.8684621
65223 -2.6900706
65324 -3.3695428
65425 -4.001724
65524 -4.5040035
65624 -4.6434374
65725 -4.5135174
65825 -4.1222568
65924 -3.2683094
66026 -2.187271
66126 -1.100534
66226 -0.046452522
66328 1.1033788
66426 2.1210327
66527 2.961049
66627 3.5577793
66726 3.7364674
66827 3.6051111
66927 2.9240732
67026 1.8673415
67127 0.6121321
67229 -0.75270796
67328 -1.8956223
67428 -2.843454
67527 -3.7554522
67628 -4.5854473
67727 -4.9105973
67828 -5.0
67928 -5.0
68029 -4.6350994
68130 -3.7349753
68228 -2.6040628
68328 -1.5289822
68429 -0.461226
68531 0.92490005
68629 2.2137017
68730 3.3106384
68830 3.897194
68930 4.0466557
69030 3.950571
69130 3.3280468
69232 2.0621347
69330 0.74157476
69432 -0.6227031
69532 -1.8157759
69631 -2.6053686
69731 -3.3869197
69832 -4.10327
69931 -4.6111507
70031 -4.736483
70132 -4.649429
70232 -4.3641424
70335 -3.5094981
70432 -2.6479797
70533 -1.5983574
70633 -0.38170147
70733 0.8448558
70833 2.1781855
70933 3.1427212
71033 3.901123
71134 4.4897194
71234 4.826005
71334 4.7641
71418 4.570633
71534 3.6693478
71618 2.6793642
71718 1.3337016
71819 0.2078371
71918 -1.0082424
72035 -2.0362408
72122 -3.031106
72219 -3.691454
72320 -4.2210984
72419 -4.2469034
72519 -4.2162213
72620 -3.6579993
72719 -2.8938146
72819 -1.9060817
72920 -0.90457153
73020 0.24478054
73120 1.5534973
73221 2.773562
73321 3.691908
73421 4.160576
73522 4.338166
73622 4.2829237
73721 3.7571392
73821 2.8564072
73923 1.6597223
74022 0.3617468
74122 -0.60314655
74222 -1.6389854
74323 -2.8144739
74423 -3.7668042
74524 -4.4317064
74623 -4.717271
74723 -4.8270645
74823 -4.759713
74923 -4.3956075
