15 0.15475368
116 0.71077776
216 1.0755262
315 1.3800788
415 1.4954147
516 1.9184542
617 0.75242233
715 -0.03520012
815 -0.8163843
915 -1.1623745
1017 -1.1886411
1116 -1.3953464
1216 -1.366164
1316 -1.0724614
1416 -0.4284935
1517 0.18772364
1617 0.82137966
1718 1.4197526
1818 1.7903047
1918 2.297141
2018 2.6120477
2117 3.0351963
2218 3.0297976
2318 2.4095168
2418 2.3312745
2518 1.7331514
2619 1.5295854
2720 1.3961115
2821 1.1426568
2920 0.750051
3019 0.20046139
3103 -0.32906246
3219 -0.7511411
3303 -0.813581
3403 -0.5440855
3503 0.39773607
3603 1.408679
4256 2.5182648
4355 2.2252526
4456 1.2823515
4556 0.73802423
4656 0.16338778
4757 -0.39274645
4857 -0.9395995
4957 -1.3595207
5058 -1.4741688
5158 -1.4305477
5257 -1.171035
5356 -0.50761986
5457 0.2049427
5557 0.8666239
5657 1.4531541
5757 2.0863748
5858 2.538859
5958 2.955957
6057 3.849411
6157 4.0423756
6257 3.890358
6360 3.2212563
6460 2.671486
6560 1.6592369
6660 0.9059
6760 0.14430714
6860 -0.6382189
6961 -1.3173804
7060 -1.6105278
7160 -1.6681397
7260 -1.5629907
7360 -1.1719577
7461 -0.54326105
7560 0.21725178
7660 1.0036068
7761 1.7195992
7860 2.15236
7964 2.7495718
8063 3.0143528
8163 3.4563713
8262 3.5275784
8362 3.040844
8463 2.1885834
8561 1.0898771
8663 0.4840746
8762 -0.13287687
8863 -0.82041883
8962 -1.3629048
9062 -1.6839759
9163 -1.9050345
9263 -1.9519103
9364 -1.8097723
9465 -1.2841442
9814 1.1105561
10031 2.1274118
10133 2.491394
10231 2.8022423
10332 3.0280218
10432 3.179552
10533 3.2579165
10632 3.1442537
10732 2.544364
10832 1.2581558
10933 0.5201459
11033 -0.065564156
11133 -0.56723404
11233 -1.1302936
11334 -1.653563
11433 -1.9991775
11533 -2.181334
11634 -2.2437868
11734 -2.1462982
11834 -1.8330443
11934 -1.237247
12034 -0.5298023
12135 0.16508436
12218 0.67414045
12318 1.2028356
12418 1.7190194
12518 2.0980515
12618 2.4185357
12719 2.7259827
12819 2.8798409
12919 2.88025
13019 2.7302794
13119 2.2908006
13219 1.6149726
13319 0.9679966
13420 0.5984826
13520 0.077317715
13620 -0.4410782
13720 -0.85314655
13820 -1.3002858
13921 -1.8819354
14024 -2.26701
14121 -2.4344964
14224 -2.4776893
14321 -2.4034057
14424 -1.9259272
14524 -1.2215686
14624 -0.5416007
14724 0.18144417
14824 0.6551051
14924 1.1251807
15024 1.6733007
15123 2.1300826
15222 2.499611
15323 2.8440514
15424 2.9965029
15524 3.0007381
15624 2.8745027
15724 2.5933738
15823 1.9485717
15924 1.2227173
16024 0.5439644
16124 -0.18312311
16225 -0.8604531
16324 -1.3914192
16427 -1.7524433
16527 -1.9365268
16627 -1.9101317
16727 -1.2446373
16827 0.019223213
16927 0.9052596
17027 1.682199
17126 2.158545
17227 2.5564232
17326 2.8102198
17427 2.8610902
17646 1.003829
17745 0.057499886
17845 -0.8581195
17944 -1.4352348
18045 -1.7723458
18145 -2.0581188
18245 -2.2502332
18345 -2.2859812
18444 -2.1108623
18545 -1.208313
18646 -0.2000966
18746 0.6845474
18846 1.3398638
18946 1.998025
19046 2.418334
19146 2.7688584
19246 3.063817
19347 3.117134
19447 2.9000297
19547 1.951716
19647 0.78511715
19747 -0.30196047
19847 -1.2157257
19947 -1.700851
20048 -1.9907813
20148 -2.1650405
20248 -2.212874
20350 -2.1329331
20449 -1.3295715
20550 0.055937767
20650 1.1089873
20749 2.101149
20849 2.7861605
20949 3.26717
21049 3.6560192
21149 3.87778
21233 3.864458
21333 3.35857
21434 2.1205482
21534 0.5279193
21633 -0.8898592
21735 -2.024571
21835 -2.8651123
21934 -3.4502149
22034 0.0
22134 0.0
22234 0.0
22334 0.0
22435 0.0
22535 0.0
22635 0.0
22735 0.0
22835 0.0
22935 0.0
23035 0.0
23136 0.0
23237 0.0
23336 0.66280174
23436 -0.36787987
23536 -2.32942
23640 -2.893851
23739 -2.770375
23840 -1.874743
23940 -1.1388321
24040 -0.38117075
24140 0.25971127
24240 0.94284725
24338 1.6448808
24439 2.1774802
24539 2.3208985
24639 2.3735247
24739 2.0341253
24839 1.6248446
24942 1.2081337
25040 0.39418316
25140 -0.51962423
25239 -1.7130065
25340 -2.280275
25443 -2.7310276
25542 -2.8070164
25642 -2.703643
25742 -2.6992538
25842 -2.6846988
25942 -2.7412944
26042 -2.7661314
26142 -2.647822
26242 -1.6101398
26341 -1.9154396
26441 -0.91722727
26541 -0.10550785
26641 0.354352
26742 1.0653133
26845 1.4412994
26945 1.6890917
27045 1.7717104
27142 1.8716688
27245 1.7984948
27343 0.90167284
27444 0.22605467
27543 -0.3096695
27644 -1.1664643
27744 -1.7982211
27845 -2.392816
27945 -3.2703226
28045 -3.8744106
28145 -4.002324
28246 -4.1426105
28346 -4.1011167
28445 -3.6108305
28547 -3.1616313
28647 -1.9883814
28746 -0.94942904
28846 -0.14220715
28946 0.68905115
29046 1.4762864
29146 1.7867241
29247 2.1449194
29347 2.2777
29447 2.2468672
29546 2.1048484
29647 1.1593375
29747 -0.46597147
29848 -1.255645
29947 -2.202265
30048 -3.056972
30148 -3.6979876
30248 -4.0099444
30348 -4.2344413
30448 -4.127257
30548 -3.7674637
30648 -2.407205
30749 -1.3158665
30850 -0.18046856
30949 0.5946169
31049 1.6094575
31150 2.096776
31250 2.4988222
31333 2.8120437
31433 3.0813007
31533 3.511817
31633 3.4096174
31734 3.2988377
31834 1.7788115
31935 0.9673338
32035 0.31577015
32134 -0.4906106
32235 -1.0593026
32335 -1.4183345
32435 -1.8787062
32536 -2.1962752
32636 -2.3656278
32736 -2.246193
32835 -1.7981579
32935 -0.042105675
33037 0.92775345
33136 1.8196473
33236 2.077754
33336 2.4549227
33436 2.707532
33536 2.8444276
33637 2.4903526
33737 1.1991353
33837 -0.17222118
33940 -1.3764699
34037 -2.5828147
34140 -3.7820287
34240 -4.3070636
34338 -4.84394
34439 -4.986079
34538 -5.0
34638 -5.0
34739 -4.5659013
34839 -2.619723
34939 -1.1316562
35040 0.19846678
35142 1.7049837
35240 2.7513518
35342 3.4561844
35442 3.8009987
35542 4.1592875
35643 4.275257
35743 4.2712297
35843 3.7596798
35942 3.1922398
36043 1.8504839
36143 1.1225934
36242 0.8143163
36342 0.015417576
36442 -0.9387703
36541 -2.2599804
36645 -2.7016377
36745 -3.16711
36845 -3.5461905
36943 -3.5742786
37042 -3.259248
37145 -2.6207035
37245 -0.9025192
37343 0.070093155
37444 1.1947875
37543 1.3774133
37643 1.4723892
37744 1.5037055
37845 1.5832777
37945 1.6958604
38046 1.5991144
38145 0.47344112
38245 -0.63847923
38344 -1.3176765
38446 -2.2015977
38545 -2.953583
38646 -3.374965
38745 -3.5805693
38846 -3.568486
38946 -3.112541
39047 -2.3512926
39148 -1.1928344
39247 0.16381454
39348 1.3791442
39449 1.4472208
39547 1.6280947
39649 2.0501251
39747 2.2973948
39848 2.6966996
39948 3.208684
40048 3.129591
40148 1.6958685
40248 0.87573576
40348 0.0034108162
40449 -1.4519947
40548 -2.2226214
40648 -2.7380548
40749 -2.8656101
40849 -2.4830537
40950 -0.67804384
41050 0.60966206
41150 1.451621
41233 1.6631484
41333 1.8211188
41433 2.6537042
41533 2.9453697
41633 3.1757336
41734 3.2525864
41834 3.025528
41934 2.6328459
42034 1.9519515
42135 1.0445285
42235 0.6215925
42335 0.4052
42435 -0.1353383
42535 -3.518036
42635 -3.920721
42735 -4.3149986
42836 -4.5203133
42936 -4.6243496
43037 -3.4323578
43137 -2.6887624
43236 -1.568541
43337 -0.15738344
43437 0.86765575
43537 1.4367242
43640 1.7936478
43740 2.2315283
43840 2.488738
43940 2.2929864
44040 1.1846972
44140 -0.028492928
44240 -1.5097001
44338 -2.4313476
44438 -3.2419848
44539 -3.5140457
44638 -3.5257149
44739 -3.4577112
44839 -3.2292101
44939 -2.4399974
45040 -1.729723
45141 -0.61536837
45241 0.74385166
45340 1.7435427
45441 2.4905233
45541 2.9038305
45640 3.0428438
45741 3.031971
45841 2.7320356
45941 2.0860596
46042 1.1364794
46141 0.5367217
46242 0.15745926
46341 -0.9126916
46442 -1.586801
46542 -2.0095434
46643 -2.066584
46743 -1.9494815
46843 -1.5235779
46943 -1.0471897
47044 -0.6415696
47145 0.48073435
47243 1.4081736
47345 1.9756227
47443 2.8707895
47543 3.3517284
47644 3.6425495
47744 3.6283283
47846 3.347211
47944 2.3668127
48045 1.3171072
48144 0.10757351
48244 -0.66945887
48344 -1.1305039
48445 -1.5230403
48545 -1.7370167
48646 -1.7994924
48746 -1.4446716
48846 -0.6847873
48946 -0.09453678
49046 0.537837
49147 1.4444909
49247 2.0274825
49346 2.5907426
49448 3.1254635
49547 3.3384895
49648 3.4014654
49747 3.1440954
49848 1.8243356
49948 0.93958664
50049 0.0830431
50148 -0.7608862
50249 -0.978632
50349 -1.5392385
50449 -1.8235588
50550 -1.8703568
50650 -1.8177831
50751 -1.3943055
50850 -0.6909385
50950 0.3240471
51049 1.248219
51133 1.7263131
51233 2.5316706
51333 3.02812
51433 3.136238
51533 3.068077
51633 2.2210245
51734 1.2594256
51834 0.6392703
51934 -0.3005576
52034 -1.1633801
52135 -1.9344897
52234 -2.888096
52335 -3.6797972
52435 -3.5757604
52536 -2.7877324
52635 -2.0125003
52736 -1.001756
52836 0.20745707
52939 1.2883878
53039 2.1404505
53137 3.3092022
53236 3.8258514
53336 3.980526
53437 3.9343786
53536 3.5365906
53637 2.404046
53739 1.4429512
53839 0.18588257
53939 -1.0750122
54039 -2.2760496
54140 -3.3704154
54239 -3.6981468
54338 -3.221132
54439 -3.2820575
54538 -2.612376
54638 -2.0196223
54742 -1.0194213
54841 0.094647884
54941 1.2545805
55041 1.4992461
55142 2.1548257
55242 2.563758
55341 2.8121576
55441 2.944291
55540 3.0259066
55641 2.9654417
55740 2.265326
55841 1.5584474
55941 0.6998563
56042 -0.6238861
56141 -1.4126949
56244 -1.7653682
56343 -2.457418
56442 -2.7713075
56542 -2.9896636
56642 -3.0641286
56742 -3.0579963
56843 -2.5950253
56943 -1.0573659
57043 0.098932266
57143 1.2851439
57243 1.4222465
57343 2.2738624
57444 2.7407875
57544 3.0690575
57644 3.1399288
57744 3.076789
57844 2.576932
57945 1.2181449
58045 0.40356922
58144 -0.23963976
58245 -0.6523385
58345 -1.3698215
58445 -2.2190988
58546 -2.6315532
58645 -2.88022
58745 -3.0296793
58846 -4.0369763
58947 -4.0180225
59047 -2.7702103
59147 -1.4753921
59246 -0.5741043
59346 0.8122158
59447 1.1582823
59546 1.4692483
59648 2.0987754
59747 2.4054213
59849 2.5739212
59947 2.2634215
60048 1.2488599
60150 0.7319193
60249 0.10302353
60348 -0.45514154
60448 -0.89855146
60549 -1.3215928
60651 -2.4901109
60750 -3.4044209
60850 -2.8864815
60950 -2.5372286
61049 -2.4254222
61133 -2.6777194
61233 -1.5026584
61333 0.14581013
61433 1.1187658
61534 1.7320127
61635 2.57829
61734 2.866755
61835 3.0358858
61934 2.6839218
62034 2.0757089
62134 1.2001925
62235 0.5957389
62335 0.19245863
62435 -0.20526552
62535 -0.82156086
62635 -1.60536
62736 -1.9874682
62836 -2.0497298
62939 -1.802968
63037 -1.2815704
63137 -0.59691906
63239 0.1616478
63339 0.977139
63439 1.753942
63539 2.3970017
63637 3.1473465
63739 3.5942688
63839 3.570016
63939 3.3486376
64038 2.4603148
64138 1.5668502
64239 0.5637293
64339 -0.27282906
64439 -0.9570136
64538 -1.5175481
64638 -2.2903862
64741 -2.692475
64842 -2.8133588
64942 0.0
65041 0.0
65141 0.0
65241 0.0
65340 0.0
65441 0.0
65541 0.0
65641 0.0
65741 0.0
65841 0.0
65941 0.0
66041 0.0
66142 0.0
66241 0.0
66341 0.0
66444 -0.023185253
66544 -0.06278896
66645 0.26549006
66744 0.36923504
66844 0.22365475
66944 -0.13781977
67044 -0.2313242
67144 -0.6175575
67245 -1.1216838
67343 -0.9822116
67443 -0.34704113
67543 -0.2854967
67646 -0.37035847
67744 -0.6460371
67844 -0.96505594
67944 -1.0001328
68044 0.25246143
68146 0.64332485
68247 1.0489473
68345 1.2799792
68445 1.541069
68547 1.8987098
68645 2.6209946
68747 2.6498365
68846 1.0933461
68946 0.56019354
69046 0.16507578
69146 -0.39287663
69248 -1.0490983
69347 -1.5554054
69447 -2.2323132
69547 -2.4227676
69648 -1.8976657
69747 -0.7709546
69848 -0.8799896
69948 -0.35993767
70048 0.77261066
70148 1.5247641
70248 2.3315878
70348 2.837451
70449 3.1376333
70548 3.1364956
70649 2.151784
70749 1.1748886
70849 0.59754276
70951 0.049693584
71049 -0.5207453
71133 -0.9524965
71233 -1.4679127
71334 -1.8725231
71434 -1.9827027
71534 -1.7851715
71634 -1.136488
71734 -0.22048521
71835 0.03353834
71934 1.0125194
72034 1.966507
72134 2.7455444
72235 3.3141546
72335 3.4601011
72436 3.2816467
72535 2.5159874
72636 1.3099322
72735 0.29339027
72835 -0.8897815
72937 -1.9145703
73036 -2.7583702
73136 -3.1650052
73236 -3.2176824
73336 -2.7980633
73439 -1.9593937
73539 -1.0373664
73639 0.0076589584
73739 0.97013474
73839 2.1712723
73939 2.708518
74039 2.773253
74139 2.9122872
74238 2.670761
74338 1.7716255
74438 1.0414133
74539 0.09143543
74639 -0.9887538
74742 -1.9755104
74841 -2.6874614
74941 -3.222741
