26 0.0
126 0.0
226 0.0
327 0.0
427 0.0
527 0.0
627 0.0
729 0.0
828 0.0
928 0.0
1029 0.0
1128 1.5060549
1228 2.4156647
1329 3.6746197
1428 4.030629
1528 3.7688065
1629 2.17373
1729 0.040059566
1829 -1.9565969
1929 -3.2190251
2030 -4.134317
2130 -4.271658
2231 -3.501902
2330 -1.8281186
2430 -0.0837698
2531 1.5448785
2630 2.764804
2731 3.286625
2833 3.3019753
2931 2.384993
3032 0.91430855
3133 -0.44238377
3231 -1.5477498
3332 -2.3001552
3432 -2.1879802
3532 -1.1195827
3632 0.9148607
4316 0.0
4417 0.0
4517 0.0
4617 0.0
4718 0.0
4817 0.0
4933 0.0
5019 0.0
5118 0.0
5218 0.0
5318 3.496356
5419 4.580242
5519 5.0
5619 4.6385403
5719 3.2914753
5819 1.6298699
5919 0.55691814
6020 0.12703037
6120 0.037592888
6220 0.009674549
6320 0.59597445
6420 0.8594942
6521 1.1407948
6620 2.0844965
6720 3.384245
6821 4.28786
6921 4.4656506
7021 4.379526
7124 3.7592602
7224 2.3704848
7324 0.95927763
7424 -0.20539808
7524 -1.298331
7624 -1.9865127
7724 -2.375154
7822 -2.3810616
7923 -2.0684342
8023 -1.2343662
8123 -0.16741133
8223 1.1858416
8323 2.115191
8424 2.8048172
8524 3.0881863
8626 3.0680332
8725 2.2720184
8825 0.7569113
8924 -0.45174694
9025 -1.5623691
9125 -2.273058
9225 -2.9112792
9325 -2.986837
9425 -2.8073914
9526 -1.3979015
9810 2.1752648
9910 2.993991
10010 3.2601147
10110 3.2336378
10210 2.7367272
10310 1.4607024
10411 0.27246475
10510 -0.9581771
10611 -1.5926576
10711 -1.7295461
10811 -1.2015624
10912 -0.11720085
11011 1.1689548
11111 2.3591356
11214 3.3238173
11314 3.890585
11414 3.980914
11514 3.6927862
11614 2.6691108
11714 1.3009815
11815 0.010243416
11915 -1.1474018
12015 -1.9005933
12115 -2.2824638
12214 -2.1879604
12314 -1.5409913
12414 -0.35163593
12514 0.9627352
12614 1.9961662
12714 2.645011
12815 3.2328625
12915 3.2812405
13015 2.9272346
13115 1.6633897
13215 0.35974932
13315 -0.90780735
13416 -2.0203643
13516 -2.662601
13616 -3.0287194
13716 -2.8415933
13816 -1.546701
13916 0.08630657
14016 1.3410769
14119 2.2916307
14216 2.7848434
14317 2.8392577
14419 2.722331
14519 1.971673
14618 0.69911337
14719 -0.49223042
14818 -1.4780617
14918 -2.224256
15018 -2.506184
15119 -2.4470122
15218 -2.2334418
15319 -0.5341563
15419 0.816226
15519 1.7754011
15619 2.4807549
15719 2.859282
15820 2.8438745
15920 2.2640405
16019 1.0599866
16120 -0.1471405
16220 -1.3685613
16320 -2.3802385
16420 -4.6517267
16521 -4.8722672
16622 -3.8508823
16721 -3.4341166
16822 -1.9029963
16921 -0.1672492
17022 1.1458483
17122 2.1252718
17222 2.4808035
17322 2.3010073
17422 1.5507345
17522 0.21275091
17622 -0.80648327
17723 -1.9552612
17823 -3.0300508
17923 -3.736775
18023 -4.1889925
18124 -4.192986
18224 0.0
18324 0.0
18424 0.0
18508 0.0
18608 0.0
18725 0.0
18808 0.0
18908 3.369852
19007 3.890524
19108 4.2751923
19209 4.349634
19309 4.1328583
19409 3.5218458
19509 2.5353684
19609 1.3325262
19710 0.040501595
19809 -0.8847933
19910 -1.8529592
20010 -2.4277253
20110 -2.8397918
20210 -3.4510145
20311 -2.9970858
20410 -2.3012946
20511 -1.4868145
20611 -0.45703745
20711 0.67947817
20811 1.7958312
20912 2.959838
21012 3.7683735
21112 4.135988
21215 4.2574196
21312 4.218281
21415 3.9123363
21515 3.1193047
21615 1.8348107
21715 0.64784765
21813 -0.40539932
21914 -1.3847415
22013 -2.171367
22114 -2.5974033
22214 0.0
22314 0.0
22414 0.0
22514 0.0
22614 0.0
22714 0.0
22814 0.0
22915 0.0
23017 0.0
23117 0.0
23217 0.0
23317 0.0
23417 3.6371021
23517 2.5253077
23617 0.63802004
23717 -0.80633354
23816 -1.6004481
23917 -1.9239652
24016 -1.8555417
24120 -1.0217884
24217 0.26930332
24317 1.4303846
24417 2.3815527
24518 3.5498686
24620 4.2840824
24720 4.7475204
24818 4.743038
24919 3.4493227
25018 2.4010239
25118 1.4051504
25218 0.2224679
25319 -0.6286168
25420 -1.5179818
25519 -2.0591636
25619 -2.1778455
25719 -2.0361552
25819 -0.9838762
25920 0.49573612
26021 2.109343
26120 3.2361546
26220 3.691966
26320 3.5221004
26422 2.6538239
26522 1.9434462
26621 0.9334364
26721 -0.19953108
26821 -1.5135472
26922 -2.5861964
27022 -3.2646646
27122 -3.5369625
27222 -3.560312
27322 -3.4936807
27422 -3.358594
27523 -3.2388406
27623 -3.1854005
27724 -3.1582475
27824 -3.141376
27923 -3.1293223
28023 -3.1274338
28123 -3.124529
28224 -3.1199155
28324 -3.0445728
28407 -2.4546351
28507 -1.1719468
28608 -0.1636095
28708 0.7858343
28808 1.5619135
28908 2.2868624
29008 2.8382454
29108 3.3140564
29208 3.4616022
29309 3.4868622
29409 3.4202366
29509 2.6912184
29609 2.116014
29709 1.367413
29810 0.52416563
29910 -0.29690647
30011 -1.360389
30110 -2.1947463
30210 -3.0415852
30311 -3.6258118
30411 -3.7964363
30511 -3.8432696
30611 -3.8216414
30712 -3.2951703
30811 -2.023477
30911 -0.8593154
31011 0.14947224
31112 0.9944854
31215 1.7472754
31315 2.340486
31415 2.7428484
31515 2.9226213
31614 2.8944612
31714 2.7225442
31813 2.0302544
31913 0.9944892
32013 -0.21140003
32114 -1.56162
32213 -2.5766895
32315 -3.4059453
32414 -3.9440262
32514 -4.210085
32614 -4.453143
32717 -4.2841506
32817 -3.4598742
32917 -2.8460622
33017 -2.106646
33117 -1.0806446
33216 -0.20570898
33316 0.40656424
33416 1.1885228
33517 1.8565841
33617 2.3229704
33717 2.5829673
33817 2.6294823
33916 2.515966
34016 1.6583948
34117 0.56177235
34217 -0.50858593
34317 -1.6120849
34417 -2.647782
34517 -3.2982898
34617 -3.8493145
34718 -4.3251433
34819 -4.1137204
34919 -4.0666747
35019 -3.5069315
35119 -2.5487845
35219 -1.2642357
35320 0.25767517
35419 1.2938318
35520 2.0574393
35619 2.4888573
35720 2.7154856
35820 2.7394142
35921 2.734025
36021 2.531537
36121 1.4381423
36221 0.25276947
36321 -0.9444523
36421 -2.0356555
36521 -3.0885448
36621 -3.5034974
36721 -3.9837189
36822 -3.9558225
36922 -3.9209173
37022 -3.8761475
37123 -3.313086
37224 -2.3894215
37322 -1.4738765
37423 -0.19638538
37523 1.0375395
37622 2.1634188
37723 3.0406313
37823 3.5553608
37924 3.6649609
38023 3.3763485
38124 2.9552612
38208 2.4488382
38308 1.286418
38408 -0.057178497
38508 -1.3468406
38608 -2.46871
38708 -3.065854
38808 -3.110205
38908 -3.0679348
39009 -2.8415663
39109 -2.29504
39209 -1.084542
39309 0.4741168
39409 1.7726007
39510 2.6801805
39610 3.3419428
39710 3.7205067
39810 3.938387
39910 3.9840841
40010 3.7814045
40110 2.919899
40210 1.9410791
40311 0.7364454
40411 -0.58390474
40511 -1.5686512
40611 -2.5714252
40712 -2.9420304
40812 -2.9251463
40915 -2.7840352
41015 -2.4782722
41112 -1.7262928
41212 -0.29597855
41314 1.2173662
41414 2.1028123
41515 2.9873977
41615 3.6434069
41715 3.981985
41813 4.1113815
41913 4.10865
42014 3.9789667
42114 3.5736885
42214 2.78695
42318 1.703042
42414 0.48375034
42517 -0.94796467
42617 -2.0843701
42714 -2.8737547
42815 -3.2670977
42915 -3.2906773
43016 -3.3485384
43116 -3.2727635
43216 -3.0052984
43316 -2.647356
43416 -2.082473
43516 -0.61067486
43617 0.6111121
43716 1.6150193
43816 2.4745703
43917 3.2504444
44017 3.9225092
44120 4.110978
44220 4.1742287
44321 3.978468
44420 2.5668783
44520 1.0863886
44620 -0.21859455
44719 -1.3258042
44818 -2.1869912
44919 -2.529944
45019 -2.5455928
45119 -2.0700555
45219 -1.171004
45319 0.3759966
45420 1.7721391
45520 2.8303328
45620 3.7235804
45720 4.206321
45821 4.2935877
45920 3.938796
46021 2.580069
46121 1.2858343
46221 0.020503044
46322 -1.2042599
46421 -2.3980331
46521 -3.1058087
46622 -3.366668
46724 -3.3485188
46822 -2.926117
46922 -2.303703
47022 -1.4995029
47123 -0.5480199
47222 0.51168776
47322 1.7188416
47423 2.55019
47523 2.8598657
47623 2.9900885
47724 2.9861283
47824 2.6106977
47925 1.0763454
48025 -0.10140276
48125 -1.1188464
48208 -2.1691995
48308 -2.9408908
48408 -2.9974647
48508 -3.170227
48608 -3.2268832
48708 -2.8123696
48809 -1.8388865
48909 -0.88985205
49009 0.35205936
49109 1.2531271
49209 1.9781127
49309 2.6221108
49409 2.9180794
49509 2.9149232
49609 2.5234246
49710 1.3930182
49810 0.35404873
49910 -1.082128
50011 -1.9359286
50111 -2.5924582
50212 -3.1277394
50314 -3.3440056
50414 -3.2710748
50514 -2.8287094
50611 -2.2635841
50714 -1.3380711
50812 -0.41939306
50912 0.6701517
51012 1.6671004
51112 2.4206634
51212 2.7527227
51312 2.7731133
51413 2.7231078
51513 2.193624
51613 0.44993162
51716 -1.0194936
51816 -1.9913023
51916 -2.6417367
52016 -2.916549
52114 -3.0522516
52216 -3.0713456
52317 -2.7216227
52416 -1.7809074
52516 -0.6462207
52617 0.7005758
52717 1.7340326
52815 2.4775224
52916 2.8034058
53015 2.8124075
53116 2.5933914
53216 1.744082
53316 0.2223978
53416 -1.3779285
53516 -2.505742
53619 -3.2837195
53719 -3.704048
53818 -3.8557084
53917 -3.753239
54018 -2.9131644
54117 -1.5846832
54217 -0.21060658
54318 1.078579
54418 2.0928965
54519 2.6403017
54619 3.6296234
54718 3.9978275
54818 3.6908712
54919 2.6517067
55019 1.102128
55121 -0.10016298
55220 -1.1206036
55319 -1.883714
55420 -2.6535356
55520 -2.9541664
55620 -2.9539547
55720 -2.8140998
55820 -1.7341952
55920 -0.33001995
56021 0.90672493
56121 1.9752989
56223 2.8228636
56321 3.3010273
56421 3.5209465
56522 3.5156717
56621 3.2960968
56722 2.1958857
56822 0.6536994
56922 -0.56076384
57023 -1.9133174
57123 -2.9095855
57223 -3.264514
57322 -3.2868805
57424 -3.2176013
57524 -2.4896522
57624 -0.94497204
57723 0.62631845
57824 2.0686874
57924 3.2242823
58008 3.6070194
58108 3.656269
58208 3.3587132
58307 2.657178
58408 1.5518198
58508 0.50709534
58609 -0.49073172
58709 -1.4435482
58809 -2.2381892
58909 -2.6862504
59009 -2.7207954
59109 -2.4146514
59209 -1.6482716
59310 -0.23337841
59410 1.3659678
59510 2.719841
59610 3.5676565
59710 3.9837828
59811 3.9949627
59911 3.8106642
60011 3.1837234
60111 1.6909609
60211 0.4508276
60314 -0.5973568
60414 -1.5601897
60511 -2.3659892
60611 -2.5908525
60714 -2.6540997
60812 -2.5198252
60912 -1.8321457
61013 -0.29766703
61113 1.0286446
61212 2.140029
61313 2.8251572
61413 3.0333261
61513 3.0424747
61616 2.7799287
61713 2.0504456
61816 0.98333263
61917 -0.21837854
62016 -1.5298886
62117 -2.433772
62217 -2.764538
62317 -2.8088908
62417 -2.7931461
62516 -2.5077972
62616 -1.0206819
62716 0.3887949
62815 1.627008
62916 2.59487
63016 3.2234592
63116 3.4852753
63216 3.50778
63316 3.2385578
63419 2.3130798
63519 0.6463785
63617 -0.6585946
63719 -2.3050678
63817 -2.9945045
63917 -3.2910435
64017 -3.3072286
64118 -2.5394137
64218 -1.2496972
64318 0.18334866
64418 1.4671645
64518 2.5038757
64619 3.2059994
64720 3.3630543
64819 3.326828
64919 2.8714309
65019 1.9099874
65119 0.8288312
65219 -0.32134295
65319 -1.4832501
65419 -2.400324
65520 -2.783227
65620 -3.032234
65721 -2.9277232
65821 -2.4095695
65921 -1.1613128
66021 0.2983837
66121 1.5816431
66221 2.6599631
66322 3.40376
66422 3.4841824
66522 3.3059483
66622 2.6828089
66723 1.3807654
66822 0.101705074
67140 -2.7394934
67241 -2.8113012
67340 -2.647655
67441 -2.048844
67541 -0.48970366
67640 0.6866274
67741 1.9359345
67841 2.812018
67941 3.3348618
68041 3.422001
68141 3.2077608
68242 2.4038277
68342 1.2106314
68442 -0.02585125
68542 -1.3436179
68642 -2.3319926
68743 -2.5645607
68843 -2.4320402
68945 -1.961252
69045 -0.8187256
69145 0.479558
69245 1.5860987
69345 2.325408
69445 2.7816248
69545 2.9606156
69646 2.8340278
69744 2.1642265
69845 1.1097803
69944 0.0406847
70045 -0.9829378
70144 -1.8345838
70245 -2.3743472
70345 -2.3858607
70445 -2.0791786
70545 -1.3303037
70646 -0.08787012
70746 1.112639
70848 2.062604
70947 2.6167383
71046 2.8945608
71147 2.887786
71246 2.4511209
71346 1.6549149
71447 0.61680794
71547 -0.34529018
71647 -1.473175
71748 -2.487601
71847 -2.9590654
71948 -2.9471073
72049 -2.5556846
72149 -1.5756478
72248 -0.35063028
72349 0.7095518
72448 1.5840898
72549 2.2099657
72649 2.5818048
72749 2.7679482
72849 2.722777
72949 2.2940054
73050 1.3639536
73149 0.30800915
73234 -0.45647287
73351 -1.3567462
73451 -1.8492327
73534 -2.072
73634 -1.8930769
73734 -1.0465655
73834 0.014257431
73934 1.0950108
74035 2.0074272
74135 2.6875024
74235 3.0414848
74335 3.006939
74435 2.6358824
74535 2.0948243
74636 1.1035581
74736 -0.07667351
74836 -1.2801178
74936 -2.2752259
