18 -2.6709132
118 -1.1656926
219 0.9149294
319 2.7940683
419 3.252615
503 2.9033294
603 0.835618
704 -1.2048755
804 -3.130795
904 -3.6186051
1004 -3.1448636
1105 -1.4169223
1205 1.268837
1304 2.4806495
1405 2.5962648
1505 1.8643713
1606 0.10077047
1706 -1.772136
1807 -2.6839933
1906 -2.6203547
2007 -1.4476268
2107 0.2211976
2208 1.7757454
2308 2.56001
2408 2.6494665
2509 1.9652848
2608 0.052386284
2709 -1.4521306
2810 -2.4889302
2909 -2.6449187
3011 -1.3748288
3110 0.51503706
3210 2.0268083
3310 2.6349463
3411 2.5978293
3511 1.8426046
3611 -0.11472893
3712 -1.807872
4312 2.7079859
4414 2.698195
4513 2.2407808
4615 0.97977304
4715 -0.9448452
4814 -2.1403766
4915 -2.72987
5015 -2.505384
5116 -0.93871784
5215 1.0295296
5316 2.343876
5416 2.5439653
5516 2.3107514
5617 0.6243696
5717 -1.0215614
5817 -2.3136675
5917 -2.715835
6018 -2.2819104
6117 -0.5360594
6218 1.4949722
6318 2.7059646
6419 3.0166512
6519 2.5979233
6619 1.4321756
6719 -0.63508177
6820 -2.3470342
6920 -3.0699763
7020 -2.68135
7121 -1.2183235
7221 0.99767876
7321 2.6076784
7421 2.997901
7522 2.7352371
7622 1.5432649
7722 -0.5211978
7823 -1.9237218
7923 -2.6177812
8023 -2.365582
8107 -1.2113101
8206 0.9678755
8307 2.397931
8408 2.8097801
8508 2.8629174
8607 2.1485405
8708 0.5783534
8808 -1.0520294
8909 -2.0514128
9009 -2.1607113
9109 -1.3935311
9210 0.31004477
9310 1.9208679
9410 2.5130095
9511 2.4022741
9611 1.0334501
9711 -0.9030819
10161 -0.03340912
10261 1.5985336
10362 2.5585108
10463 2.626017
10563 2.169188
10663 0.6803589
10764 -0.7605691
10864 -2.123649
10964 -2.8173423
11064 -2.8108373
11164 -1.3612518
11265 0.8464899
11364 2.4837675
11465 2.7603636
11566 2.16671
11665 0.36964226
11750 -1.3229928
11849 -2.6493826
11950 -2.6485105
12051 -1.1883209
12151 0.8387599
12251 2.778718
12351 3.2787218
12452 2.5823913
12552 0.31478167
12652 -1.7368503
12752 -2.6073809
12853 -2.2579796
12953 -0.7551346
13053 1.2793126
13154 2.8416076
13254 3.085064
13353 2.5672927
13454 0.7228713
13555 -1.3940296
13655 -2.7569308
13755 -2.8253877
13855 -1.3137405
13955 0.9129081
14056 2.9150748
14155 3.3698854
14256 2.8114119
14357 0.6476922
14457 -1.4195113
14556 -2.7372746
14658 -3.1272855
14758 -2.1457338
14857 -0.44346714
14958 2.0221581
15058 2.851152
15159 2.7038765
15259 1.225821
15359 -0.90515757
15459 -2.5028436
15560 -3.0121586
15660 -2.3719277
15760 -0.24319887
15861 1.9778376
15961 2.8003602
16061 2.7925124
16162 2.1970139
16261 0.086527824
16362 -2.0631063
16462 -2.9433444
16562 -2.4852214
16663 -0.9199505
16762 0.8210201
16864 2.1038427
16963 2.495018
17063 2.5532608
17164 2.498249
17264 1.8171244
17365 0.10757017
17465 -1.0103176
17565 -1.9218228
17665 -2.327574
17765 -2.4844503
17866 -2.5711744
17950 -2.6805775
18050 -2.9738252
18150 -3.1520364
18251 -3.1605792
18351 -3.1138701
18451 -1.8058219
18551 -0.55748653
18652 0.24899912
18751 0.9261446
18852 1.790698
18952 2.2345262
19053 2.3653784
19153 2.5058212
19253 2.514646
19354 2.3409147
19454 2.1080222
19554 1.6177201
19654 0.74567986
19755 -0.20776415
19855 -1.1991043
19955 -1.98753
20055 -2.5477157
20155 -2.8214097
20256 -2.946735
20356 -2.8145807
20456 -2.5369916
20556 -2.1210074
20657 -1.0532887
20757 0.2337408
20857 1.1275663
20958 1.8119364
21057 2.0749755
21158 2.2495317
21259 2.240673
21358 2.127954
21459 1.7474709
21559 1.176373
21659 0.09012747
21760 -0.7191553
21860 -1.5700142
21960 -2.2979085
22061 -2.8700442
22161 -3.0831637
22261 -3.031996
22361 -2.8003652
22462 -2.476579
22562 -1.5259209
22662 -0.07656765
22762 1.2076306
22863 1.9951501
22963 2.2035127
23063 2.2429862
23164 2.3523893
23263 2.4818916
23364 2.5517693
23464 2.520547
23564 2.3689752
23665 1.772296
23764 0.78503704
23865 -0.15259075
23965 -1.2634189
24066 -2.0314772
24166 -2.5843804
24250 -2.735571
24350 -2.796832
24450 -2.7792552
24551 -2.4981112
24651 -1.7615097
24751 -0.3885603
24851 0.7557435
24951 1.4595742
25052 1.907547
25152 2.035829
25253 2.1605844
25353 2.253479
25453 2.2623696
25553 2.2645445
25653 2.241094
25753 1.9536562
25854 1.1907129
25955 -0.11377239
26055 -0.9625912
26155 -1.6850865
26255 -2.00881
26355 -2.0901666
26456 -2.1155972
26556 -2.10889
26656 -2.0234134
26756 -1.5892005
26857 -0.2723279
26956 0.90780926
27057 1.6225333
27158 2.049624
27257 2.3013701
27357 2.3586783
27458 2.311141
27559 2.1414728
27658 1.9634109
27759 1.648027
27860 0.63995457
27960 -0.57088566
28060 -1.7982738
28160 -2.3249278
28261 -2.6341748
28361 -2.8172774
28461 -2.8287082
28561 -2.8021755
28661 -2.7355905
28762 -2.3477237
28862 -1.2080879
28962 0.6853843
29062 1.8864326
29163 2.4296012
29262 2.467969
29363 2.4535966
29464 2.409556
29564 2.2609482
29664 1.9357009
29764 0.99820995
29864 -0.55602217
29965 -1.6197333
30065 -2.3274956
30165 -2.8587284
30265 -3.1957984
30366 -3.2861388
30450 -3.2918153
30550 -3.1872041
30650 -2.54466
30751 -1.2721801
30850 0.072824955
30951 1.0345926
31051 1.8197584
31152 2.2596831
31252 2.5072541
31352 2.5941672
31453 2.7554712
31552 2.9087806
31653 2.9511971
31753 2.8129082
31854 1.7812095
31954 0.5254507
32054 -0.54044485
32154 -1.4192047
32254 -2.0554123
32355 -2.4830527
32455 -2.7912786
32555 -2.867445
32656 -2.7902884
32756 -2.5753894
32855 -1.7595978
32955 -0.2345705
33057 0.91429424
33157 1.7647295
33257 2.3844175
33357 2.6413717
33458 2.9688096
33557 3.0288563
33657 3.0525618
33759 2.9840698
33859 2.859847
33959 2.4717422
34059 1.9454513
34159 1.1560469
34260 -0.09380007
34360 -1.1471157
34460 -1.9129217
34560 -2.296381
34661 -2.5240626
34761 -2.6057343
34861 -2.4803574
34961 -1.525219
35062 0.20871639
35162 1.3835726
35263 2.1738749
35362 2.5486994
35463 2.7849288
35564 2.8875337
35664 3.007743
35763 3.0161219
35864 2.9196358
35963 2.5439277
36065 1.5245333
36164 0.23613071
36265 -0.82529926
36365 -1.73891
36466 -2.3586082
36565 -2.90008
36665 -3.369657
36750 -3.51423
36849 -3.416151
36951 -2.7987285
37050 -1.4524357
37151 -0.3045225
37250 0.70001125
37352 1.5905366
37452 2.2656698
37551 2.537664
37651 2.5812707
37752 2.564673
37853 2.649592
37953 2.7723312
38053 2.7733445
38154 2.607543
38254 1.9906487
38354 0.8719988
38454 -0.33235502
38555 -1.2707283
38654 -1.8420627
38755 -2.2150998
38856 -2.3571465
38956 -2.362692
39056 -2.1810787
39156 -1.3746648
39257 0.2500744
39357 1.3392711
39457 2.2294793
39557 2.8249044
39658 2.9138308
39758 2.8046136
39858 2.707469
39958 2.690145
40059 2.612741
40159 2.3403368
40259 1.5552177
40360 0.51420975
40460 -0.40437222
40560 -1.2727227
40660 -2.0355287
40760 -2.4963164
40861 -2.6966398
40961 -2.7650614
41061 -2.7449546
41161 -2.633932
41261 -2.2351139
41362 -0.7841997
41462 0.73828983
41563 1.9720831
41663 2.524766
41762 2.457015
41864 2.2715025
41964 1.839508
42064 0.98777866
42164 0.0010089874
42265 -0.92964697
42365 -1.4767613
42465 -1.8415532
42565 -2.2214782
42665 -2.439553
42765 -2.6841662
42866 -2.8010957
42950 -2.8397548
43049 -2.4265683
43150 -0.27550077
43251 1.237905
43351 2.081254
43450 2.4908853
43551 2.726303
43651 2.748221
43752 2.776816
43852 2.7260628
43952 2.3457842
44053 1.9719315
44153 1.4320717
44253 0.49467373
44354 -0.605422
44454 -1.3315492
44554 -2.0999398
44655 -2.6809218
44754 -2.80768
44855 -2.8325276
44955 -2.836775
45055 -2.662886
45156 -1.2035508
45256 0.22887325
45356 1.4306517
45456 2.240512
45557 2.7967238
45656 2.8992653
45757 2.7917304
45857 2.618575
45958 1.9602294
46058 0.59904003
46158 -0.47902775
46259 -1.2259605
46359 -1.472173
46459 -1.5198464
46559 -1.4319305
46660 -1.2664921
46760 -1.2224236
46860 -1.219934
46960 -1.218081
47061 -0.42451096
47161 2.0264711
47261 2.177092
47361 1.4239569
47462 -0.11759043
47561 -1.9933853
47662 -2.8477447
47762 -2.542523
47863 -0.6936078
47962 1.6382308
48063 2.780037
48164 2.5932894
48264 0.545279
48364 -1.6152222
48464 -2.8754742
48564 -2.4595008
48664 -0.72609043
48765 1.6807609
48865 3.1083794
48966 2.5381637
49066 0.573719
49149 -1.1778195
49249 -2.412294
49350 -2.1187675
49451 -0.45366383
49551 1.7168112
49651 2.8578863
49751 2.8779206
49852 1.1411328
49952 -1.2753277
50052 -2.8901951
50151 -3.1403644
50252 -2.310595
50353 0.53296185
50453 2.2734542
50553 2.4622498
50654 1.4259734
50754 -0.77400017
50853 -2.4914477
50955 -2.8489628
51054 -1.690948
51155 0.89685106
51255 2.6457467
51355 2.8006124
51456 1.3875513
51556 -1.206744
51656 -2.769618
51757 -2.627359
51857 -1.0904946
51957 1.5282197
52057 2.719139
52158 2.574669
52258 1.0379939
52358 -1.1145737
52459 -2.4055784
52559 -2.932279
52659 -1.6653531
52759 0.87197304
52860 2.450241
52959 2.706997
53060 1.321249
53161 -0.65863657
53261 -2.1701775
53361 -2.4119039
53461 -1.1373055
53562 0.94362164
53662 2.5160704
53761 2.3281631
53861 1.9390154
53962 0.12572098
54062 -1.5189896
54162 -2.4562802
54263 -1.8460543
54364 0.3350134
54464 2.3930917
54564 2.810979
54664 2.4369469
54764 -0.071876526
54865 -2.2692714
54965 -3.066364
55065 -2.0274713
55165 0.53376865
55266 2.2082148
55350 2.4779525
55466 1.7618418
55550 0.1543765
55649 -1.6927192
55751 -2.470528
55851 -2.1033278
55951 -0.3013115
56051 1.8782105
56152 2.6602044
56252 2.3903542
56352 0.422637
56453 -1.7817543
56553 -3.054574
56653 -3.0704994
56753 -1.5535424
56854 0.8524523
56954 2.3428345
57054 2.5500093
57154 1.451448
57255 -0.32346058
57355 -1.9509649
57455 -2.666996
57555 -2.1688042
57656 -0.079342365
57756 1.7611899
57855 2.544753
57956 2.2610612
58056 0.3539319
58157 -1.8283372
58257 -2.6235719
58357 -2.0654948
58457 0.024202347
58558 2.0590882
58658 2.9005432
58759 2.6824608
58858 0.7755542
58959 -1.2280202
59059 -2.3956897
59159 -1.9718513
59260 0.27325153
59360 2.2472296
59460 3.3311825
59560 2.979702
59661 1.0044785
59761 -1.5727067
59861 -3.0090208
59961 -3.4305444
60062 -2.1659305
60162 0.45137596
60262 2.519085
60363 3.3138323
60463 2.8056083
60563 0.61914635
60664 -1.7883954
60764 -2.783508
60864 -2.456076
60964 -0.730412
61065 1.6331573
61165 2.8995857
61265 3.0202122
61365 1.3638053
61465 -0.82334614
61566 -2.5994148
61667 -3.1985369
61750 -2.6860843
61850 -0.9055524
61951 1.3847232
62051 2.811267
62151 2.9506197
62251 1.3912559
62352 -0.86818457
62452 -2.685626
62552 -3.2896774
62652 -2.493301
62753 -0.68267155
62853 1.3635211
62953 2.6590338
63053 2.509398
63153 0.69141674
63253 -1.579176
63354 -2.9713519
63455 -2.8311772
63555 -1.3967056
63654 0.56568813
63755 1.9313874
63856 2.5989408
63956 1.9854941
64056 -0.28969288
64157 -2.3283784
64256 -2.982539
64357 -2.2545793
64457 0.21284294
64558 2.1860056
64657 2.8934832
64758 2.5098486
64858 0.76302195
64959 -1.4351101
65059 -2.6322198
65159 -2.5886722
65260 -0.96362686
65359 1.5241194
65460 2.9601312
65559 2.8105226
65660 1.3292756
65761 -0.56941795
65861 -2.2034383
65961 -2.4728808
66062 -1.554528
66161 0.6815958
66261 2.2862196
66362 3.1621647
66462 2.8378663
66563 0.7656908
66663 -1.4056473
66763 -2.6253264
66863 -2.5263166
66964 -0.65621996
67063 1.7159834
67164 2.673658
67265 2.2101068
67365 0.5190611
67465 -1.5483506
67565 -2.696624
67665 -2.513005
67766 -0.47529984
67866 1.7893133
67950 2.8416471
68050 2.746025
68150 0.5879235
68251 -1.94661
68351 -3.059111
68451 -2.7142186
68551 -0.7221432
68652 1.82582
68752 2.8307328
68851 2.5556984
68952 0.34542418
69052 -2.1368964
69153 -2.7680662
69253 -1.7564297
69353 0.7550068
69454 2.4873137
69554 3.291975
69654 2.5362358
69755 0.33395958
69855 -1.8872373
69955 -2.7923946
70056 -2.3032527
70155 -0.3150835
70256 2.1374946
70356 2.805808
70456 2.0568862
70556 0.07191992
70657 -1.8185573
70758 -2.9070475
70858 -2.5935726
70958 -0.70749426
71058 1.3160982
71158 2.1998968
71258 1.6134615
71359 -0.21682262
71459 -2.4060452
71559 -3.450364
71660 -3.0438895
71759 -1.1612327
71860 1.474134
71960 2.6542053
72061 2.7275248
72161 1.3430638
72261 -0.9207721
72362 -2.7608774
72462 -2.6718552
72562 -0.5022321
72663 1.7255926
72763 3.0043154
72863 3.075386
72963 1.7516508
73064 -0.5542755
73164 -2.1595817
73264 -2.1510925
73364 -0.538023
73464 2.0145836
73565 3.1547003
73665 2.94987
73765 1.5168166
73865 -0.90146446
73965 -2.4538214
74066 -2.370163
74150 -0.73690176
74249 1.6906614
74350 3.0249567
74450 3.0532732
74551 1.3213167
74651 -1.1076641
74751 -2.625649
74852 -2.5830388
74952 -1.0425835
