9 -3.901479
108 -4.005858
208 -3.9984252
308 -3.857378
408 -3.130892
509 -2.1766155
609 -1.045692
927 1.9143343
1027 2.5842195
1126 3.1906223
1227 3.537901
1327 3.6994696
1427 3.7239494
1527 3.667162
1628 3.27275
1727 2.7060232
1828 1.928216
1928 1.0101681
2028 0.083907604
2128 -0.70314884
2229 -1.534333
2328 -2.2544835
2429 -2.8909435
2529 -3.318569
2629 -3.6132722
2729 -3.7485309
2830 -3.7897685
2929 -3.7868867
3029 -3.5332255
3130 -2.818994
3230 -1.8814914
3330 -0.9145751
3430 0.035531044
3531 0.8753748
3998 3.5729885
4332 3.80019
4432 3.8013
4533 3.794363
4633 3.6804447
4733 3.1572447
4833 2.4566703
4933 1.5824623
5034 0.7071762
5133 -0.093389034
5233 -0.81325054
5333 -1.5173182
5434 -2.0954347
5534 -2.5314982
5634 -2.8473814
5734 -3.0435977
5835 -3.1627567
5935 -3.1948931
6034 -3.1782815
6135 -2.9832358
6235 -2.3088906
6335 -1.4363091
6435 -0.5794301
6536 0.39695024
6636 1.2322583
6735 2.0679245
6836 2.6368318
6936 3.2730064
7037 3.6555605
7136 3.8423986
7237 3.879282
7337 3.8537903
7437 3.6823626
7537 3.1053257
7638 2.3905473
7738 1.4766707
7820 0.699111
7920 -0.11825752
8020 -0.9328327
8120 -1.6195633
8220 -2.1829371
8320 -2.7416544
8422 -3.1792688
8522 -3.5499074
8623 -3.7709744
8723 -3.9240086
8823 -3.9480147
8923 -3.738915
9023 -3.1306698
9123 -2.2172294
9224 -1.214391
9324 -0.6115427
9424 0.4249711
9524 1.1775093
9624 1.7366533
9824 2.6496305
9925 2.9224992
10091 3.3535614
10192 3.4868488
10292 3.5749397
10392 3.599577
10493 3.5353603
10592 3.1232786
10692 2.327787
10792 1.3413897
10893 0.5865836
10993 -0.20990992
11094 -0.9316616
11194 -1.6611729
11294 -2.4108357
11394 -3.0682578
11494 -3.499401
11594 -3.8933935
11695 -4.074235
11794 -4.12833
11894 -3.9391832
11995 -3.2805023
12094 -2.451192
12195 -1.5017128
12295 -0.5651469
12396 0.22590733
12496 1.0022483
12578 1.5104308
12678 2.0617852
12778 2.4389877
12878 2.7618446
12978 3.0808277
13078 3.2725067
13179 3.3493557
13281 3.3230286
13380 3.146822
13481 2.7078705
13581 2.11054
13681 1.314817
13781 0.625999
13881 -0.14257097
13981 -0.873343
14082 -1.5204511
14182 -2.0999608
14282 -2.6142983
14382 -2.9179823
14482 -3.1065001
14582 -3.1829262
14683 -3.2035556
14783 -3.1586127
14883 -2.9988017
14983 -2.5677462
15083 -1.9409404
15183 -1.0790966
15284 -0.35580015
15384 0.42790127
15484 1.0395122
15584 1.5739632
15684 2.0889235
15785 2.6442704
15884 3.1957426
15985 3.4963694
16085 3.6204472
16185 3.6483154
16285 3.6316843
16385 3.3380032
16486 2.4459243
16585 1.6115632
16686 0.7508478
16787 -0.113637924
16886 -0.8680668
16987 -1.5505643
17087 -2.0992777
17187 -2.5704455
17287 -2.8740928
17388 -3.0097904
17487 -3.0308805
17588 -2.9675505
17688 -2.6579885
17788 -2.126343
17888 -1.4961929
17988 -0.90225697
18088 -0.21968365
18189 0.502172
18289 1.3075457
18389 2.0229826
18489 2.7058477
18589 3.1940603
18690 3.4600372
18790 3.5495825
18890 3.5899706
18990 3.5991678
19090 3.5460625
19190 3.2066116
19290 2.7141595
19391 2.1021562
19491 1.4672828
19591 0.5488024
19691 -0.41844606
19792 -1.254034
19891 -2.0339437
19991 -2.6062105
20092 -3.107878
20192 -3.394991
20291 -3.4707015
20393 -3.4197161
20492 -3.129355
20593 -2.5476336
20693 -1.9860814
20792 -1.2620978
20892 -0.51765347
20994 0.2633047
21094 0.8936639
21194 1.5476484
21294 2.0672379
21393 2.5725837
21494 2.9066038
21594 3.0981455
21695 3.1782608
21795 3.1841946
21895 3.0650063
21995 2.6590676
22095 1.849958
22195 1.06602
22296 0.27829885
22395 -0.51025295
22496 -1.3266339
22578 -1.8640146
22678 -2.410255
22778 -2.8532767
22878 -3.075005
22978 -3.1534681
23078 -3.120059
23179 -2.9165666
23281 -2.576832
23381 -2.1206088
23481 -1.5722191
23581 -1.0617611
23681 -0.32990122
23781 0.41675568
23882 1.2306147
23982 1.8734078
24082 2.440793
24182 2.8933005
24282 3.2948866
24382 3.497098
24482 3.5679207
24583 3.5607777
24683 3.412325
24783 2.896398
24883 2.1714087
24983 1.2902141
25083 0.48593426
25183 -0.4164133
25284 -1.258735
25384 -1.8762074
25484 -2.466721
25584 -3.028719
25684 -3.3077672
25784 -3.3981428
25885 -3.3831081
25985 -3.199699
26085 -2.7322803
26185 -2.0536366
26285 -1.1355782
26385 -0.30283403
26486 0.5353451
26585 1.3310199
26686 1.8979225
26786 2.365468
26886 2.6963067
26987 2.9609556
27086 3.0905066
27187 3.1561613
27286 3.1622133
27388 2.9108553
27488 1.9984193
27587 0.85343075
27688 -0.22504854
27787 -1.1704831
27888 -2.0848517
27988 -2.958556
28088 -3.655446
28188 -3.9833245
28289 -4.0591865
28389 -3.980556
28489 -3.7726722
28589 -3.357328
28690 -2.84768
28790 -2.1545134
28890 -1.3658288
28990 -0.50529385
29090 0.28104973
29190 1.0783525
29290 1.6921816
29391 2.2088838
29490 2.6192322
29591 2.9238214
29691 3.1453257
29792 3.211258
29891 3.1620064
29991 2.7253962
30092 1.7046995
30191 0.71286297
30291 -0.26490974
30393 -1.1968846
30492 -1.8582096
30593 -2.425714
30693 -2.6451578
30793 -2.7005022
30894 -2.6358294
30993 -2.3298082
31093 -1.8611197
31194 -1.1770065
31294 -0.372859
31394 0.57132816
31494 1.4511847
31595 2.078177
31694 2.496019
31795 2.588838
32128 0.7499747
32210 0.0035891533
32312 -1.0147107
32412 -1.74511
32513 -2.4661126
32613 -2.8502088
32713 -2.9622126
32813 -2.9265192
32913 -2.742256
33013 -2.3826685
33113 -1.8346791
33214 -0.89208126
33314 0.05457163
33414 0.9640155
33514 1.6826315
33614 2.2415009
33714 2.5826693
33815 2.6893592
33915 2.7148447
34015 2.6517744
34115 2.1692939
34215 1.1349626
34315 -0.02687645
34415 -0.93469524
34516 -1.8234718
34616 -2.4729156
34716 -2.7348657
34816 -2.785696
34916 -2.689106
35017 -2.346014
35117 -1.816303
35217 -1.0276496
35317 -0.22658825
35418 0.6642237
35517 1.4240875
35617 2.054769
35717 2.5319128
35817 2.8019829
35918 2.92667
36018 2.9322233
36119 2.812234
36218 2.4347014
36318 1.6828284
36418 0.8573775
36519 -0.058938026
36619 -0.8457322
36720 -1.4976172
36820 -2.149119
36920 -2.616601
37020 -2.9815285
37120 -3.124762
37220 -3.1561475
37320 -2.9640355
37420 -2.2209606
37520 -1.2890332
37621 -0.27337456
37721 0.72331333
37821 1.4689112
37921 2.085504
38021 2.4948325
38122 2.7435555
38222 2.867166
38322 2.8680964
38423 2.661744
38522 1.9434366
38623 0.95527554
38723 0.11784792
38823 -0.66861343
38922 -1.3068345
39023 -1.9144275
39123 -2.3216023
39224 -2.547639
39324 -2.67358
39424 -2.6881876
39523 -2.5616975
39624 -2.0295286
39725 -1.1761336
39825 -0.4112053
39925 0.38408184
40025 1.0711985
40126 1.6356125
40225 1.9725318
40326 2.1685648
40426 2.2876234
40526 2.3522277
40626 2.356948
40726 2.1789742
40826 1.2990503
40927 0.4243269
41027 -0.4624834
41126 -1.2329555
41226 -1.9372473
41327 -2.5172026
41427 -2.890052
41527 -3.1058853
41627 -3.1819963
41710 -3.1802459
41810 -3.0842843
41910 -2.935377
42011 -2.8180377
42110 -2.7102637
42211 -2.5633025
42312 -2.1108775
42413 -1.3016338
42513 -0.3976221
42613 0.68970776
42713 1.7109299
42813 2.5844507
42913 2.972567
43013 3.088068
43113 3.099944
43214 3.0979357
43314 3.0154371
43414 2.5912948
43514 1.6023269
43614 0.8127756
43714 0.098340034
43815 -0.5637417
43915 -1.1912799
44015 -1.7086625
44115 -2.289266
44215 -2.6772695
44315 -2.9237943
44415 -3.0136495
44516 -2.9996336
44616 -2.8193736
44716 -2.3222516
44816 -1.5527813
44917 -0.8677039
45016 -0.1327982
45117 0.4952216
45217 1.1523318
45317 1.8242674
45417 2.266111
45517 2.7157125
45617 2.9902992
45717 3.1247768
45818 3.1805744
45919 3.1580448
46018 2.9292397
46119 2.2006226
46218 1.3613348
46319 0.5016279
46419 -0.29573584
46519 -1.0980752
46620 -1.687367
46720 -2.204862
46819 -2.654748
46920 -2.969487
47020 -3.1175363
47120 -3.1548223
47216 -3.1321836
47320 -2.7968144
47421 -2.053265
47521 -1.035708
47621 -0.16696644
47721 0.71690845
47822 1.4393778
47922 1.9988952
48022 2.4296455
48122 2.87885
48222 3.2531757
48322 3.484459
48422 3.5229893
48523 3.4446325
48623 2.941732
48723 2.1638618
48822 1.2666998
48923 0.5564213
49024 -0.19061708
49124 -0.8323779
49223 -1.4342761
49324 -1.8817627
49424 -2.3701515
49524 -2.6797905
49624 -2.8108425
49724 -2.8381114
49825 -2.7099442
49925 -2.09324
50025 -1.3322086
50126 -0.46777344
50225 0.26706076
50326 0.9916835
50426 1.7143946
50526 2.2718582
50626 2.8919587
50726 3.3158045
50826 3.5705738
50927 3.652439
51026 3.6581697
51127 3.482504
51227 2.8425217
51328 2.0583434
51427 1.2425528
51528 0.40749788
51610 -0.23837423
51710 -1.10097
51810 -1.7430012
51910 -2.401752
52010 -2.8223436
52110 -3.0991488
52211 -3.2359262
52311 -3.2561045
52413 -2.9979396
52513 -2.3382373
52613 -1.3186524
52713 -0.41517162
52813 0.4069562
52913 1.0797596
53013 1.797883
53114 2.4209824
53214 2.999855
53314 3.4932804
53414 3.5833282
53514 3.577056
53614 3.3452597
53714 2.631156
53815 1.7631478
53915 0.86714077
54015 0.049177647
54115 -0.8290162
54215 -1.6695695
54315 -2.3816686
54415 -2.9839625
54516 -3.3635852
54616 -3.5768404
54716 -3.6240635
54817 -3.4718614
54916 -3.0029154
55016 -2.1717463
55117 -1.3228924
55217 -0.5350561
55317 0.29255438
55417 1.0015702
55517 1.7693901
55617 2.3956504
55717 3.0532675
55819 3.4442892
55918 3.5651636
56018 3.5676785
56118 3.3797112
56218 2.8014688
56319 2.0132627
56419 1.112215
56520 0.30942392
56620 -0.60022116
56720 -1.3932481
56819 -2.316477
56920 -3.0504088
57020 -3.5630956
57120 -3.79952
57220 -3.7963982
57320 -3.6689236
57421 -3.1788058
57521 -2.3246274
57621 -1.4681468
57721 -0.57645893
57821 0.14844036
57922 0.91700745
58021 1.5284324
58121 2.2600784
58222 2.8692985
58322 3.2444973
58423 3.4072132
58523 3.4345398
58623 3.3714314
58723 3.1376371
58823 2.4743032
58923 1.6025176
59024 0.64161396
59124 -0.25123024
59224 -1.1201236
59324 -2.1306577
59424 -2.973392
59525 -3.5761142
59624 -3.8654637
59725 -3.9047174
59825 -3.7735038
59924 -3.2988808
60025 -2.5708146
60125 -1.4923337
60226 -0.3829894
60325 0.65791225
60426 1.6400595
60526 2.3792067
60626 3.031392
60726 3.547782
60827 3.7899046
60926 3.8231907
61026 3.6021385
61127 2.9612741
61227 2.1937218
61327 1.3440585
61428 0.51222706
61528 -0.45103168
61610 -1.0873134
61710 -1.8206983
61810 -2.4782166
61910 -2.9885197
62010 -3.2492604
62110 -3.3289437
62212 -3.1725411
62312 -2.6833043
62413 -1.8512988
62513 -1.0174937
62613 -0.14948273
62713 0.6314182
62813 1.4884615
62913 2.1243048
63013 2.8073516
63114 3.4109268
63214 3.6268406
63314 3.669795
63414 3.639245
63513 3.3563967
63614 2.7297602
63714 1.777648
63815 0.88698053
63915 -0.15722275
64015 -1.1430893
64115 -2.082661
64215 -2.9489284
64315 -3.5148177
64415 -3.7558076
64516 -3.7207987
64616 -3.365726
64716 -2.836122
64816 -2.090639
64916 -1.3684132
65016 -0.524827
65117 0.3004117
65217 1.1629539
65318 2.1790109
65417 2.8557677
65517 3.3804865
65617 3.600584
65718 3.6522617
65818 3.5900478
65918 3.2335215
66018 2.4968271
66118 1.5598936
66218 0.53906536
66318 -0.38085842
66418 -1.2447021
66520 -1.9435575
66619 -2.6266232
66719 -3.0919516
66820 -3.3818183
66919 -3.4136949
67020 -3.1496234
67121 -2.5409315
67221 -1.763166
67320 -0.8654561
67421 -0.07411909
67521 0.78247786
67620 1.5798788
67721 2.4235106
67821 3.074644
67922 3.5048466
68021 3.648405
68122 3.6606693
68222 3.6026363
68323 3.1694136
68422 2.1613092
68522 1.268477
68623 0.34282923
68722 -0.3922658
68822 -1.2054341
68923 -1.9836128
69024 -2.650928
69123 -3.2160172
69224 -3.3918257
69324 -3.3865485
69424 -3.123509
69524 -2.4683242
69624 -1.6266155
69724 -0.6792693
69825 0.25549698
69925 1.1475778
70026 1.9817324
70126 2.680883
70225 3.31884
70326 3.7645073
70426 4.09875
70525 4.1879025
70626 4.179508
70726 3.9557314
70827 3.2397976
70927 2.2306838
71027 1.3692441
71126 0.36472082
71227 -0.4762292
71328 -1.3268833
71428 -2.1588044
71527 -2.7610903
71610 -3.0633092
71710 -3.3291335
71810 -3.394196
71910 -3.3165185
72010 -3.0192614
72110 -2.442815
72212 -1.5570114
72312 -0.79900026
72413 -0.01970768
72513 0.79416037
72613 1.6513991
72713 2.4411097
72813 3.0629053
72913 3.5298376
73013 3.679451
73114 3.6622963
73214 3.3595533
73314 2.584268
73414 1.7109365
73514 0.7030425
73615 -0.3178029
73714 -1.1808293
73815 -2.3098547
73915 -3.0186064
74015 -3.5020823
74115 -3.5634332
74216 -3.3845284
74316 -3.012938
74415 -2.4859893
74516 -1.6648343
74616 -0.56634283
74716 0.44731426
74816 1.3056726
74916 2.0833626
