33 0.0
133 0.0
233 0.0
333 0.0
434 0.0
534 0.0
634 0.0
734 0.0
834 0.0
935 0.0
1034 0.0
1135 0.0
1235 0.0
1335 0.0
1436 0.0
1536 0.0
1636 0.0
1736 0.0
1836 0.0
1937 0.0
2037 0.0
2136 0.0
2237 0.0
2337 0.0
2437 0.0
2537 0.0
2638 0.0
2738 0.0
2838 0.0
2938 0.0
3038 0.0
3139 0.0
3239 0.0
3339 0.0
3439 0.0
3539 0.0
3640 0.0
3740 0.0
3839 0.0
3939 0.0
4040 0.0
4140 0.0
4241 0.0
4341 0.0
4441 0.0
4540 0.0
4642 0.0
4742 0.0
4841 0.0
4942 0.0
5041 0.0
5142 0.0
5243 0.0
5343 0.0
5442 0.0
5543 0.0
5642 0.0
5742 0.0
5827 0.0
5927 0.0
6027 0.0
6126 0.0
6227 0.0
6327 0.0
6427 0.0
6745 0.0
6845 0.0
6945 0.0
7045 0.0
7145 0.0
7245 0.0
7346 0.0
7446 0.0
7545 0.0
7646 0.0
7746 0.0
7846 0.0
7947 0.0
8046 0.0
8147 0.0
8247 0.0
8347 0.0
8447 0.0
8547 0.0
8648 0.0
8747 0.0
8848 0.0
8948 0.0
9048 0.0
9148 0.0
9249 0.0
9348 0.0
9449 0.0
9549 0.0
9649 0.0
9750 0.0
9850 0.0
9949 0.0
10050 0.0
10150 0.0
10250 0.0
10350 0.0
10451 0.0
10551 0.0
10651 0.0
10734 0.0
10835 0.0
10935 0.0
11035 0.0
11135 0.0
11234 0.0
11336 0.0
11436 0.0
11536 0.0
11636 0.0
11736 0.0
11836 0.0
11936 0.0
12036 0.0
12136 0.0
12237 0.0
12337 0.0
12437 0.0
12537 0.0
12638 0.0
12738 0.0
12838 0.0
12938 0.0
13038 0.0
13138 0.0
13238 0.0
13338 0.0
13439 0.0
13539 0.0
13639 0.0
13739 0.0
13839 0.0
13940 0.0
14040 0.0
14140 0.0
14240 0.0
14340 0.0
14440 0.0
14540 0.0
14640 0.0
14741 0.0
14841 0.0
14941 0.0
15041 0.0
15141 0.0
15242 0.0
15342 0.0
15442 0.0
15542 0.0
15643 0.0
15742 0.0
15843 0.0
15943 0.0
16043 0.0
16143 0.0
16244 0.0
16344 0.0
16444 0.0
16545 0.0
16644 0.0
16745 0.0
16845 0.0
16944 0.0
17044 0.0
17145 0.0
17245 0.0
17346 0.0
17445 0.0
17546 0.0
17647 0.0
17746 0.0
17847 0.0
17946 0.0
18047 0.0
18146 0.0
18247 0.0
18347 0.0
18447 0.0
18548 0.0
18647 0.0
18748 0.0
18848 0.0
18948 0.0
19048 0.0
19149 0.0
19249 0.0
19349 0.0
19450 0.0
19549 0.0
19650 0.0
19748 0.0
19849 0.0
19949 0.0
20050 0.0
20150 0.0
20250 0.0
20350 0.0
20450 0.0
20552 0.0
20650 0.0
20751 0.0
20850 0.0
20952 0.0
21051 0.0
21152 0.0
21235 0.0
21352 0.0
21435 0.0
21536 0.0
21636 0.0
21736 0.0
21837 0.0
21969 0.0
22069 0.0
22170 0.0
22270 0.0
22370 0.0
22471 0.0
22571 0.0
22671 0.0
22772 0.0
22871 0.0
22972 0.0
23072 0.0
23172 0.0
23271 0.0
23372 1.505559
23471 1.848494
23572 1.5677719
23657 0.7991662
23773 -0.4668231
23857 -1.5270798
23957 -2.3636966
24057 -2.7540724
24156 -3.1411967
24257 -3.243341
24357 -2.9556584
24458 -2.5708005
24558 -2.8682766
24657 -2.2537837
24758 -1.0490773
24857 -0.4461894
24958 0.17557573
25058 0.68355083
25159 0.9916611
25258 1.0995626
25358 1.0309687
25458 0.94982815
25559 0.9070568
25660 0.8528986
25759 0.7653036
25860 0.59436464
25961 0.382411
26060 0.26352978
26160 0.20551014
26261 0.3162117
26360 0.90184116
26460 1.3512549
26561 1.723269
26661 1.9350371
26761 2.0587096
26861 1.981607
26961 1.7335052
27061 1.4761505
27161 1.1569853
27262 0.93644047
27362 0.7314372
27462 0.24290371
27562 -0.66143274
27663 -1.6119404
27764 -2.339769
27864 -2.8070712
27963 -3.1083791
28063 -3.2610998
28163 -3.3504243
28263 -3.4104064
28363 -3.3662574
28464 -3.2697978
28564 -3.1871815
28664 -3.1563122
28765 -2.920378
28865 -1.963979
28965 -0.70500374
29064 0.24678326
29165 0.94270706
29264 1.5795507
29365 2.0259118
29465 2.3808618
29566 2.6244507
29667 2.6362815
29766 2.5321608
29867 2.2124734
29966 1.5768585
30066 1.1476779
30166 0.5678749
30267 0.052048683
30366 -0.66983795
30467 -1.2086017
30567 -1.8943152
30668 -2.3761334
30768 -2.8795896
30868 -3.4225922
30968 -3.6272552
31068 -3.660219
31168 -3.6159134
31268 -3.2780614
31368 -2.8108068
31468 -1.7660289
31568 -0.7871151
31668 0.29075718
31769 0.8985119
31870 1.5451975
31969 2.2444792
32070 2.5494752
32170 2.836032
32270 2.9755545
32370 3.0561113
32470 3.0799227
32571 3.039218
32671 2.82752
32771 2.2641983
32871 1.3957052
32972 0.53764105
33071 -0.19142151
33172 -0.8094206
33272 -1.7343326
33372 -2.2853458
33471 -2.8220057
33572 -3.1893685
33672 -3.5205092
33772 -3.6904538
33873 -3.8123899
33973 -3.8367171
34073 -3.8007534
34172 -3.3844073
34273 -2.6834233
34374 -1.4442604
34474 -0.27646255
34575 0.77386093
34674 1.6065826
34775 2.16436
34875 2.7172098
34975 2.9892797
35058 3.1325264
35175 3.2362766
35258 3.2392206
35375 3.0927486
35460 2.8169541
35559 2.2241807
35659 1.185328
35759 0.3215556
35860 -0.37209654
35959 -1.0558419
36060 -1.7140229
36159 -2.3176553
36261 -2.5707216
36359 -3.1402435
36460 -3.4663813
36561 -3.5227075
36660 -3.531413
36761 -3.395334
36862 -2.650515
36961 -1.6908689
37061 -0.67413425
37161 0.013689518
37262 0.68661594
37362 1.3088002
37464 1.8281379
37564 2.2298956
37663 2.589048
37763 2.794465
37864 2.9175682
37963 2.9517455
38063 2.9561982
38163 2.9091058
38263 2.6290689
38364 2.0741487
38464 1.4945793
38564 0.76451397
38664 0.14491415
38766 -0.46952963
38865 -0.9203768
38965 -1.454802
39065 -1.9991775
39165 -2.409785
39265 -2.7807198
39365 -3.0105882
39466 -3.104875
39565 -3.1368785
39666 -3.129684
39766 -2.9876268
39866 -2.4001317
39966 -1.5708404
40066 -0.91204166
40166 -0.29324245
40266 0.31274176
40369 1.028698
40466 1.4289184
40569 1.8915968
40667 2.2088308
40768 2.4993544
40867 2.6368055
40968 2.7292109
41068 2.763175
41168 2.76717
41268 2.7629805
41368 2.54002
41470 1.7007432
41569 0.5425906
41669 -0.2012062
41769 -0.8340082
41869 -1.2499709
41970 -1.6567216
42070 -2.1874683
42169 -2.4463315
42270 -2.59993
42370 -2.762278
42470 -2.833901
42571 -2.83094
42671 -2.648456
42771 -2.2156577
42871 -1.5031536
42971 -0.5671272
43071 -0.06654358
43172 0.31766987
43271 1.0015817
43372 1.6281099
43473 2.0846267
43572 2.486946
43673 2.6716247
43773 2.7863517
43872 2.8526182
43973 2.9267035
44073 2.924006
44173 2.6945329
44273 2.1982207
44373 1.5736895
44474 0.8845625
44574 0.17177916
44673 -0.44305134
44774 -1.1037712
44874 -1.763485
44975 -2.238166
45074 -2.7283006
45175 -3.0944183
45275 -3.3401644
45374 -3.4725587
45475 -3.5057523
45576 -3.4607527
45676 -2.9142983
45775 -2.0588434
45876 -1.1760883
45975 -0.17349863
46076 0.20407963
46176 0.94134855
46276 1.6202683
46361 1.9608865
46460 1.973577
46561 1.960309
46660 1.937562
46760 1.421885
46860 0.15347576
46962 -0.9680214
47061 -1.9661491
47162 -2.7485363
47261 -3.4325995
47362 -3.863543
47462 -4.155884
47562 -4.1661673
47662 -4.0068007
47762 -3.8715818
47863 -3.7253377
47964 -3.7454746
48062 -3.5779867
48164 -2.55788
48264 -1.7287107
48364 -0.82048607
48464 -0.35522556
48565 -0.07989597
48664 -0.07270908
48765 -0.15934849
48864 -0.3388195
48965 -0.42132378
49064 -0.5823736
49164 -1.682204
49267 -2.2418387
49365 -2.688491
49466 -2.9873
49566 -3.1944494
49666 -3.1645985
49766 -2.683813
49866 -2.2503788
49966 -1.5162911
50066 -1.1074157
50167 -1.0013423
50267 -1.03946
50367 -1.0658755
50468 -1.1995296
50567 -1.5827084
50667 -2.1010542
50768 -2.3092847
50867 -2.3928604
50968 -2.4182234
51068 -2.4400845
51167 -2.4539957
51268 -2.4543562
51368 -2.4226613
51468 -2.3323436
51569 -2.223878
51669 -1.9238057
51769 -1.5622947
51869 -1.4338856
51969 -1.3622079
52069 -1.3187268
52170 -1.303566
52269 -1.2449398
52371 -1.4654934
52470 -2.2611127
52571 -2.6982474
52671 -2.6559322
52770 -2.7651582
52871 -3.0312903
52971 -3.1958003
53070 -3.2701674
53171 -3.3038917
53272 -3.313279
53372 -2.2575164
53472 -2.130899
53572 0.0
53672 0.0
53772 0.0
53873 0.0
53972 0.0
54073 0.0
54173 0.0
54273 0.0
54374 0.0
54473 0.0
54574 0.0
54673 0.0
54774 0.0
54874 0.0
54975 0.0
55074 0.0
55175 0.0
55275 0.0
55375 0.0
55476 0.0
55575 0.0
55676 0.0
55775 0.0
55876 0.0
55976 0.0
56076 0.0
56176 0.0
56276 0.0
56376 0.0
56477 0.0
56577 0.0
56661 0.0
56761 0.0
56861 0.0
56961 0.0
57061 0.0
57161 0.0
57260 0.0
57361 0.0
57462 0.0
57562 0.0
57662 0.0
57762 0.0
57862 0.0
57963 0.0
58063 0.0
58163 0.0
58263 0.0
58363 0.0
58463 0.0
58564 0.0
58680 0.0
58764 0.0
58863 -1.4585826
58965 -0.12097931
59064 0.31101227
59165 0.19131231
59264 -0.44394588
59365 -1.1747272
59464 -1.9173574
59565 -2.7174044
59667 -3.0097072
59765 -3.0512958
59866 -2.9378817
59966 -2.9005916
60066 -2.9091578
60166 -3.1298275
60267 -3.7540705
60367 -4.703806
60467 -5.0
60569 0.0
60667 0.0
60768 0.0
60867 0.0
60968 0.0
61067 0.0
61168 0.0
61267 0.0
61367 -2.4910274
61468 -0.98351574
61585 0.15883541
61686 1.1302977
61785 1.8999224
61886 2.8030968
61986 3.3464584
62086 3.4378061
62185 3.3726645
62286 3.2410212
62386 2.9496102
62487 2.3631897
62586 1.3855009
62687 0.27796078
62788 -0.77570295
62888 -1.6410847
62972 -2.113701
63071 -2.5408568
63187 -2.8858628
63272 -3.2094488
63387 -3.48273
63471 -3.6429734
63588 -3.7377949
63672 -3.697723
63772 -3.3297694
63873 -2.415382
63973 -1.2915924
64072 -0.35524845
64173 0.38985968
64273 1.1211367
64375 2.0541353
64473 2.8112159
64575 3.5919971
64673 4.0746403
64775 4.363291
64874 4.4545317
64975 4.3443947
65074 4.0197783
65174 3.3683605
65274 2.496386
65374 1.7432861
65475 0.65585804
65591 -0.56239414
65677 -1.6812642
65776 -2.4726214
65876 -3.2633362
65975 -3.9986565
66077 -4.495062
66176 -4.8331795
66276 -4.9621696
66379 -5.0
66476 -5.0
66576 -4.898938
66678 -4.132434
66777 -3.369006
66877 -2.1283817
66978 -0.86124563
67077 0.61588526
67178 1.3872943
67277 1.9792185
67378 2.169211
67479 1.9042296
67579 1.2307429
67678 0.70546246
67779 -0.29858112
67879 -2.0234141
67979 -2.6559296
68079 -2.6337655
68179 -1.7840247
68279 -0.2597537
68379 0.89626503
68480 1.5074692
68581 1.915339
68681 2.1742659
68781 2.224701
68881 1.9571662
68981 1.2456346
69080 0.26053715
69181 -0.59609604
69281 -1.5218844
69381 -2.3141394
69481 -2.9138956
69582 -3.2041764
69683 -3.22117
69782 -2.9454896
69882 -2.2601266
69982 -1.2647419
70082 -0.25122547
70182 0.5921297
70283 0.8700552
70383 1.4072671
70483 1.9276099
70584 2.2406836
70684 2.3234406
70784 2.321443
70884 2.1131606
70984 1.2237854
71083 -0.13457012
71184 -1.2691779
71284 -2.279921
71385 -3.1176603
71485 -3.8905306
71585 0.0
71686 0.0
71785 0.0
71885 0.0
71985 0.0
72086 0.0
72185 0.0
72286 0.0
72386 0.0
72487 0.0
72587 0.0
72687 0.0
72787 0.0
72887 0.0
72987 0.0
73087 0.0
73188 0.0
73288 0.0
73388 0.0
73473 0.0
73588 0.0
73673 0.0
73788 0.0
73873 0.0
73972 0.0
74089 0.0
74172 0.0
74289 0.0
74374 0.0
74473 0.0
74573 0.0
74673 0.0
74773 0.0
74873 0.0
74974 0.0
27 0.8949022
129 1.694879
228 2.3058653
329 2.6215644
428 2.7406144
528 2.7849946
628 2.7686148
728 2.6284194
828 2.0511475
929 1.0133085
1029 -0.016724586
1129 -1.0030427
1230 -1.9226289
1329 -2.7623158
1430 -3.5938663
1546 -3.634531
1630 -4.270316
1729 -4.531748
1830 -4.61527
1930 -4.572976
2030 -4.404486
2130 -3.5952897
2230 -2.3996649
2332 -1.1589229
2431 -0.02807808
2532 1.1399946
2632 2.1077867
2732 2.834365
2831 3.1295605
2932 3.2741947
3032 3.335455
3133 3.3568249
3232 3.308815
3332 2.8606849
3434 1.683806
3533 0.39279604
3634 -0.62117004
3733 -1.644017
3834 -2.4198298
3933 -3.2379954
4034 -4.0136666
4134 -4.4479785
4233 -4.60917
4336 -4.6551623
4435 -4.5189857
4534 -4.181297
4635 -3.4664145
4735 -2.2203095
4835 -1.12257
4935 -0.06909609
5035 1.1309519
5135 2.056891
5235 3.028533
5335 3.4749012
5437 3.8194532
5537 3.9204473
5636 3.9314594
5736 3.8828535
5836 3.4792118
5936 2.60178
6037 1.4709649
6137 0.5370159
6238 -0.43265438
6338 -1.21274
6438 -2.11666
6538 -3.1207604
6638 -3.723188
6738 -4.0992594
6838 -4.419117
6939 -4.5567446
7038 -4.409931
7139 -4.2779784
7239 -4.087368
7339 -3.5312538
7440 -2.0901113
7539 -1.0920646
7639 -0.08091831
7739 0.9195318
7840 1.924222
7923 2.5502906
8040 3.3757305
8140 3.8502245
8241 4.0784082
8342 4.1038723
8429 4.017232
8528 3.4956722
8628 2.768818
8728 2.0138426
8829 1.2315073
8928 0.32802677
9028 -0.46453953
9128 -1.2891116
9229 -2.047954
9330 -2.9054155
9429 -3.5978003
9530 -4.0998235
9629 -4.407328
9730 -4.456508
9829 -4.4483376
9930 -4.411141
10030 -3.7832859
10130 -3.038187
10230 -1.9778361
10331 -1.2822883
10430 -0.36603594
10531 0.43823338
10633 1.3533688
10731 2.1926894
10832 2.797145
10931 3.1411018
11031 3.2915344
11132 3.364357
11232 3.3882866
11333 3.2941093
11432 2.9778113
11533 2.0012727
11633 0.82385254
11734 0.040881157
11833 -1.0392346
11934 -2.1712124
12033 -3.1890583
12133 -3.8275993
12233 -4.4209614
12334 -4.5628386
12435 -4.5786915
12534 -4.5442247
12636 -4.059551
12735 -3.0026445
12835 -2.1014085
12934 -1.0083604
13035 -0.07279587
13134 0.7878294
13235 1.7042022
13335 2.4741106
13432 3.0552387
13533 3.4766512
13632 3.6864605
13733 3.7670002
13833 3.6405058
13933 3.3461132
14033 2.6384864
14133 1.6454988
14233 0.75120497
14334 -0.004035473
14434 -0.7718878
14535 -1.6304824
14634 -2.6984782
14735 -3.751543
14834 -4.3715324
14935 -4.781175
15037 -4.905073
15135 -4.697743
15236 -4.107048
15336 -3.3425546
15437 -2.2898746
15536 -1.2503865
15637 -0.42551994
15736 0.7557421
15837 1.5928435
15937 2.333776
16036 2.6796846
16137 2.853891
16236 2.930242
16338 2.9053268
16438 2.659224
16537 2.1587205
16638 1.4222732
16738 0.7384372
16838 0.05522728
16938 -0.57008123
17038 -1.383323
17139 -1.8237596
17240 -2.2089534
17338 -2.6107497
17440 -2.9941082
17539 -3.216271
17639 -3.3315868
17739 -3.3757863
17839 -3.359524
17939 -3.2152057
18040 -2.9432225
18142 -2.8297796
18240 -2.8423338
18325 -2.987381
18441 -3.351832
18542 -3.7581906
18624 -3.7976012
18742 -3.766847
18841 -3.7356696
18942 -3.7061129
19025 -3.6719542
19126 -2.9435146
19226 -1.2073746
19325 -0.16526699
19426 0.66784954
19526 1.1472216
19626 1.20291
19726 0.9435606
19826 0.09487057
19926 -0.754385
20027 -1.5252979
20128 -2.2800756
20228 -2.7731373
20328 -3.0521472
20428 -3.1756153
20527 -2.9757864
20628 -1.9152005
20812 0.1493187
20845 0.39726877
20928 0.79481125
21045 0.9356594
21130 0.8948803
21229 0.6308322
21329 -0.02564764
21430 -0.9024205
21529 -1.6455963
21630 -2.335916
21824 -3.3362045
21846 -3.4542897
21930 -3.6602788
22074 -3.7379763
22146 -2.8664794
22293 -0.8498392
22347 -0.3612771
22447 0.06324768
22547 0.56347847
22682 0.8565712
22765 0.87618494
22926 0.07260418
22964 -0.24334574
23065 -1.3134322
23165 -2.0345778
23265 -2.7044625
23466 -2.9697042
23534 -2.8501358
23698 -1.1131306
23733 -0.7711191
23833 0.04268408
23933 0.85312843
24051 1.3180757
24134 1.3995142
24279 1.1741977
24335 0.8145895
24434 -0.31989574
24569 -1.573389
24634 -2.088864
24735 -2.740848
24851 -2.9530654
24969 -3.0698233
25068 -3.0793471
25219 -2.5488017
25269 -1.8494697
25369 -0.7138715
25470 -0.032679558
25569 0.37686014
25721 0.43633795
25769 0.3896923
25915 -0.010118008
25970 -1.2362704
26086 -1.9137683
26171 -2.3760428
26304 -2.9569519
26386 -3.1963904
26487 -3.4420624
26588 -3.5152283
26687 -3.4805622
26788 -3.1673439
26888 -2.5877576
26989 -1.9384654
27089 -1.0495543
27189 -0.43284225
27289 0.7720833
27389 1.6065283
27491 2.3260703
27589 2.8799238
27690 3.1150532
27789 3.1674366
27890 3.125309
27990 3.0598812
28090 2.9488792
28190 2.3538804
28291 1.0442448
28390 -0.28893232
28491 -1.3821118
28591 -2.3217332
28691 -2.8135269
28793 -3.376942
28891 -3.868422
28992 -4.3985696
29092 -4.6855874
29192 -4.914763
29292 -4.880147
29392 -4.525576
29493 -3.1637042
29595 -1.8802438
29694 -0.5206666
29793 0.35408735
29894 1.4069238
29993 1.8287711
30094 2.0841804
30193 2.1560278
30293 2.1411376
30393 1.8741889
30494 0.81590986
30596 -0.43414783
30695 -1.3172545
30794 -1.9565063
30895 -2.4984894
30995 -3.148911
31096 -3.3729157
31195 -3.6513758
31295 -3.7569954
31429 -2.991715
31496 -2.082982
31595 -0.9681587
31696 0.07077932
31797 0.9828558
31896 1.6923943
31996 2.2795448
32097 2.574243
32196 2.6885238
32297 2.6310625
32397 2.3696961
32498 1.8616133
32597 0.7767849
32697 -0.14727354
32798 -1.0488076
32898 -2.0010757
32999 -2.6587932
33098 -3.1811457
33199 -3.5299199
33300 -3.9361959
33399 -3.9677446
33500 -3.6438985
33598 -2.6898155
33700 -1.4992003
33799 -0.66910744
33900 0.23364544
33999 0.7326255
34100 1.3683939
34200 1.8806825
34301 2.1831827
34401 2.327754
34500 2.3713584
34602 2.3444657
34700 1.6269798
34802 0.47025394
34901 -0.54481316
35001 -1.1320133
35102 -1.7569804
35202 -2.200994
35301 -2.6698084
35402 -3.2649145
35502 -3.8690324
35602 -4.1397614
35704 -4.414388
35802 -4.2001696
35903 -2.9790454
36003 -1.3923881
36103 -0.21287823
36203 0.7355957
36303 1.392262
36404 1.8334756
36504 1.9141631
36589 1.9121804
36705 1.7483282
36788 1.426568
36888 0.16294384
37005 -0.83982944
37088 -1.4128125
37188 -2.1013572
37290 -2.6709943
37389 -2.9764407
37490 -3.1534934
37588 -3.1766753
37690 -2.9173496
37790 -1.7158463
37890 -0.62387514
37989 0.34246635
38090 0.9541521
38190 1.49471
38290 1.7464743
38390 1.7991896
38491 1.6899581
38592 1.0267806
38691 0.049679756
38791 -0.7442994
38892 -1.4387307
38991 -1.9792881
39091 -2.5211291
39192 -2.8429704
39293 -2.983966
39392 -2.8470924
39492 -1.4266219
39593 -0.54537106
39693 0.4921403
39793 1.1775656
39893 1.4485564
39993 1.6808114
40093 1.7746038
40193 1.7732477
40294 1.5875311
40395 0.60251
40494 -0.20911789
40594 -1.0672994
40695 -1.7542152
40795 -2.4171019
40895 -2.9643416
40995 -3.2213893
41094 -3.2539594
41195 -3.1382022
41295 -2.13863
41395 -0.9268656
41496 0.50779676
41595 0.9443612
41696 1.5034637
41796 1.9327841
41896 2.0929132
41996 2.1482072
42096 2.1177812
42196 1.3356185
42297 0.15012646
42399 -0.92287827
42497 -1.7447968
42598 -2.4295065
42698 -2.9662418
42798 -3.346998
42897 -3.451235
42998 -3.2152615
43098 -1.6498013
43198 -0.74680996
43298 0.3416834
43400 0.80985403
43500 1.2790346
43599 1.5958948
43699 1.6838737
43799 1.7057214
43899 1.6010461
44000 1.0258007
44100 0.2287569
44200 -0.62006474
44299 -1.4024525
44402 -2.1074333
44501 -2.5410817
44601 -3.0736022
44701 -3.1566603
44801 -3.1644876
44901 -2.970713
45001 -2.2389417
45101 -0.9656925
45201 -0.118950844
45301 0.91688156
45401 1.5349946
45503 1.923008
45602 2.2808142
45703 2.512578
45803 2.5456414
45903 2.4427428
46003 1.8785133
46103 0.85366964
46202 -0.17920637
46303 -1.025964
46404 -2.0443015
46504 -2.759094
46604 -3.3977702
46704 -3.5123427
46804 -3.5360277
46904 -3.1607575
47004 -2.4893727
47104 -1.6149318
47205 -0.5394831
47289 0.41575718
47405 1.5939307
47489 2.43161
47589 3.0659447
47690 3.5429544
47789 3.6662798
47889 3.4470615
47989 2.8082733
48090 1.9817705
48190 0.8868747
48290 -0.18065262
48392 -1.107523
48492 -2.0740643
48592 -2.941877
48692 -3.4411023
49009 -3.6053638
49110 -3.0068069
49209 -1.9352496
49310 -0.79085827
49409 0.32715607
49510 1.3723722
49611 2.0768342
49711 2.5153441
49811 2.7890348
49911 2.9850435
50013 2.8905268
50111 2.3766556
50211 1.0824986
50311 -0.039601803
50412 -1.126056
50512 -1.9851553
50612 -2.7689953
50712 -3.5531404
50813 -3.9762774
50914 -4.142894
51013 -4.130338
51112 -3.7798357
51212 -2.8988466
51314 -1.408004
51413 -0.37649584
51513 0.66813755
51613 1.4633203
51714 2.5358634
51814 3.4215727
51914 3.8307915
52013 3.983324
52114 3.946725
52215 3.594099
52315 2.411193
52415 1.2942762
52515 0.095887184
52615 -1.022171
52715 -1.988703
52815 -2.6886213
52917 -3.282679
53017 -3.9173589
53117 -4.1063685
53216 -4.14584
53317 -4.0595403
53415 -3.3930593
53516 -2.044077
53615 -1.0287948
53716 -0.14990854
53816 0.92679214
53917 1.7686234
54016 2.6948724
54116 3.2339954
54216 3.5095148
54316 3.540121
54416 3.2827826
54517 2.7413316
54618 2.1700187
54717 1.0814476
54817 -0.20960474
54917 -1.4587429
55018 -2.5000558
55118 -3.382421
55218 -4.1853004
55321 -4.3506413
55460 -4.247275
55519 -4.1855235
55673 -2.822708
55736 -2.0996385
55819 -1.0321839
55950 0.19968271
56020 0.8584032
56221 2.7975845
56253 3.0030499
56337 3.6422443
56449 4.2101707
56536 4.29871
56737 3.9749546
56754 3.8934765
56853 3.1821709
56971 2.0575967
57054 1.1766815
57155 -0.07982397
57255 -1.2859855
57355 -2.2210577
57455 -3.0319722
57555 -3.4615967
57656 -3.841722
57757 -4.010213
57856 -4.000818
57957 -3.6691422
58057 -2.527541
58157 -1.2102199
58256 0.05844021
58356 1.0598884
58456 2.0851927
58557 2.7464118
58658 3.294054
58757 3.6347408
58858 3.7771072
58958 3.6164865
59059 2.9000702
59157 1.8550177
59258 0.6044822
59358 -0.48470592
59459 -1.4608293
59558 -2.510377
59659 -3.1209536
59760 -3.7552283
59859 -4.073102
59961 -4.1476026
60059 -4.117819
60159 -3.7910063
60260 -2.7525191
60360 -1.6321704
60460 -0.5856457
60560 0.30227566
60661 1.2947965
60761 2.1662612
60861 2.900477
60961 3.2008533
61062 3.2135048
61162 3.0132046
61261 2.5158372
61361 1.6662054
61462 0.7365227
61562 -0.42164326
61663 -1.1774292
61763 -2.1004503
61862 -3.0416932
61964 -3.6704624
62064 -4.2800016
62163 -4.479125
62263 -4.548552
62363 -4.3913474
62463 -3.639468
62564 -2.7999518
62664 -1.6743755
62764 -0.52057457
62865 0.3539114
62964 1.3443441
63065 2.343409
63165 3.2922478
63265 3.841878
63365 4.0876055
63465 4.2675943
63565 4.316206
63665 3.7328033
63765 2.5065813
63865 1.471396
63966 0.3052268
64066 -0.6040869
64167 -1.5556684
64266 -2.3410258
64366 -3.0775447
64452 -3.7617507
64567 -4.090807
64651 -4.2748766
64750 -4.302354
64851 -4.092703
64951 -3.4417512
65052 -2.3272953
65151 -1.0196381
65252 -0.20198488
65352 0.7767668
65451 1.6374855
65553 2.3687568
65652 3.034543
65754 3.7233782
65852 3.9591198
65953 4.297165
66052 4.3337717
66153 4.05669
66254 3.045045
66353 2.1000342
66453 1.2707658
66554 0.32758284
66655 -0.9112301
66753 -1.8372281
66855 -2.7199368
66954 -3.237185
67055 -3.7612393
67154 -3.9976776
67255 -4.1242785
67355 -4.113756
67456 -3.8585763
67556 -3.0954657
67656 -2.0699153
67756 -0.6854243
67855 0.14581776
67956 1.276104
68056 2.3311906
68156 3.176529
68257 3.8708363
68356 4.3062277
68458 4.5127974
68557 4.5137806
68658 4.3200674
68757 3.606474
68857 2.653666
68958 1.6627898
69058 0.65612125
69158 -0.62865925
69258 -1.5989556
69358 -2.6865945
69458 -3.5614064
69560 -4.006214
69658 -4.3261023
69759 -4.715689
69859 -4.7338495
69960 -4.687928
70060 -3.904779
70160 -2.7216547
70259 -1.0424523
70359 -0.07765484
70460 1.0128255
70560 1.9325347
70662 3.2465925
70761 4.1767817
70860 4.796233
70961 4.9177427
71061 5.0
71162 4.918749
71261 4.0001516
71361 2.2965689
71461 0.94715214
71563 -0.5255132
71661 -1.7485943
71762 -2.798677
71862 -3.5838025
71963 -4.198152
72062 -4.5307727
72163 -4.6252594
72263 -4.379615
72363 -3.6626956
72464 -2.4279447
72564 -1.2550607
72664 -0.030526161
72763 1.0916657
72865 2.0460653
72964 2.9529052
73064 3.587637
73164 3.941101
73265 3.9445448
73364 3.8627605
73465 3.3290434
73566 2.4684882
73664 1.2670679
73766 0.05379057
73865 -1.2285893
73966 -2.2193618
74065 -3.3176754
74166 -4.343337
74266 -4.7722874
74367 -5.0
74466 -5.0
74566 -4.9320993
74668 -3.9621804
74767 -3.137855
74868 -2.0341792
74967 -0.98106766
11 3.2347593
110 3.5837002
212 3.7786922
311 3.8392735
411 3.741269
511 3.4701166
612 3.1428442
713 2.7555685
813 1.8550148
912 1.0490084
1013 0.07983303
1112 -0.7284689
1212 -1.6331
1313 -2.329372
1413 -3.001272
1513 -3.5580723
1614 -4.2138677
1713 -4.2751436
1814 -4.4670253
1915 -4.510008
2015 -4.282865
2114 -4.004983
2214 -3.5229697
2314 -3.1365042
2415 -2.6481621
2515 -1.838634
2615 -1.1044755
2756 0.018474579
2835 0.3932886
2916 0.8415952
3085 1.6122694
3133 1.7812767
3304 2.1092787
3335 2.1214743
3436 2.1720634
3563 2.1784263
3637 2.143023
3736 1.7733855
3848 0.91314507
3938 0.2852459
4037 -0.4898281
4138 -1.2411144
4237 -1.8412554
4338 -2.4683688
4438 -2.9150913
4538 -3.2950187
4638 -3.705846
4738 -3.7303767
4840 -3.7883065
4939 -3.7469606
5039 -3.4723268
5139 -3.0733871
5240 -2.2808766
5340 -1.3929017
5440 -0.42526484
5541 0.6005287
5640 1.4856997
5740 2.105526
5841 2.6728592
5940 3.2066307
6041 3.4902716
6142 3.6878052
6241 3.7565355
6342 3.729638
6442 3.552065
6542 2.9667063
6641 2.2391586
6742 1.5079851
6842 0.6090503
6942 -0.04202652
7095 -0.8939872
7143 -1.3791649
7243 -2.0506191
7343 -2.7613397
7464 -3.4287217
7542 -3.5650494
7643 -3.8752308
7743 -4.1053147
7856 -3.887866
7943 -3.749085
8044 -3.7397919
8144 -3.0970263
8244 -2.5364454
8345 -1.6539905
8441 -0.8532586
8541 -0.045191288
8641 0.6704731
8743 1.4593987
8842 2.0068536
8943 2.5091348
9042 2.893931
9143 3.1410313
9243 3.18159
9343 3.091176
9442 2.9261599
9543 2.5223923
9643 1.7547517
9743 0.9770775
9844 0.07297039
9944 -0.9697242
10045 -1.6605027
10145 -2.225925
10245 -3.0524495
10345 -3.7521992
10444 -3.9763174
10545 -4.1050725
10645 -4.1037674
10747 -3.8585835
10845 -3.339077
10945 -2.2916183
11046 -1.308712
11146 -0.75720453
11246 0.13556576
11347 0.99497175
11446 1.7771082
11546 2.324234
11647 3.0298014
11747 3.6579475
11848 4.0672903
11947 4.284292
12048 4.094183
12148 3.620864
12248 3.035841
12347 2.2943048
12448 1.3447199
12548 0.3434987
12648 -0.63913393
12749 -1.5507474
12848 -2.16331
12949 -2.8315005
13048 -3.4407213
13149 -3.7304275
13249 -3.981378
13349 -3.9673824
13449 -3.8855474
13549 -3.380801
13650 -2.8114696
13750 -1.9683421
13835 -1.1600792
13934 -0.37176514
14035 0.6677594
14134 1.647152
14235 2.579731
14334 3.127554
14451 3.740881
14535 3.8812704
14635 3.935049
14737 4.059637
14835 3.8639174
14936 3.4948387
15037 2.539651
15137 1.7753015
15236 1.249557
15336 0.37035084
15437 -1.0538604
15537 -2.158734
15638 -2.8902738
15736 -3.4142065
15838 -3.7895868
15937 -3.9434242
16038 -3.825013
16138 -3.0036197
16239 -1.9745698
16338 -1.0262578
16439 -0.1476345
16539 0.6285329
16639 1.154592
16739 1.6974192
16839 1.9344368
16939 1.9523787
17039 1.1583734
17141 0.18294144
17240 -0.8291979
17340 -1.5320137
17441 -2.1275177
17540 -2.6572456
17640 -3.3648577
17740 -3.727423
17840 -3.7673807
17940 -3.2841773
18042 -2.3185916
18141 -1.2680607
18241 -0.38356686
18341 0.5449877
18441 1.2875528
18541 1.9144211
18642 2.336619
18742 2.43534
18841 2.4307814
18942 1.9930663
19042 0.97778606
19143 0.026302338
19242 -0.88694906
19343 -1.6261241
19442 -2.218034
19543 -2.7920692
19643 -3.177397
19743 -3.1467457
19844 -2.4275339
19944 -1.4846606
20044 -0.4034109
20144 0.6412897
20244 1.5385256
20343 2.308558
20445 2.6570282
20544 2.784377
20645 2.5587692
20745 1.7620835
20846 0.80096245
20946 -0.004518509
21046 -0.8290663
21146 -1.527961
21245 -2.0780914
21346 -2.5357308
21445 -2.854486
21546 -2.843936
21647 -2.5183105
21747 -1.6009247
21847 -0.56169415
21947 0.532074
22048 1.2260151
22147 1.8107958
22247 2.0009828
22348 1.8797922
22448 1.510427
22547 0.7876682
22648 -0.2398901
22749 -1.341352
22848 -2.0032573
22948 -2.62921
23049 -2.8830786
23149 -2.9037037
23249 -2.6915317
23350 -1.8976238
23449 -0.9429674
23549 -0.16480589
23650 0.7801428
23750 1.390666
23850 2.0158234
23951 2.1893806
24051 2.1000223
24150 1.4285278
24251 0.5636816
24351 -0.5387068
24451 -1.3044674
24551 -1.9145398
24651 -2.422771
24751 -2.755933
24852 -2.7287447
24952 -1.999197
25052 -1.1027844
25153 -0.20131445
25252 0.8847313
25353 1.6249809
25453 2.2639337
25553 2.6109405
25655 2.7382255
25753 2.264474
25838 1.6102533
25938 0.5787802
26055 -0.61668587
26138 -1.3484161
26255 -2.0472891
26337 -2.6866918
26455 -2.9621162
26539 -2.898585
26638 -2.1941848
26738 -0.8663759
26839 0.048236847
26939 1.1611776
27039 1.902339
27139 2.4170852
27239 2.7208457
27340 2.710065
27440 2.4340081
27540 1.6713648
27640 0.54899406
27874 -1.791158
27974 -2.2677035
28074 -2.6693845
28174 -2.9265702
28274 -2.818687
28374 -2.2212834
28475 -1.4086947
28575 -0.3046341
28675 0.76502466
28775 1.5908723
28875 2.0016356
28976 2.234964
29075 2.0990396
29176 1.5236979
29276 0.7183528
29376 -0.42080116
29476 -1.3492055
29576 -2.0619226
29676 -2.676772
29776 -3.0151088
29878 -3.1828735
29977 -2.6341095
30077 -1.6831462
30178 -0.69493103
30278 0.06468344
30378 0.88160276
30477 1.5760345
30578 2.0811653
30678 2.4030442
30778 2.418817
30879 2.2999444
30980 1.8778291
31079 0.8784561
31180 -0.39039612
31279 -1.3594918
31380 -2.0556064
31479 -2.5733664
31580 -2.8750236
31680 -2.8221707
31779 -1.9698339
31881 -0.93297863
31980 -0.14564848
32080 0.7070799
32181 1.495378
32281 2.103148
32381 2.4662056
32481 2.4947524
32583 2.2504792
32681 1.3054972
32782 0.039601803
32881 -1.0675163
32982 -2.0099843
33082 -2.667113
33183 -3.00378
33283 -3.1006043
33383 -2.7812514
33482 -1.7985528
33583 -0.69690037
33683 -0.0023765564
33783 0.8863907
33883 1.6004806
33984 2.0455856
34083 2.347865
34184 2.3453155
34284 2.343854
34384 1.7260718
34484 0.84603214
34584 -0.2984581
34685 -1.1922584
34786 -1.8749354
34884 -2.4694664
34986 -2.9411643
35086 -2.9789774
35186 -2.7916796
35270 -2.189631
35386 -1.1220107
35469 -0.48977375
35586 0.44009638
35671 1.0472612
35770 1.5393243
35870 1.9616346
35970 2.0553741
36071 1.8353219
36171 0.79549885
36270 -0.25332737
36371 -1.2150097
36471 -1.9777572
36571 -2.724037
36688 -3.3395674
36772 -3.1810718
36871 -2.7019334
36972 -1.7172103
37072 -0.73974705
37172 0.087608814
37272 1.0736337
37372 1.5817971
37473 1.8791862
37573 1.9236145
37689 1.7341223
37773 1.2426834
37874 0.32281017
37975 -0.81539917
38074 -1.6006324
38174 -2.3844113
38274 -3.1124933
38374 -3.4575622
38474 -3.7338321
38574 -3.7149343
38674 -3.2248914
38777 -2.0679479
38875 -1.0327249
38976 0.093203545
39076 0.9377222
39176 1.6893034
39275 2.2457032
39375 2.533979
39477 2.657946
39576 2.429779
39677 1.3619561
39776 0.22382641
39876 -0.9894743
39980 -1.8064504
40077 -2.4942267
40177 -3.08708
40277 -3.182187
40377 -2.5445256
40478 -1.610595
40580 -0.40765667
40678 0.23746967
40779 1.0573473
40878 1.5484848
40979 1.9897203
41078 2.3796034
41178 2.5923605
41278 2.615264
41379 1.7991843
41479 0.51446295
41580 -0.6247711
41680 -1.5235076
41780 -2.0215669
41880 -2.7334769
41980 -3.140863
42081 -3.281985
42180 -2.8148103
42280 -2.0259151
42381 -0.95117664
42481 -0.2139802
42581 0.6268544
42681 1.222065
42782 1.8625135
42882 2.388256
42983 2.6884623
43082 2.7064385
43183 2.1419973
43282 0.8933878
43382 -0.30181217
43482 -1.3619728
43583 -2.0995743
43683 -2.7506752
43783 -3.0464714
43884 -3.0798373
43983 -2.7190752
44084 -1.7967243
44184 -0.6826544
44284 0.4366293
44383 1.5255747
44484 2.2312179
44584 2.9990935
44684 3.2548723
44786 3.0095987
44884 2.1173997
44985 1.0424023
45085 0.13269854
45186 -0.81645155
45286 -1.7846742
45386 -2.5838485
45487 -3.2477899
45586 -3.5873785
45670 -3.776619
45786 -3.6976247
45871 -3.2533088
45987 -2.0566216
46071 -1.214253
46171 -0.12938356
46287 0.9804406
46370 1.7276258
46471 2.479463
46572 3.0203657
46671 3.0323973
46773 2.6618996
46872 1.9348564
46972 1.1300831
47072 0.13320494
47172 -0.9040842
47273 -1.828831
47372 -2.492752
47473 -3.4617116
47572 -3.7748308
47674 -3.8982544
47773 -3.7885342
47874 -3.3558679
47974 -2.6254706
48074 -1.7146461
48174 -0.82237196
48275 -0.08574581
48374 1.0756822
48474 1.8185043
48575 2.5652213
48674 2.9010305
48775 2.9055824
48874 2.620819
48975 1.9041815
49075 0.9021888
49175 -0.12966299
49275 -1.1899669
49376 -2.0107503
49476 -3.1302612
49575 -3.7355661
49676 -3.9551148
49776 -3.7337132
49876 -3.0503802
49977 -2.047322
50077 -1.0664246
50177 -0.14294815
50278 0.8650918
50380 1.8252134
50478 2.6056762
50577 3.0353022
50677 3.25284
50779 3.2208614
50878 2.7360702
50978 2.017085
51078 1.0963736
51179 0.18032551
51279 -0.77228737
51378 -1.5550697
51479 -2.3494847
51579 -3.0146153
51682 -3.5319676
51914 -3.7912517
52014 -3.076449
52115 -2.1495755
52213 -0.93357706
52314 0.15702724
52414 1.2900343
52514 2.135642
52615 2.9227858
52714 3.2632113
52814 3.331689
52915 2.9853888
53015 2.348133
53115 1.3996105
53215 0.3068838
53315 -0.88478184
53415 -1.8691761
53516 -2.7835104
53616 -3.2931473
53716 -3.698789
53816 -3.7709157
53902 -3.6842105
54001 -3.474
54101 -2.7894864
54201 -1.803402
54301 -0.82164097
54400 0.16574383
54517 1.0985394
54601 1.6925278
54702 2.184729
54802 2.5452433
54901 2.685192
55003 2.695105
55102 2.3394613
55203 1.366375
55302 0.18453121
55403 -0.90495396
55503 -1.89376
55602 -2.7824864
55705 -3.5750222
55803 -3.8692656
55903 -3.8782282
56004 -3.5851936
56104 -2.9629512
56204 -1.8219731
56304 -0.85247517
56404 0.35989237
56504 1.3638558
56606 2.386106
56705 3.2140799
56804 3.729927
56905 3.8585873
57008 3.6240826
57105 3.1261768
57205 2.1438456
57305 0.9155474
57406 -0.18845749
57505 -1.395448
57606 -2.3329887
57708 -3.1524348
57806 -3.5203073
57907 -3.7804499
58007 -3.6637747
58107 -3.2635338
58207 -2.2084289
58308 -1.1699536
58407 -0.19478607
58508 0.6985092
58607 1.7980399
58708 2.7629838
58808 3.613346
58908 3.9200134
59008 3.950735
59109 3.6505032
59209 2.957859
59309 1.7981429
59409 0.70326185
59509 -0.51579475
59609 -1.5952842
59710 -2.6041238
59810 -3.4816952
59910 -4.038047
60010 -4.170149
60110 -3.7997634
60210 -2.8649457
60310 -1.76894
60410 -0.5936742
60510 0.5475545
60612 1.7422271
60712 2.672616
60812 3.3441715
60912 3.7833023
61011 3.9396133
61111 3.7058086
61212 3.0116138
61312 2.179963
61412 1.4771857
61512 0.59762
61613 -0.5424442
61713 -1.7086997
61814 -2.8560016
61914 -3.6247497
62013 -4.178881
62115 -4.4023037
62214 -4.2784348
62313 -3.6664178
62414 -2.5997546
62514 -1.3114109
62614 0.044460297
62715 1.3230643
62815 2.3316016
62915 3.230136
63015 3.5753508
63115 3.5297651
63215 3.1627455
63315 2.4787889
63416 1.6910362
63516 0.6570225
63616 -0.29853487
63715 -1.5027134
63816 -2.5854461
63917 -3.2882743
64016 -4.039503
64118 -4.3514166
64217 -4.350129
64317 -3.9831736
64417 -3.0451453
64517 -1.8844118
64602 -0.8375168
64701 0.29659367
64802 1.2499671
64901 2.0805006
65003 2.7963662
65101 3.1090374
65202 3.4000616
65302 3.313425
65402 2.6125689
65503 1.4652433
65602 0.21802807
65704 -0.89172983
65802 -1.5954742
65904 -2.362647
66003 -3.0351093
66103 -3.4943643
66203 -3.592001
66303 -3.3027406
66404 -2.6914804
66503 -1.775399
66605 -0.5877671
66705 0.52550983
66804 1.612915
66906 2.4836526
67006 3.002203
67105 3.2896166
67205 3.4272184
67305 3.3674831
67405 3.0321884
67505 2.1763353
67605 1.4072595
67707 0.28428507
67807 -1.0562654
67906 -1.975709
68006 -2.9760492
68107 -3.7056966
68207 -4.190233
68307 -4.3639956
68408 -4.232478
68507 -3.6913865
68609 -2.574513
68707 -1.3359017
68808 -0.11297274
68908 1.0314317
69008 1.8875914
69108 2.8499894
69208 3.351202
69308 3.6520348
69409 3.6893444
69510 3.6820784
69610 3.546914
69710 2.2596045
69809 0.9442692
69909 -0.3012457
70010 -1.4929955
70110 -2.5424461
70210 -3.340547
70310 -3.7984898
70410 -4.090884
70511 -4.0407887
70611 -3.4836335
70711 -2.5860205
70811 -1.5222695
70911 -0.40354538
71011 0.6333151
71111 1.5392113
71211 2.417315
71312 3.1630945
71412 3.5060358
71513 3.5888605
71612 3.5523376
71713 3.0889044
71813 2.0596566
71913 1.0464201
72013 -0.2478342
72113 -1.4965534
72213 -2.6638625
72313 -3.6405258
72413 -4.0664887
72513 -4.1767273
72616 -3.9286666
72714 -3.117552
72815 -2.0090353
72914 -0.93996716
73015 0.264884
73115 1.2749577
73215 2.0701284
73315 3.0105495
73415 3.4882107
73516 3.7642326
73616 3.761301
73717 3.5279531
73816 2.8362184
73916 2.1030645
74016 1.0544562
74116 0.058098793
74217 -1.0670307
74317 -1.9301045
74416 -3.0450733
74517 -3.5643678
74618 -3.7222602
74717 -3.6353276
74818 -3.0470357
74918 -2.2560327
75018 -1.1858783
