12 2.6246824
113 2.9700089
213 3.2413883
313 3.486024
412 3.5860376
513 3.5853262
613 3.4432878
713 2.909803
814 2.2157035
914 1.7051787
1014 1.1578865
1114 0.61511326
1214 0.013792038
1313 -0.65723705
1414 -1.2763805
1515 -1.5086925
1615 -1.5168242
1715 -1.4280896
1814 -0.92890835
1915 -0.027910233
2015 0.83520555
2116 1.6615448
2215 2.387792
2315 3.102625
2416 3.6291447
2516 3.9510784
2616 4.110117
2717 4.125063
2817 4.077345
2917 3.7210665
3016 2.8957071
3117 2.1225615
3217 1.4604521
3317 0.77941704
3417 0.07184219
3518 -0.5804286
3600 -1.0103467
3700 -1.5037658
3800 -1.809603
3900 -1.9331281
4000 -1.9207244
4100 -1.5812993
4202 -0.78456306
4302 0.08642435
4620 2.503118
4719 3.1118221
4820 3.6223068
4920 3.9477158
5020 4.0561953
5120 4.0081005
5220 3.809286
5320 3.5190954
5421 3.1188383
5522 2.5036774
5621 1.7757759
5721 0.88736534
5821 0.21148586
5922 -0.62615967
6022 -1.3997188
6121 -2.01829
6223 -2.3100815
6322 -2.3995042
6423 -2.377707
6522 -2.03402
6623 -1.2711799
6940 1.5931854
7040 2.2828636
7141 2.7532892
7241 3.1322527
7341 3.412487
7441 3.6301575
7541 3.6326876
7641 3.4478722
7741 3.114707
7842 2.517026
7942 1.6994514
8042 0.9553032
8142 0.29232264
8242 -0.08169079
8342 -0.345428
8443 -0.6599741
8543 -1.068872
8643 -1.4225345
8743 -1.453054
8843 -0.93250465
8943 0.3453374
9044 1.4941645
9144 2.5095391
9244 3.406456
9344 3.946742
9444 4.2922573
9544 4.37945
9644 4.299266
9745 3.840271
9845 3.0560102
9945 2.365912
10045 1.4775109
10145 0.48792553
10246 -0.29350996
10346 -1.1129642
10446 -1.7787614
10546 -2.1787267
10646 -2.3646138
10746 -2.3602126
10846 -1.9607267
10947 -1.2689462
11046 -0.4415288
11147 0.46652317
11247 1.4107337
11348 2.2072248
11447 2.975235
11548 3.403531
11648 3.6247253
11748 3.687685
11848 3.6253233
11948 3.2538757
12049 2.5624442
12149 1.6773825
12249 0.6656351
12349 -0.2604146
12450 -1.0806146
12550 -1.8868699
12650 -2.6861827
12749 -3.175532
12850 -3.3035765
12950 -3.2298377
13051 -2.656556
13150 -1.847441
13250 -0.9026356
13351 0.057547092
13451 1.0346084
13551 1.9195471
13651 2.598195
13752 3.3214922
13851 3.9922333
13952 4.465353
14052 4.633004
14152 4.497032
14253 4.0018883
14353 3.1453533
14452 2.2597184
14552 1.3382368
14653 0.46192598
14753 -0.24113703
14854 -0.9654813
14954 -1.5083871
15054 -1.9739273
15154 -2.2334373
15254 -2.2947073
15355 -2.1990104
15454 -1.8240955
15555 -0.945034
15654 -0.12797976
15755 0.6985283
15855 1.3952436
15955 2.1168776
16055 2.7801423
16156 3.439537
16256 3.7051706
16338 3.7654476
16438 3.5791636
16538 3.0649443
16638 2.4945922
16738 1.94347
16838 1.1279106
16940 0.43174267
17040 -0.2029748
17141 -0.7908373
17241 -1.392837
17341 -2.0889244
17441 -2.6681798
17541 -3.1700442
17641 -3.343751
17742 -3.3601148
17842 -3.1577225
17942 -2.402166
18042 -1.4843292
18142 -0.53686047
18242 0.27629423
18342 1.1419339
18443 1.9374571
18543 2.541336
18643 3.0109606
18743 3.251338
18843 3.3297062
18943 3.3262157
19044 3.2001104
19144 2.8093896
19244 2.240346
19344 1.497499
19444 0.59748983
19544 -0.1866498
19645 -0.814826
19745 -1.4973915
19845 -2.1672525
19945 -2.889611
20045 -3.3418987
20146 -3.6954026
20245 -3.7052743
20345 -3.4182348
20446 -2.7651827
20546 -2.0050826
20647 -1.120853
20747 -0.2733059
20846 0.5431018
20947 1.2427225
21047 1.8817701
21147 2.2980337
21248 2.675027
21348 2.9828353
21448 3.342493
21548 3.6009388
21647 3.6842327
21749 3.668069
21848 3.442339
21949 2.7348452
22049 2.0855713
22149 1.2112398
22249 0.45278978
22349 -0.30724
22450 -0.9767518
22549 -1.4568717
22650 -2.0782883
22750 -2.5515785
22850 -2.9628954
22950 -3.1700907
23050 -3.14506
23150 -2.7078593
23250 -1.9001107
23351 -1.1637485
23451 -0.55596685
23551 0.12955189
23652 0.8111453
23751 1.5275335
23852 2.1164064
23952 2.7163877
24051 3.2782001
24152 3.725708
24252 3.9038105
24352 3.9057941
24452 3.6731873
24552 2.9529886
24653 2.286419
24754 1.5122209
24853 0.6956892
24953 -0.14170456
25054 -0.98826313
25153 -1.6455245
25254 -2.3128772
25354 -2.7568202
25455 -3.1007228
25555 -3.2436001
25655 -3.2261531
25755 -2.7404442
25855 -1.9518218
25956 -1.1519024
26055 -0.3657918
26155 0.41897297
26256 1.0623026
26338 1.4269729
26439 1.9131293
26538 2.4533668
26638 3.036848
26738 3.4824886
26838 3.759552
26940 3.8732862
27040 3.8347425
27141 3.1573553
27241 2.4749923
27341 1.6734381
27441 0.7550473
27540 -0.14598751
27641 -0.9019346
27742 -1.737786
27842 -2.433737
27942 -2.9975882
28042 -3.3634028
28142 -3.7093983
28242 -3.9352784
28343 -3.9310696
28443 -3.4830801
28543 -2.6840634
28643 -1.6643581
28743 -0.82288504
28843 -0.07873058
28943 0.47747517
29043 0.97481537
29144 1.5570045
29244 2.159855
29344 2.6345687
29444 3.0341015
29544 3.1901188
29644 3.232109
29745 3.2650394
29845 3.2615852
29945 3.0954418
30045 2.7224302
30146 2.1139374
30245 1.3451152
30346 0.51591015
30446 -0.27686596
30546 -0.9155798
30646 -1.4729323
30746 -1.9173272
30847 -2.2893348
30946 -2.6270394
31046 -2.8951726
31147 -2.9795105
31248 -2.9396682
31348 -2.4221668
31447 -1.7194252
31547 -0.93837976
31648 -0.20002174
31749 0.5330157
31849 1.1220274
31948 1.7385321
32048 2.2149453
32148 2.5952134
32249 3.0165825
32349 3.613718
32449 3.656064
32549 3.6083574
32650 3.3017178
32749 2.6701517
32850 1.844718
32950 0.89745617
33051 -0.012748718
33150 -0.5858431
33251 -0.9527011
33351 -1.4091868
33451 -1.9102457
33551 -2.3551517
33968 -3.5743835
34069 -2.9990668
34169 -1.9445271
34269 -1.1186535
34369 -0.42577362
34470 0.08648968
34870 2.0275292
34970 2.5594873
35071 3.0196648
35171 3.36131
35271 3.5629292
35371 3.6002188
35471 3.3721943
35571 2.8146086
35671 2.292778
35771 1.6925292
35872 0.9451337
35972 0.31904316
36072 -0.2850957
36172 -0.8635969
36272 -1.3706887
36372 -1.6509774
36473 -1.8108935
36572 -2.196082
36673 -2.841413
36773 -3.1851373
36873 -3.2966745
36973 -3.2324963
37073 -2.770509
37174 -2.0217671
37274 -1.3720315
37374 -0.72419643
37474 -0.27310276
37575 0.28025198
37674 0.7143688
37775 1.0552831
37875 1.3357649
37975 1.8283434
38075 2.2301812
38175 2.641614
38492 3.1747875
38592 3.186533
38694 3.0789213
38793 2.7831192
38893 2.2800622
38993 1.7774649
39093 0.89874697
39194 0.36050797
39293 -0.22221899
39394 -0.7775006
39494 -1.3804882
39595 -1.825213
39695 -2.0843654
39795 -2.3603053
39895 -2.7316253
39996 -3.0151703
40096 -3.17759
40196 -3.259261
40296 -3.2584147
40396 -2.7812753
40496 -1.7485726
40597 -0.8474755
40697 -0.05559492
40796 0.44104147
40897 1.0416517
40997 1.3938341
41098 1.7073097
41197 2.1109405
41298 2.583562
41397 2.9571152
41498 3.3298016
41598 3.5064373
41698 3.5278015
41798 3.476512
41898 3.3322554
41999 2.893515
42099 2.0758758
42199 1.1644268
42299 0.53522015
42400 -0.12804937
42500 -0.5897589
42600 -0.9213729
42700 -1.5030465
42800 -2.0630698
42901 -2.5785527
43000 -2.9687316
43100 -3.4659529
43201 -3.6782472
43301 -3.7277172
43401 -3.4267309
43501 -2.5537546
43602 -1.6952941
43702 -0.9728737
43802 -0.2449193
43902 0.40645123
44002 1.0385365
44102 1.5843573
44203 2.307344
44302 2.7608557
44403 3.1371708
44503 3.488657
44585 3.6617975
44685 3.847063
44785 3.8651295
44885 3.6767654
44985 3.2041893
45087 2.5211473
45188 1.8077669
45288 1.0357618
45388 0.36139965
45488 -0.17876577
45588 -0.75887585
45688 -1.3191109
45788 -1.7731376
45889 -2.0176299
45989 -2.335713
46089 -2.7120929
46189 -3.0196898
46289 -3.204968
46389 -3.3061247
46489 -3.0946133
46589 -2.2112496
46690 -1.2304084
46790 -0.45790195
46890 0.1634388
46990 0.68677425
47091 1.1165671
47190 1.4911203
47291 1.9393225
47391 2.5258703
47491 3.1339607
47591 3.630106
47691 3.9513922
47791 4.095071
47892 4.0841846
47992 3.8055782
48092 3.072256
48192 2.3619776
48292 1.3878746
48393 0.7028198
48492 -0.0742507
48593 -0.64289427
48693 -1.2617371
48793 -1.852138
48894 -2.357172
48994 -2.689179
49094 -3.0081544
49194 -3.2627177
49294 -3.5553243
49394 -3.7741623
49495 -3.807497
49594 -3.376831
49695 -2.3461707
49795 -1.4554486
49895 -0.700634
49996 0.008519173
50096 0.56718206
50196 1.1072421
50296 1.5971117
50396 2.057785
50497 2.6509423
50596 3.0115395
50697 3.2854633
50797 3.4423819
50897 3.4806967
50997 3.4102764
51097 3.0535183
51197 2.4030619
51298 1.7057023
51398 1.0710936
51498 0.51281595
51598 -0.017307281
51698 -0.46032667
51798 -1.0240254
51898 -1.6708534
51998 -2.3047569
52099 -2.6492167
52199 -2.8552954
52300 -2.8963106
52400 -2.7626379
52500 -2.2002776
52600 -1.5355568
52700 -0.8431668
52800 -0.24542284
52900 0.2836485
53001 0.8020754
53101 1.3376689
53200 1.8074837
53301 2.3407273
53401 2.7948217
53502 3.2445765
53601 3.6689167
53702 3.78238
53802 3.7393026
53902 3.6122932
54002 3.283636
54103 2.6640158
54203 1.9100695
54303 1.0902481
54402 0.44227076
54485 -0.035200596
54585 -0.52582693
54685 -1.1469657
54786 -1.6650631
54885 -2.2557044
54987 -2.6642923
55088 -3.0962338
55188 -3.3799288
55288 -3.4821565
55388 -3.4668102
55488 -3.2018695
55588 -2.5800254
55688 -1.9618788
55788 -1.2978599
55889 -0.7112913
55989 -0.059186935
56089 0.6004071
56189 1.1973553
56289 1.8984232
56389 2.380896
56489 2.915184
56589 3.3551712
56690 3.8311882
56790 4.4080963
56890 4.740425
56990 4.7723217
57091 4.665455
57191 4.2900248
57291 3.775752
57391 2.862237
57491 2.102479
57591 1.232161
57691 0.51077557
57792 -0.22530603
57892 -0.85845995
57992 -1.479348
58092 -1.9348526
58192 -2.305769
58292 -2.7591949
58392 -3.0740533
58492 -3.218678
58593 -3.2878437
58694 -3.310867
58793 -3.2913578
58893 -2.702547
58994 -1.6979184
59094 -0.89769125
59194 -0.24218035
59294 0.32117844
59394 0.8810797
59495 1.4738531
59595 2.1560354
59694 2.7383027
59795 3.170044
59896 3.4666805
59995 3.7022724
60096 3.9773502
60196 3.998413
60296 2.8818793
60396 2.3208885
60497 1.8808732
60597 1.439785
60696 1.4714341
60797 0.77250576
60897 0.13714314
60998 -0.5402708
61097 -1.0110373
61198 -1.3828883
61298 -1.6416264
61398 -2.0159526
61498 -2.2792816
61597 -2.4714074
61698 -2.576703
61799 -2.6103024
61899 -2.5932055
61999 -2.180447
62099 -1.3119934
62199 -0.5611253
62666 2.2081208
62767 2.5258703
62867 2.7881813
62967 3.0780582
63068 3.3343601
63168 3.5378008
63268 3.6774921
63367 3.7911758
63468 3.8376522
63568 3.8371487
63669 3.4920683
63768 2.7164245
63869 1.9256144
63968 1.3362894
64052 0.7300482
64152 0.16677952
64251 -0.34180546
64351 -0.928092
64451 -1.5727382
64551 -1.9920318
64652 -2.396233
64754 -2.794892
64854 -3.0998814
64954 -3.4389093
65054 -3.7249484
65154 -3.9078493
65254 -3.9436383
65354 -3.7163923
65455 -2.9867628
65555 -2.1758773
65655 -1.4609542
65755 -0.7775526
65855 -0.037380695
65955 0.49662495
66056 1.0758591
66156 1.5761003
66256 2.051465
66356 2.530375
66456 3.0035172
66556 3.4283924
66657 3.8459454
66757 4.193487
66857 4.2432384
66957 4.09894
67057 3.839735
67157 3.2752008
67257 2.7172594
67357 2.151019
67458 1.4557328
67558 0.7540302
67658 -0.09147215
67758 -0.82561255
67859 -1.5460923
67958 -2.0129943
68058 -2.2979116
68159 -2.5909169
68259 -2.921331
68359 -3.1985846
68459 -3.398769
68559 -3.4924567
68660 -3.5461762
68759 -3.5394557
68861 -3.140437
68961 -2.1829145
69061 -1.3937523
69161 -0.5483751
69261 0.038654327
69360 0.5791259
69461 1.1046557
69562 1.6516457
69662 2.2377653
69761 2.7243638
69862 3.1639748
69962 3.464713
70063 3.6150236
70163 3.654416
70263 3.56645
70362 3.2333508
70463 2.6059403
70563 1.7361159
70663 0.95567226
70764 0.15636444
70864 -0.5851793
70964 -1.4228349
71064 -2.1629858
71165 -2.8278973
71264 -3.321959
71364 -3.6035268
71465 -3.6511903
71564 -3.613384
71665 -3.3984268
71764 -3.0220885
71866 -2.493094
71966 -1.9335876
72066 -1.2211189
72165 -0.6083288
72266 0.039650917
72366 0.60898066
72466 1.1118579
72567 1.5120339
72666 1.893683
72767 2.2937698
72867 2.7821035
72967 3.329258
73068 3.5989485
73168 3.7274494
73268 3.694583
73367 3.448226
73468 2.8236074
73568 2.163169
73668 1.4785666
73769 0.887311
73868 0.17263222
73969 -0.49159765
74051 -0.96012783
74151 -1.6645062
74251 -2.3359675
74351 -2.8499312
74451 -3.2670503
74551 -3.6634464
74653 -3.942843
74754 -4.052259
74854 -4.0792794
74954 -3.9775448
93 -4.0361414
193 -4.00781
293 -4.12139
394 -4.245752
494 -4.41128
594 -4.6528025
694 -4.808504
794 -4.8707876
894 -4.904563
995 -4.458781
1095 -4.1112986
1195 -3.4801717
1295 -2.9930296
1395 -2.7798138
1495 -2.7698483
1595 -2.8261302
1696 -2.9728906
1796 -3.869097
1896 -4.047815
1996 -4.573394
2096 -5.0
2196 -5.0
2296 -5.0
2397 -5.0
2497 -5.0
2597 -5.0
2697 -5.0
2798 -5.0
2898 -3.3305016
2998 -2.5904546
3098 -1.9169531
3199 -1.300499
3299 -0.8412013
3398 -0.37295008
3499 0.30798817
3599 1.0087237
3699 1.4360762
3799 2.3438864
3900 3.1413088
4000 3.8681946
4100 4.013899
4200 4.335511
4300 4.391903
4401 4.4038525
4501 4.252136
4601 3.6378727
4701 3.15765
4802 2.5677185
4901 2.2277617
5002 1.829812
5101 0.67721653
5202 0.09260464
5302 -0.84699917
5402 -1.5385609
5502 -2.1390762
5603 -2.7379098
5703 -3.1531916
5803 -3.5493186
5902 -3.7695792
6003 -3.9110184
6104 -3.9950943
6203 -3.9631736
6304 -3.8543198
6404 -3.5819628
6503 -2.9471707
6604 -2.3743825
6704 -1.71348
6804 -1.2183983
6905 -0.80938816
7005 -0.44886446
7105 0.23732471
7205 1.0475569
7305 1.5869536
7405 2.1588774
7506 2.653315
7606 3.2536097
7706 3.5509405
7806 3.693696
7907 3.8742104
8007 4.2170696
8106 4.2736225
8207 4.0464926
8307 3.2840033
8407 2.543456
8508 2.034439
8607 1.7219367
8707 1.2477641
8808 0.7568507
8890 0.35365438
8991 -0.15921783
9091 -0.73354435
9191 -1.2690043
9290 -1.9272535
9392 -2.3759174
9493 -2.5966969
9592 -2.800756
9693 -2.9552112
9793 -3.0491204
9893 -3.1233027
9993 -3.3145003
10093 -3.6624799
10193 -3.941271
10294 -4.190918
10394 -4.281132
10494 -4.3052597
10594 -4.323085
10694 -4.221241
10794 -3.9072802
10894 -3.397614
10995 -2.8838785
11095 -2.1444564
11195 -1.5347283
11295 -1.0586572
11395 -0.5629587
11495 -0.23685026
11596 0.46525717
11696 1.126523
11796 1.6922975
11896 2.1429558
11996 2.75531
12097 3.0345764
12197 3.7000446
12296 4.174197
12397 4.266554
12498 4.277048
12597 4.3784275
12697 4.4831867
12798 3.9454556
12898 3.0214472
12998 2.3953285
13099 1.8092284
13199 1.0501089
13299 0.49835443
13398 -0.069952965
13499 -0.76474476
13600 -1.4135327
13700 -1.7591507
13800 -2.08515
13900 -2.4157975
14000 -2.962826
14100 -3.7132409
14200 -4.6250505
14301 -4.878759
14400 -5.0
14501 -5.0
14601 -5.0
14701 -4.8299723
14801 -4.299159
15119 -2.4343705
15218 -1.9387648
15319 -1.4164054
15418 -0.98544025
15518 -0.42272902
15619 0.16463375
15720 0.7397289
15819 1.3390613
15920 1.7454247
16020 2.0305
16119 2.3627267
16220 2.8961663
16320 3.1195784
16421 3.3507195
16521 3.5297356
16621 3.5227165
16721 3.1492739
16821 2.3995566
16922 1.899282
17022 1.3087339
17122 0.5284562
17222 0.003862381
17321 0.0
17422 0.7305708
17523 0.8959036
17623 1.5313654
17723 2.0450983
17823 2.285582
17923 2.45086
18023 2.6980143
18123 2.96072
18224 3.2376118
18323 3.3812075
18424 3.41327
18524 3.2904387
18624 2.7561789
18725 2.0457277
18824 1.5889101
18925 1.1831026
19024 0.77740574
19125 0.39768505
19226 0.06137848
19325 -0.24173784
19426 -0.6092911
19526 -1.1375108
19625 -1.5918052
19726 -1.9352422
19826 -2.1767125
19926 -2.3645158
20027 -2.4080727
20127 -2.3549778
20227 -2.0642757
20326 -1.5111496
20427 -0.6427345
20528 0.07191372
20628 0.6012678
20727 1.1761599
20828 1.4994416
20928 1.6665258
21028 1.7843833
21129 2.32334
21228 2.7068405
21329 3.1164398
21429 3.4310493
21529 3.6009922
21629 3.6567135
21729 3.6401882
21829 3.4521828
21930 3.1147614
22030 2.5219674
22113 1.8510971
22212 1.205719
22313 0.63435555
22412 0.13460445
22513 -0.24979067
22613 -0.63328886
22714 -1.1120858
22815 -1.5003867
22915 -1.8404355
23015 -2.05204
23115 -2.167961
23215 -2.2673972
23315 -2.3720527
23416 -2.4339538
23516 -2.448639
23616 -2.3515906
23716 -1.9314189
23816 -1.1963756
23916 -0.5602102
24016 0.006122589
24117 0.51671696
24217 0.93576956
24317 1.3892832
24417 1.7500777
24517 2.093483
24618 2.3809814
24717 2.5685296
24818 2.6904364
24918 2.8020515
25018 3.1290483
25118 3.2923079
25218 3.2961674
25319 3.1373005
25418 2.8415413
25519 2.4141135
25619 1.6003432
25719 0.8781457
25819 0.12714577
25919 -0.43568468
26021 -1.0416818
26121 -1.5588603
26220 -1.9291306
26321 -2.191049
26420 -2.51208
26521 -2.8459663
26620 -3.1580262
26720 -3.3298366
26821 -3.3900688
26921 -3.411749
27022 -3.4123044
27121 -3.2712083
27221 -2.6389117
27322 -1.778965
27422 -1.0781403
27522 -0.5389495
27623 -0.016804218
27723 0.45880032
27823 0.97757673
27923 1.3611317
28024 1.8583922
28124 2.297422
28224 2.6345458
28324 2.9876747
28424 3.2113943
28524 3.2866297
28624 3.2922287
28725 3.2552853
28825 3.027277
28925 2.2404785
29025 1.4067483
29124 0.7820344
29225 0.10783529
29326 -0.3773303
29426 -0.92324924
29526 -1.4075398
29626 -1.8868442
29726 -2.1922815
29826 -2.5100174
29926 -2.6343744
30026 -2.8015175
30126 -3.031752
30227 -3.2314475
30327 -3.3860636
30427 -3.4434016
30527 -3.3577456
30628 -2.7961116
30728 -1.885633
30828 -1.1464946
30928 -0.5177884
31028 -0.086541176
31129 0.24570799
31229 0.6095376
31328 0.987782
31429 1.5422125
31529 2.0071664
31629 2.468048
31729 2.7248626
31830 2.897058
31930 2.9471579
32012 2.9558206
32112 2.9314146
32212 2.8586679
32312 2.3675933
32413 1.6504135
32512 0.9263706
32613 0.28945446
32715 -0.37328148
32815 -0.9249859
32915 -1.4480577
33015 -2.004484
33115 -2.4769645
33215 -2.8045075
33315 -3.0564418
33416 -3.3311915
33516 -3.4532335
33616 -3.343562
33716 -2.7385972
33816 -1.7818978
33916 -1.0025387
34017 -0.2585435
34117 0.4234705
34217 0.9191885
34317 1.5647149
34417 2.147976
34517 2.7564125
34617 3.1583443
34717 3.4180384
34818 3.5854511
34918 3.6491642
35018 3.619999
35118 3.3660765
35218 2.7040124
35318 2.042894
35419 1.4274879
35519 0.9107232
35619 0.365592
35719 -0.1257596
35819 -0.6418166
35919 -1.1181049
36019 -1.4658992
36121 -1.8371551
36220 -2.077795
36321 -2.277662
36421 -2.4570365
36520 -2.6187296
36620 -2.6813416
36720 -2.6919696
36822 -2.6949124
36922 -2.5834746
37022 -1.9645777
37121 -1.2735066
37221 -0.5829134
37322 -0.032207012
37422 0.45361996
37523 0.8423295
37623 1.4047585
37723 1.9457154
37823 2.5111961
37923 2.9873643
38024 3.234126
38124 3.4110785
38224 3.461607
38323 3.4563303
38424 3.3859224
38524 2.9830809
38624 2.250515
38725 1.5643759
38825 0.8896532
38925 0.2809596
39025 -0.30553055
39125 -0.79159737
39226 -1.2813008
39326 -1.6376374
39426 -2.0692747
39526 -2.360147
39626 -2.703198
39726 -3.0491087
39826 -3.349584
39927 -3.6307087
40026 -3.7912936
40127 -3.9169989
40227 -3.9635773
40327 -3.9754686
40428 -3.8529522
40528 -3.1080213
40627 -2.2618284
40728 -1.5579009
40828 -1.0088215
40928 -0.4306574
41028 0.137887
41129 0.64039135
41228 1.1345448
41328 1.4637537
41429 1.796392
41530 1.9925132
41629 2.183113
41729 2.3046646
41830 2.3953123
41912 2.4611106
42012 2.5187454
42112 2.5362883
42212 2.5359879
42312 2.2257218
42413 1.6077104
42512 0.9236593
42614 0.3825674
42715 -0.06857014
42815 -0.52030134
42915 -0.8840647
43015 -1.2394764
43115 -1.6245606
43215 -1.9673738
43316 -2.2679975
43415 -2.533173
43516 -2.838842
43616 -2.9997008
43716 -3.0843909
43816 -3.1481774
43916 -3.2085261
44016 -3.252111
44117 -3.2457783
44217 -2.7918952
44317 -1.8118348
44417 -1.0841641
44517 -0.5035372
44617 -0.09180927
44718 0.3445363
44818 0.67101
44918 1.0460596
45018 1.535615
45118 1.8783202
45219 2.2636385
45318 2.529355
45419 2.7887483
45519 3.0226784
45619 3.2609844
45720 3.3658228
45819 3.3595314
45920 3.1802855
46020 2.879888
46120 2.181047
46220 1.4498086
46320 0.6998625
46421 0.082276344
46521 -0.54612064
46621 -1.1209073
46720 -1.5865593
46822 -2.0420403
46922 -2.3466525
47022 -2.7266114
47122 -2.9773195
47221 -3.1373549
47323 -3.2486
47422 -3.5856419
47522 -3.8645992
47623 -3.9623961
47723 -3.8242137
47823 -3.3601308
47924 -2.518582
48023 -1.796938
48124 -1.2031083
48224 -0.65053654
48323 -0.094697
48424 0.46243048
48525 0.98665
48625 1.4990258
48725 1.8379416
48825 2.093389
48925 2.2761545
49025 2.4356537
49126 2.536284
49225 2.6261492
49326 2.7044663
49426 2.8252869
49526 3.2611532
49626 3.4834223
49727 3.5433702
49827 3.5462122
49927 3.4987736
50027 3.214178
50127 2.8848581
50227 2.281797
50327 1.5674324
50428 0.9893198
50528 0.4128995
50628 -0.12840414
50728 -0.58765316
50828 -1.1437206
50928 -1.5737362
51028 -1.9622998
51129 -2.2701724
51228 -2.6652226
51329 -2.9166586
51429 -3.050776
51529 -3.1417136
51630 -3.1706529
51729 -3.1651464
51830 -2.935602
51912 -2.4013782
52013 -1.7256172
52112 -0.9828081
52212 -0.37821484
52312 0.19212103
52412 0.79489803
52512 1.3708887
52614 1.8664484
52715 2.2651968
52815 2.671659
52915 2.9360023
53015 3.073288
53115 3.4349155
53215 3.591487
53315 3.6131124
53416 3.5531416
53516 3.3131123
53616 2.9887938
53716 2.4689903
53816 1.8217134
53916 1.0112581
54017 0.36998224
54117 -0.32800436
54217 -1.1106129
54317 -1.6743805
54417 -1.9846625
54517 -2.2653713
54618 -2.507629
54718 -2.694274
54818 -2.8949456
54918 -3.1749084
55018 -3.4384053
55118 -3.6681435
55219 -3.7674537
55319 -3.7826533
55419 -3.6653087
55519 -3.2748723
55619 -2.616241
55719 -1.6773458
55819 -0.92861223
55919 -0.29840946
56020 0.3422618
56121 0.93537045
56220 1.380857
56320 1.8743119
56420 2.284555
56521 2.6165137
56620 2.929091
56722 3.242241
56821 3.5354195
56921 2.6164217
57021 2.6544256
57121 2.6355705
57222 2.6438017
57322 2.595151
57423 1.9300499
57522 1.0245366
57623 0.29838085
57723 -0.30998993
57823 -0.7077174
57923 -1.1410744
58024 -1.6233582
58140 -2.042997
58240 -2.5751839
58341 -3.0028882
58441 -3.2504554
58541 -3.4245534
58641 -3.6180215
58741 -3.6947088
58841 -3.7159154
58941 -3.7202096
59042 -3.495441
59359 -1.0099397
59460 -0.24340725
59559 0.27246952
59660 0.7911935
59759 1.1289682
59860 1.3418555
59960 1.5082741
60060 1.6248488
60161 1.7285981
60261 1.8818483
60361 2.0982795
60461 2.6041384
60561 3.6395025
60661 3.7341118
60761 3.7869606
60861 3.7258158
60962 3.1813126
61044 2.6956902
61145 2.3762321
61244 1.8230424
61345 1.2145586
61444 0.59398556
61544 0.09873867
61646 -0.33620214
61746 -0.7878256
61847 -1.1033578
61947 -1.4929969
62047 -1.7477162
62147 -1.9760859
62247 -2.2071965
62347 -2.4026048
62447 -2.5443583
62548 -2.8202927
62648 -3.0598633
62748 -3.1620014
62848 -3.1271443
62948 -2.8000777
63049 -2.2039032
63149 -1.50987
63249 -0.84671307
63349 -0.23891163
63449 0.20282745
63549 0.6898427
63650 1.0388746
63749 1.5422568
63849 1.9966521
63950 2.4334745
64050 2.7767172
64150 3.1065712
64250 3.22056
64350 3.3375425
64450 3.384941
64551 3.3918667
64651 3.4175892
64751 3.4141912
64851 3.2733898
64951 2.493637
65051 1.4795165
65152 0.9458399
65253 0.47206402
65352 -0.04578495
65452 -0.5250406
65553 -0.89955807
65652 -1.3108628
65752 -1.757339
65854 -2.006029
65954 -2.2297273
66054 -2.4579911
66154 -2.6418965
66254 -2.7524338
66353 -2.7958996
66453 -2.7679193
66555 -2.5086358
66654 -1.8341482
66755 -1.1868267
66855 -0.66293097
66955 -0.13852262
67055 0.45436525
67155 0.8260603
67256 1.3630061
67355 1.8507462
67456 2.3457398
67556 2.5649824
67656 3.1816158
67756 3.5109386
67857 3.7726994
67956 3.9853563
68057 4.420808
68157 4.5651035
68257 4.57452
68358 4.011194
68458 3.086069
68558 2.5174956
68657 1.9374647
68759 1.4067984
68858 0.75452185
68959 0.14735126
69059 -0.50778866
69159 -1.2034168
69258 -1.8765419
69359 -2.3085272
69459 -2.6914062
69559 -2.9372497
69659 -3.1177611
69760 -3.16647
69860 -3.2156825
69960 -3.259704
70060 -3.275638
70160 -3.2226112
70261 -2.789273
70360 -2.0268207
70461 -1.380671
70561 -0.778739
70661 -0.21374416
70762 0.31613255
70861 1.1567774
70962 1.6952248
71061 2.2138777
71144 2.536067
71244 2.848465
71344 3.0412664
71444 3.1648417
71544 3.3678856
71645 3.894147
71746 3.9063272
71847 3.855585
71947 3.5502987
72047 3.085104
72147 2.6730576
72247 2.239174
72347 1.7258248
72447 1.0161557
72548 0.35793114
72648 -0.41684103
72748 -1.0498912
72848 -1.577887
72948 -1.9701152
73048 -2.3156238
73149 -2.6571777
73249 -2.9191852
73349 -3.127124
73449 -3.3460422
73549 -3.5046885
73649 -3.5676937
73750 -3.6453588
73850 -3.7031517
73950 -3.6578684
74050 -3.3568585
74151 -2.8513258
74250 -2.1568007
74350 -1.3255265
74451 -0.7388935
74551 -0.20288944
74651 0.38769627
74751 0.9507532
74851 1.4004593
74951 1.8198633
17 -1.0361793
117 -1.4966207
217 -1.887872
318 -2.209959
417 -2.4776788
518 -2.8147156
618 -3.1105595
700 -3.335867
801 -3.4664116
901 -3.524136
1000 -3.4866197
1100 -3.0937438
1200 -2.3684242
1302 -1.558768
1403 -0.7438531
1503 -0.07726765
1603 0.6741462
1703 1.3174295
1803 1.9287376
1903 2.4153748
2003 2.8711343
2104 3.1529026
2204 3.2842188
2304 3.3561544
2404 3.408245
2504 3.4409351
2604 3.4241552
2704 3.1686554
2804 2.643937
2905 2.0192122
3005 1.3917112
3105 0.73834133
3205 0.09980869
3305 -0.4774537
3406 -1.0629025
3506 -1.4889431
3606 -1.9081769
3706 -2.2268426
3806 -2.6130192
3906 -2.9826245
4006 -3.4251807
4107 -3.6853049
4207 -3.816052
4307 -3.8527954
4407 -3.7129788
4507 -3.1642613
4607 -2.4611754
4708 -1.7034588
4809 -0.95555925
4908 -0.27426767
5008 0.40980768
5108 1.0297594
5208 1.57091
5309 2.0803542
5409 2.5497832
5509 2.8464074
5609 3.0062447
5709 3.0807238
5809 3.1422977
5910 3.212801
6010 3.265997
6111 3.294836
6210 3.3152199
6311 3.3115997
6410 3.1195936
6511 2.5558143
6611 1.9417219
6712 1.2684693
6812 0.67852974
6912 0.07558298
7011 -0.33334398
7112 -0.8108077
7212 -1.2863421
7312 -1.5853806
7413 -1.8277619
7513 -2.0093675
7613 -2.2236838
7713 -2.4914207
7813 -2.786351
7913 -2.996624
8014 -3.158153
8114 -3.2383256
8214 -3.2564173
8314 -3.2742527
8414 -3.2054632
8514 -2.683646
8615 -1.8246517
8715 -0.93786573
8815 -0.041619778
8915 0.76224136
9015 1.4089804
9115 1.848947
9216 2.21426
9316 2.543666
9416 2.974894
9516 3.2970686
9616 3.5066853
9717 3.653532
9816 3.741354
9917 3.7481337
10017 3.6632051
10117 3.307005
10217 2.7458506
10317 2.050284
10418 1.4190574
10517 0.81843853
10600 0.5059018
10700 -0.23458958
10800 -0.7786603
10900 -1.2395852
11000 -1.6675618
11100 -2.0274825
11202 -2.393269
11536 -3.1761434
11636 -3.3460233
11736 -3.4448788
11836 -3.486493
11937 -3.508046
12037 -3.4356425
12137 -2.9532626
12237 -2.1710544
12337 -1.3783691
12437 -0.76271725
12537 -0.21286869
12638 0.2210269
12738 0.6989174
12838 1.1202192
12938 1.4703383
13038 1.7531166
13139 2.2092562
13239 2.748024
13339 3.1654806
13439 3.5255756
13540 3.7278624
13639 3.7878523
13740 3.7461853
13840 3.4726648
13940 2.9656105
14041 2.279406
14140 1.5484171
14241 0.8278775
14341 0.09817314
14441 -0.47913456
14540 -0.89778423
14642 -1.2296517
14742 -1.5177555
14841 -1.7870369
14942 -2.0851648
15042 -2.437158
15142 -2.7841194
15243 -3.0755415
15343 -3.2387338
15443 -3.4038181
15543 -3.5040753
15643 -3.5149698
15743 -3.519691
15843 -3.389748
15944 -2.6625972
16044 -1.869935
16144 -1.1647434
16244 -0.58692837
16344 -0.033033848
16444 0.47383785
16544 1.0148172
16645 1.4241533
16745 1.7719779
16845 2.0324836
16945 2.2766051
17045 2.4674973
17145 2.6665254
17463 3.1778793
17562 3.2226963
17662 3.235877
17763 3.2036877
17863 2.774466
17964 2.1870155
18063 1.4314241
18164 0.70051956
18264 0.038261414
18364 -0.5459795
18465 -1.0117524
18565 -1.5300148
18665 -1.8841453
18765 -2.1650844
18865 -2.3995738
18965 -2.6685357
19066 -2.9550548
19165 -3.2204335
19265 -3.3947108
19365 -3.42469
19466 -3.382092
19566 -3.015101
19666 -2.227922
19767 -1.4867408
19866 -0.7153177
19967 -0.068865776
20067 0.5264931
20167 1.001194
20267 1.5461769
20368 2.037548
20468 2.391603
20568 2.709527
20668 2.944253
20768 3.238617
20869 3.5231133
20969 3.717533
21068 3.7944107
21386 3.1530485
21486 2.5496125
21586 2.0752807
21686 1.4755807
21786 0.86493826
21887 0.23154259
21986 -0.25452185
22087 -0.80143833
22188 -1.115336
22288 -1.2523491
22387 -1.4151769
22487 -1.6273396
22587 -1.9268873
22687 -2.2051303
22789 -2.4636962
22889 -2.662781
22989 -2.8730853
23088 -3.0166965
23189 -3.1597931
23289 -3.3043542
23390 -3.4647253
23490 -3.583372
23590 -3.6061356
23690 -3.3630683
23790 -2.603879
23890 -1.6965554
23990 -1.0107148
24091 -0.34010506
24190 0.20902634
24291 0.73235035
24390 1.2256231
24491 1.7824717
24591 2.3165503
24692 2.6242995
24792 2.931353
24892 3.153369
24992 3.3781471
25092 3.5175571
25192 3.5704708
25293 3.5709095
25392 3.4362411
25493 2.9008622
25593 2.235714
25693 1.6391845
25794 1.0231199
25893 0.21270847
25994 -0.36523342
26094 -0.9928045
26194 -1.5781143
26294 -2.1645036
26611 -3.2918048
26712 -3.4033463
26812 -3.5127046
26911 -3.5868146
27012 -3.5985827
27112 -3.4771903
27212 -2.7725918
27313 -1.9135423
27413 -1.0914016
27513 -0.3636737
27613 0.21382666
27713 0.8729863
27847 1.3057952
27930 1.6472197
28030 2.0189004
28131 2.378076
28231 2.7605376
28331 3.2611485
28431 3.573926
28531 3.788087
28631 3.828165
29166 0.98048735
29266 0.26174736
29366 -0.1809988
29466 -0.6200943
29566 -0.8533292
29666 -1.1813073
29766 -1.5828927
29867 -2.021637
29967 -2.3914142
30067 -2.6523309
30167 -2.9764085
30267 -3.1705127
30367 -3.3274925
30467 -3.3786569
30568 -3.377914
30668 -3.0812624
30768 -2.2896948
30868 -1.5439224
30968 -0.9081998
31068 -0.33311844
31169 0.17262173
31269 0.674675
31369 1.2403922
31469 1.8612924
31570 2.3386588
31669 2.807199
31769 3.2704172
31870 3.5871563
31970 3.6388998
32071 3.5234823
32171 2.9829612
32271 2.327867
32371 1.7740211
32471 0.9800601
32571 0.08002281
32671 -0.6096144
32772 -1.2034009
32872 -1.6862247
32972 -2.0156531
33072 -2.2750902
33173 -2.544221
33273 -2.8593898
33373 -3.0497255
33473 -3.2906775
33573 -3.5517678
33673 -3.8900628
33773 -4.0072656
33874 -3.8978698
34291 -0.7794781
34391 -0.15658045
34491 0.33668423
34591 0.8528948
34691 1.2553763
34792 1.696662
34891 2.1008692
34992 2.5028572
35092 2.9167237
35192 3.3041515
35292 3.6224194
35392 3.677332
35493 3.613205
35593 2.7472754
35693 2.0323305
35793 1.4564233
35894 0.60535526
35993 -0.28743982
36093 -0.95545673
36194 -1.4961104
36294 -1.8327105
36395 -2.2487864
36495 -2.6703115
36594 -3.0369878
36694 -3.3156104
36795 -3.6900113
36895 -3.955268
36996 -4.057755
37096 -3.9647899
37195 -3.3551707
37295 -2.416245
37378 -1.8416705
37479 -1.2002659
37578 -0.552804
37678 0.016124725
37778 0.3943696
37878 0.7702298
37980 1.1021414
38081 1.4668989
38181 1.9471779
38281 2.4646964
38381 2.9841523
38481 3.2956467
38581 3.5190802
38681 3.6541271
38782 3.473341
38882 2.644548
38982 1.9319167
39082 1.1400633
39416 -0.90581036
39498 -1.1621494
39599 -1.4766593
39699 -1.7675624
39798 -2.0203424
39900 -2.28875
40000 -2.5133512
40100 -2.8092995
40201 -3.101518
40301 -3.4622092
40401 -3.6642332
40501 -3.6961591
40601 -3.3168862
40702 -2.657662
40802 -1.807055
40902 -1.1418552
41002 -0.5373087
41102 0.025857449
41202 0.4343338
41303 0.990365
41402 1.6764741
41503 2.4065413
41603 2.9536042
41703 3.4628391
41803 3.6517315
41903 3.8763971
42003 3.9330244
42103 3.7988071
42204 3.0568275
42304 2.1863313
42404 1.6094933
42504 0.9485402
42604 0.17362261
42704 -0.5320997
42805 -1.1418805
42905 -1.60919
43005 -2.0086656
43105 -2.4736838
43205 -2.8577597
43305 -3.2159324
43405 -3.4420257
43506 -3.5094366
43606 -3.5142083
43706 -3.0465868
43806 -2.304695
43906 -1.4774075
44007 -0.6818371
44106 -0.03744459
44208 0.49840212
44307 0.9758158
44408 1.4282861
44508 1.7355661
44608 2.0532699
44709 2.3244944
44809 2.5945768
44909 2.949315
45008 3.337184
45109 3.5732393
45208 3.6150723
45309 3.4500055
45410 3.0844288
45510 2.3162055
45609 1.8004203
45710 1.1003909
45810 0.4072752
45910 -0.22546673
46010 -0.8715329
46111 -1.29281
46211 -1.8070316
46310 -2.1964853
46411 -2.607297
46511 -3.0507438
46611 -3.479981
46712 -3.8293633
46812 -3.9623861
46912 -3.722568
47012 -3.0881975
47112 -2.121159
47213 -1.4344509
47313 -0.7490339
47413 -0.058936596
47513 0.52691555
47613 1.0683069
47713 1.6242723
47813 2.0915213
47913 2.6523414
48014 3.250204
48114 3.641859
48213 3.8537998
48314 3.9214458
48415 3.926589
48515 3.782526
48615 3.2754993
48715 2.5327759
48815 1.7621322
48915 1.212585
49016 0.5686846
49115 -0.07727146
49216 -0.70802355
49298 -1.0969417
49398 -1.4433868
49498 -1.8503757
49598 -2.12067
49698 -2.441893
49798 -2.6940937
49900 -2.95538
50000 -3.0871048
50101 -3.1477075
50201 -2.9304862
50301 -2.2441916
50401 -1.5159564
50501 -0.8750582
50601 -0.2278223
50701 0.31739998
50802 0.91999245
50902 1.5497131
51002 2.0832329
51102 2.6293936
51202 3.0377293
51302 3.3942509
51403 3.599413
51503 3.677247
51603 3.687666
51703 3.4970646
51803 2.881752
51903 2.101654
52003 1.352304
52104 0.7019539
52204 -0.13444328
52304 -0.9068527
52404 -1.6909263
52504 -2.0582733
52604 -2.4639592
52704 -2.715755
52805 -2.9371247
52905 -3.1437476
53005 -3.39625
53105 -3.7080965
53205 -3.9027283
53305 -3.8912823
53406 -3.582328
53506 -2.7712355
53606 -2.0790868
53706 -1.4791005
53807 -0.87966585
53906 -0.29106426
54007 0.45199728
54107 1.1836486
54208 1.8988585
54307 2.3961434
54408 2.7932038
54508 3.0597591
54608 3.197626
54709 3.3035316
54808 3.361845
54909 3.3581991
55009 3.0303612
55109 2.161425
55209 1.7293181
55309 1.1094866
55410 0.4362688
55510 -0.33664608
55609 -0.98731613
55710 -1.51172
55809 -2.0150542
55910 -2.5318751
56010 -3.0681982
56111 -3.5289035
56211 -3.9443161
56310 -4.1207857
56411 -4.149314
56511 -4.019013
56612 -3.3898418
56712 -2.6119542
56812 -1.7207389
56912 -0.8381777
57012 -0.08325577
57112 0.6979518
57212 1.390245
57313 2.0197039
57413 2.548925
57512 2.9931297
57613 3.2205076
57713 3.349862
57813 3.4291553
57914 3.4177666
58014 3.1759357
58114 2.6660614
58214 1.9612031
58314 1.4263711
58415 0.7256346
58515 0.11124134
58614 -0.51011896
58715 -0.97785425
58816 -1.4261773
58915 -1.9304223
59015 -2.4560714
59115 -2.8919187
59216 -3.131524
59298 -3.2362294
59399 -3.2861123
59498 -3.262523
59598 -2.9462347
59698 -2.302178
59798 -1.5451038
59900 -0.74407625
60001 -0.019656181
60101 0.5822096
60201 1.2881885
60301 1.9122438
60401 2.4701095
60501 2.9363623
60601 3.3187056
60702 3.7264853
60802 3.8112192
60902 3.8404903
61002 3.7934647
61102 3.5265255
61202 2.9168196
61302 2.0133047
61403 1.4547906
61503 0.6178632
61603 -0.2922554
61703 -0.9839592
61803 -1.4267437
61903 -1.7967842
62003 -2.2094092
62103 -2.473125
62204 -2.661228
62304 -2.807828
62404 -3.0272133
62504 -3.215095
62604 -3.2849486
62704 -3.2979836
62805 -2.7635925
62905 -1.7750325
63005 -0.89031935
63105 -0.026267529
63206 0.75023746
63305 1.5630021
63406 2.1925888
63506 2.7942476
63606 3.279028
63706 3.5715199
63807 3.7204103
63906 3.7830029
64008 3.7610645
64108 3.396265
64208 2.7203841
64307 2.086606
64408 1.4560366
64508 0.82595396
64607 0.10981846
64708 -0.5546112
64809 -1.1077366
64909 -1.5353844
65009 -1.9144428
65109 -2.2717042
65209 -2.5601516
65310 -2.8716397
65409 -3.1003203
65509 -3.3625102
65610 -3.6164389
65710 -3.7896671
65810 -3.7790868
65911 -3.370709
66010 -2.5119135
66111 -1.8522921
66210 -1.0881362
66311 -0.4171648
66411 0.25853252
66511 0.9232259
66612 1.615583
66712 2.2554383
66812 2.7049918
66912 3.120367
67012 3.4375935
67113 3.6733875
67213 3.8241272
67312 3.925418
67412 3.9393826
67513 3.7869778
67613 3.1066456
67713 2.323123
67813 1.6182241
67913 0.98559475
68014 0.23558426
68114 -0.3239293
68214 -0.92146444
68314 -1.390068
68415 -1.9200382
68515 -2.4808755
68614 -2.9954915
68715 -3.4314263
68815 -3.6406975
68915 -3.7743058
69016 -3.8412955
69115 -3.8609252
69216 -3.5852745
69298 -2.9645178
69398 -2.0563436
69498 -1.087419
69598 -0.33673382
69933 1.7373633
70034 2.2738905
70116 2.583928
70216 2.962874
70316 3.2074795
70416 3.3674755
70516 3.4624233
70616 3.5074635
70718 3.5377693
70818 3.5334673
70919 3.242693
71019 2.5959487
71119 1.9074707
71219 1.2366076
71319 0.5275841
71419 -0.094376564
71520 -0.79864836
71620 -1.3625112
71720 -1.7917218
71820 -2.2971704
71920 -2.7464516
72020 -3.1230881
72120 -3.4696088
72221 -3.7570698
72321 -3.8434193
72421 -3.8246887
72521 -3.5935545
72621 -3.1081123
72721 -2.323168
72821 -1.5873947
72922 -0.8040366
73022 -0.09320307
73122 0.7019944
73222 1.4294906
73322 2.1805048
73423 2.6387124
73523 3.0470018
73623 3.3691158
73724 3.7440042
73824 4.1513567
73923 4.295641
74024 4.377286
74124 4.327053
74224 3.9909286
74324 3.3689613
74424 2.4862747
74525 1.7909546
74624 1.1854248
74724 0.5573826
74825 -2.6130676E-4
74926 -0.5621195
