85 0.0
185 0.0
285 0.0
386 0.0
486 0.0
586 0.0
686 0.0
786 0.0
886 0.0
987 0.0
1086 0.0
1186 0.0
1289 0.0
1386 0.0
1489 0.0
1589 0.0
1689 0.0
1789 0.0
1889 0.0
1988 0.0
2089 0.0
2189 0.0
2289 0.0
2388 0.0
2488 0.0
2589 0.0
2689 0.0
2923 0.0
3023 0.0
3122 0.0
3223 0.0
3324 0.0
3423 0.0
3524 0.0
3624 0.0
3724 0.0
3825 0.0
3924 0.0
4024 0.0
4125 0.0
4225 0.0
4325 0.0
4426 0.0
4526 0.0
4625 0.0
4725 0.0
4826 0.0
4926 0.0
5026 0.0
5127 0.0
5227 0.0
5327 0.0
5411 0.0
5511 0.0
5611 0.0
5711 0.0
5811 0.0
5911 0.0
6011 0.0
6111 0.0
6212 0.0
6312 0.0
6412 0.0
6512 0.0
6612 0.0
6713 0.0
6812 0.0
6913 0.0
7013 0.0
7113 0.0
7213 0.0
7313 0.0
7414 0.0
7514 0.0
7614 0.0
7714 0.0
7814 0.0
7914 0.0
8014 0.0
8117 0.0
8217 0.0
8317 0.0
8417 0.0
8515 0.0
8615 0.0
8716 0.0
8815 0.0
8916 0.0
9016 0.0
9117 0.0
9216 0.0
9317 0.0
9419 0.0
9519 0.0
9619 0.0
9719 0.0
9819 0.0
9919 0.0
10019 0.0
10119 0.0
10335 0.0
10435 0.0
10536 0.0
10635 0.0
11221 0.0
11321 0.0
11420 0.0
11521 0.0
11621 0.0
11721 0.0
11821 0.0
11923 0.0
12023 0.0
12123 0.0
12223 0.0
12323 0.0
12423 0.0
12522 0.0
12623 0.0
12723 0.0
12823 0.0
12923 0.0
13023 0.0
13123 0.0
13223 0.0
13326 0.0
13426 0.0
13523 0.0
13624 0.0
13724 0.0
13824 0.0
13925 0.0
14024 0.0
14125 0.0
14225 0.0
14326 0.0
14426 0.0
14525 0.0
14625 0.0
14726 0.0
14827 0.0
14926 0.0
15027 0.0
15127 0.0
15227 0.0
15326 0.0
15427 0.0
15528 0.0
15628 0.0
15728 0.0
15828 0.0
15928 0.0
16028 0.0
16128 0.0
16229 0.0
16328 0.0
16428 0.0
16529 0.0
16629 0.0
16729 0.0
16830 0.0
16930 0.0
17030 0.0
17131 0.0
17230 0.0
17331 0.0
17430 0.0
17531 0.0
17631 0.0
17715 0.0
17815 0.0
17915 0.0
18015 0.0
18115 0.0
18215 0.0
18316 0.0
18416 0.0
18515 0.0
18616 0.0
18716 0.0
18816 0.0
18916 0.0
19017 0.0
19116 0.0
19217 0.0
19317 0.0
19417 0.0
19517 0.0
19618 0.0
19718 0.0
19818 0.0
19918 0.0
20018 0.0
20118 0.0
20218 0.0
20319 0.0
20421 0.0
20522 0.0
20619 0.0
20719 0.0
20822 0.0
20922 0.0
21022 0.0
21122 0.0
21454 0.0
21755 0.0
21855 0.0
21955 0.0
22055 0.0
22155 0.0
22256 0.0
22355 0.0
22456 0.0
22556 0.0
22656 0.0
22756 0.0
22856 0.0
22956 0.0
23057 0.0
23156 0.0
23257 0.0
23358 0.0
23457 0.0
23558 0.0
23658 0.0
23759 0.0
23860 0.0
23960 0.0
24059 0.0
24159 0.0
24259 0.0
24359 0.0
24459 0.0
24559 0.0
24660 0.0
24760 0.0
24860 0.0
24961 0.0
25061 0.0
25162 0.0
25261 0.0
25361 0.0
25461 0.0
25562 0.0
25662 0.0
25761 0.0
25862 0.0
25962 0.0
26062 0.0
26146 0.0
26247 0.0
26346 0.0
26446 0.0
26546 0.0
26646 0.0
26746 0.0
26846 0.0
26947 0.0
27047 0.0
27147 0.0
27247 0.0
27347 0.0
27448 0.0
27548 0.0
27648 0.0
27748 0.0
27848 0.0
27948 0.0
28049 0.0
28149 0.0
28249 0.0
28349 0.0
28449 0.0
28549 0.0
28649 0.0
28753 0.0
28850 0.0
28950 0.0
29053 0.0
29150 0.0
29253 0.0
29352 0.0
29451 0.0
29551 0.0
29652 0.0
29751 0.0
29852 0.0
29952 0.0
30051 0.0
30152 0.0
30252 0.0
30353 0.0
30452 0.0
30553 0.0
30656 0.0
30755 0.0
30855 0.0
30955 0.0
31055 0.0
31155 0.0
31255 0.0
31354 0.0
31454 0.0
31554 0.0
31655 0.0
31755 0.0
31858 0.0
31955 0.0
32058 0.0
32156 0.0
32255 0.0
32358 0.0
32455 0.0
32556 0.0
32657 0.0
32756 0.0
32856 0.0
32958 0.0
33057 0.0
33157 0.0
33257 0.0
33358 0.0
33458 0.0
33558 0.0
33658 0.0
33758 0.0
33858 0.0
33959 0.0
34059 0.0
34159 0.0
34259 0.0
34359 0.0
34460 0.0
34560 0.0
34660 0.0
34759 0.0
34862 0.0
34962 0.0
35061 0.0
35161 0.0
35262 0.0
35360 0.0
35462 0.0
35561 0.0
35662 0.0
35762 0.0
35862 0.0
35946 0.0
36046 0.0
36146 0.0
36247 0.0
36346 0.0
36446 0.0
36546 0.0
36646 0.0
36747 0.0
36847 0.0
36947 0.0
37048 0.0
37147 0.0
37248 0.0
37348 0.0
37448 0.0
37548 0.0
37648 0.0
37748 0.29625368
37848 -0.8308792
37948 -1.6079173
38049 0.0
38149 0.0
38250 0.0
38349 0.0
38449 0.0
38550 0.0
38652 0.0
38750 0.0
38850 0.0
38950 0.0
39050 0.0
39151 0.0
39251 0.0
39351 0.0
39452 0.0
39553 0.0
39653 0.0
39752 0.0
39852 0.0
39952 0.0
40052 0.0
40152 0.0
40252 0.0
40353 0.0
40453 0.0
40553 0.0
40653 0.27371597
40754 0.0
40854 0.7198453
40954 0.32255268
41054 -0.6710987
41154 -1.4513702
41421 -1.1682115
41522 -0.3494482
41621 0.83197117
41722 1.2982783
41822 1.307323
41922 0.466774
42022 -1.5288551
42122 -2.9568248
42222 -4.367549
42322 -4.963306
42423 -4.791124
42524 -4.759765
42625 -4.169996
42725 -1.9470942
42824 0.13474989
42924 1.3341312
43023 2.02136
43124 2.2451224
43224 2.85184
43324 2.5140533
43425 1.7668495
43525 0.41154337
43625 -0.02059555
43709 -0.518877
43809 -0.34078693
43909 0.08196497
44026 1.025856
44109 1.8611045
44209 2.134706
44309 0.0
44409 0.0
44510 0.0
44610 0.0
44710 0.0
44810 0.0
44910 0.0
45010 0.0
45111 0.0
45211 0.0
45311 0.0
45411 0.0
45511 0.0
45612 0.0
45712 0.0
45812 0.0
45912 0.0
46012 0.0
46113 -2.6996064
46215 -1.6009395
46315 0.12048006
46415 1.1201234
46513 1.7236834
46613 1.952054
46847 1.665587
46947 0.36825943
47047 -0.6642418
47147 -1.2326419
47248 -0.41668272
47349 1.144206
47449 0.9720831
47548 0.93083096
47648 0.0
47749 0.0
47849 0.0
47949 0.0
48049 0.0
48149 0.0
48250 0.0
48350 0.0
48450 0.0
48550 0.0
48651 0.0
48751 0.0
48850 0.0
48950 0.0
49051 0.0
49151 0.0
49251 0.0
49352 0.0
49453 0.0
49552 0.0
49652 0.0
49752 0.0
49852 0.0
49952 0.0
50052 0.0
50152 0.0
50253 0.0
50354 0.0
50453 0.0
50553 0.0
50653 0.0
50753 0.0
50854 0.0
50954 0.0
51054 0.0
51154 0.0
51254 0.0
51355 0.0
51455 0.0
51555 0.0
51655 0.0
51739 0.0
51839 0.0
51939 0.0
52039 0.0
52139 0.0
52239 0.0
52340 0.0
52440 0.0
52540 0.0
52640 0.0
52757 0.0
52844 0.0
52942 0.0
53042 0.0
53145 0.0
53243 0.0
53343 0.0
53444 0.0
53544 0.0
53644 0.0
53743 0.0
53843 0.0
53944 0.0
54044 0.0
54144 0.0
54247 0.0
54347 0.0
54446 0.0
54547 0.0
54645 0.0
54746 0.0
54861 0.0
54946 0.0
55046 0.0
55146 0.0
55247 0.0
55347 0.0
55446 0.0
55546 0.0
55646 0.0
55747 0.0
55847 0.0
55963 0.0
56048 0.0
56163 0.0
56264 0.0
56348 0.0
56465 0.0
56565 0.0
56647 0.0
56747 0.0
56847 0.0
56947 0.0
57047 0.0
57148 3.4560452
57248 3.7200823
57348 3.705885
57448 2.4417624
57549 1.0846529
57649 -0.46542597
57749 0.0
57849 0.0
57949 0.0
58049 0.0
58149 0.0
58250 0.0
58350 0.0
58450 0.0
58551 0.0
58651 0.0
58751 0.0
58851 0.0
58951 0.0
59051 0.0
59151 0.0
59251 0.0
59351 0.0
59451 0.0
59552 3.7775736
59653 3.7582245
59754 3.7373142
59853 3.7369175
59953 3.7369318
60053 3.7237015
60153 3.6994047
60253 3.6383152
60353 2.4558153
60453 0.13933945
60553 -2.023002
60653 -3.6416929
60754 -3.6459935
60854 -2.803751
60954 -1.0870602
61054 0.19485569
61155 1.3143129
61254 1.8094239
61354 1.8127098
61455 1.1649122
61555 0.10470629
61655 -1.4126744
61756 -2.5296848
61856 -3.0349329
61940 -3.1202483
62056 -2.77278
62140 -1.5920119
62240 0.12160778
62340 1.5882988
62440 2.5249662
62540 3.5232668
62640 3.5085068
62741 1.907342
62841 0.8204236
62941 -0.65623045
63041 -1.7250164
63141 -2.087616
63241 -2.0595984
63341 -1.4294693
63442 -0.104626656
63542 1.042295
63642 1.9931269
63742 2.6142373
63842 2.61209
63942 1.9504423
64043 0.65544844
64143 -0.39526606
64243 -1.2654259
64343 -1.9227016
64443 -2.1071124
64543 -1.9786279
64643 -1.1309638
64746 0.44812822
64846 1.6922364
64946 2.5409975
65045 2.9389548
65146 2.8207917
65245 2.1123343
65346 1.0265417
65445 -0.028711319
65545 -0.7169409
65645 -0.9540186
65748 -0.8848219
65846 -0.26274157
65948 0.7937412
66048 1.7770643
66147 2.5929308
66248 2.9448004
66348 2.9106483
66447 2.2086067
66547 1.1064692
66647 -0.020939827
66747 -0.9754348
66848 -1.6236603
66948 -1.7677627
67048 -1.542953
67148 -0.55982924
67248 0.93656206
67348 1.9366541
67451 2.6696138
67551 2.8780618
67649 2.6371803
67748 1.5212288
67851 0.35330582
67951 -0.7419524
68051 -1.4823227
68150 -1.8463459
68251 -1.8747244
68351 -1.3185
68450 -0.219625
68551 1.0948205
68868 2.3496943
68968 1.73313
69068 0.6910014
69168 -0.33341742
69268 -1.2191422
69368 -1.7800598
69468 -1.8981881
69569 -1.5972779
69669 -0.63324165
69769 0.9385214
69869 2.0062194
69969 2.7831254
70069 2.9246264
70170 2.4658828
70270 1.4863176
70370 0.46960735
70470 -0.58235025
70571 -1.3722172
70672 -1.649404
70772 -1.6508598
70872 -1.2178879
70971 0.0046753883
71071 1.1730828
71172 2.0761385
71272 2.7717056
71372 3.0046759
71472 2.88546
71556 2.3127785
71656 1.1066217
71756 -0.08473444
71856 -1.1395802
71956 -1.852819
72056 -2.189035
72156 -2.1430726
72256 -1.3818054
72357 -0.15455341
72457 0.99393415
72557 1.9053469
72657 2.524722
72757 2.708333
72858 2.5745163
72958 1.8267808
73058 0.49890995
73158 -0.41596746
73258 -1.2819176
73358 -1.8128352
73459 -1.9638114
73559 -1.7996323
73659 -1.1964481
73758 -0.018624306
73859 1.1004953
73959 1.7983942
74059 2.189334
74162 2.284706
74262 1.971736
74362 1.0631676
74460 0.0633502
74561 -0.90843534
74661 -1.5974433
74761 -1.8852181
74861 -1.7653363
74961 -1.2310016
9 -1.1946788
110 -1.0964866
210 -1.0344067
309 -0.9978466
410 -0.7781782
510 -0.53989077
610 -0.4247303
710 -0.3515463
811 -0.27253866
910 -0.2393465
1010 -0.21781206
1111 -0.21470404
1211 -0.21232796
1314 -0.19950771
1411 -0.18821573
1514 -0.18558025
1614 -0.17703915
1714 -0.16409016
1814 -0.15392208
1914 -0.14248085
2014 -0.12983799
2113 -0.11654234
2214 -0.107319355
2314 -0.10636234
2413 -0.106153965
2514 -0.10517073
2614 -0.10207224
2714 -0.1010046
2813 -0.09580088
2914 -0.08801174
3014 -0.077456
3115 -0.06912565
3214 -0.06708431
3315 -0.06400967
3415 -0.054421425
3516 -0.042004585
3617 -0.036851883
3716 -0.033195496
3816 -0.029240608
3916 -0.028603554
4016 -0.021962643
4116 -0.020328522
4216 -0.019789696
4317 -0.015168667
4416 0.0042099953
4517 0.03413868
4617 0.05304861
4717 0.062130928
4817 0.069282055
4918 0.07091522
5018 0.07105732
5118 0.07174778
5219 0.07245588
5318 0.07384205
5418 0.076283455
5518 0.078915596
5619 0.09061813
5703 0.09606457
5803 0.100286484
5903 0.10394192
6003 0.10515499
6103 0.1052084
6203 0.10538721
6303 0.10551453
6403 0.10564184
6504 0.10574579
6604 0.10577488
6704 0.10593891
6804 0.106012344
6904 0.10602236
7004 0.106113434
7105 0.10622454
7205 0.10626507
7305 0.106312275
7405 0.106552124
7505 0.106948376
7605 0.10818243
7706 0.10879421
7805 0.057957172
7906 -0.43700266
8006 -1.1556847
8106 -1.6206441
8206 -1.9581976
8306 -2.2686534
8409 -2.2355726
8509 -1.581058
8609 -0.2368021
8709 0.84570694
8809 1.7124987
8909 2.4793549
9008 2.6434107
9108 2.3617659
9209 1.4358811
9308 0.5938368
9409 -0.16086721
9509 -0.8546405
9611 -1.2840049
9711 -1.4078114
9811 -1.3533313
9909 -0.77261066
10011 0.40419674
10111 1.3426642
10211 1.94205
10311 2.67705
10410 2.7051606
10511 2.4193916
10611 1.3832445
10711 0.5470953
10811 -0.22332287
10911 -0.8725872
11011 -1.3768024
11111 -1.7144387
11214 -1.8702352
11314 -1.7757709
11412 -1.0242317
11512 -0.11461353
11612 0.70513296
11712 1.3342047
11813 1.6977434
11912 1.9035187
12013 1.8082876
12113 1.373127
12214 0.6030493
12313 -0.23171091
12414 -0.9292364
12514 -1.5148664
12614 -1.8905554
12931 -1.129767
13031 -0.109559536
13132 0.77983
13232 1.3382025
13333 1.7104406
13433 1.8271742
13532 1.8199587
13632 1.6551323
13732 0.82734346
13833 -0.030108452
13933 -0.675529
14033 -1.2240233
14133 -1.5624516
14233 -1.6663055
14334 -1.6194363
14434 -0.95720434
14534 0.046120644
14634 0.89140224
14734 1.5538282
14834 1.9719648
14934 2.1124792
15037 2.033867
15135 1.6436529
15235 0.851419
15335 -0.0656476
15435 -0.9397168
15535 -1.5330997
15636 -1.8999832
15735 -1.945528
15838 -1.7429919
15936 -1.1852531
16036 -0.45431757
16136 -0.09214926
16237 0.3085389
16337 1.0669374
16437 1.7130485
16538 2.120452
16637 2.2522097
16737 2.3461084
16838 2.119567
16940 1.7150297
17040 0.8694267
17138 0.07455349
17238 -0.8002658
17338 -1.5478795
17439 -2.372046
17539 -2.8456933
17639 -2.952516
17739 -3.010655
17839 -2.9291368
17940 -2.163444
18039 -1.3402035
18140 -0.365201
18241 0.44745255
18341 1.2009544
18440 1.7100649
18541 1.9210496
18641 1.9581175
18741 1.8995581
18841 1.720253
18941 1.2271547
19042 0.4373808
19142 -0.17121506
19242 -0.7751045
19342 -1.235147
19426 -1.4687176
19543 -1.8144183
19626 -2.0155585
19726 -2.1784687
19826 -2.2376943
19926 -2.1938853
20026 -1.8746195
20126 -1.2902443
20227 -0.61227465
20327 0.23162222
20427 0.95689535
20528 1.4448419
20627 1.819696
20727 1.9090681
20828 1.9148498
20928 1.843236
21029 1.0652022
21128 0.04328108
21228 -0.93694353
21329 -1.5583344
21429 -1.9467511
21529 -2.1074252
21629 -2.1302404
21729 -2.1095202
21829 -1.9828641
21930 -1.2872651
22030 -0.21911526
22130 0.5329466
22230 1.1236658
22330 1.6200094
22433 1.7913399
22533 1.7962332
22630 1.4891572
22730 0.69959116
22833 -0.060767174
22933 -0.5941138
23033 -0.9626665
23133 -1.1358662
23233 -1.1731644
23332 -1.112205
23432 -0.787467
23532 -0.06491518
23635 0.54379654
23735 1.0961819
23835 1.4671998
23933 1.7061524
24035 1.881166
24135 1.9463334
24235 1.8908529
24335 0.89668083
24434 -0.16252422
24534 -0.7900171
24634 -1.1889675
24735 -1.4849365
24835 -1.6477656
24935 -1.7044816
25034 -1.3197773
25135 -0.050158024
25238 1.0478845
25335 1.9019737
25438 2.3988953
25538 2.7674356
25638 2.9058104
25738 2.8873277
25838 2.5410995
25938 1.379425
26038 0.16784763
26137 -0.89953375
26237 -1.453579
26338 -1.9175937
26437 -2.4717007
26537 -2.6143901
26638 -2.5309963
26738 -1.8622196
26838 -0.9786968
26938 -0.13211632
27038 0.5041194
27138 1.2189484
27238 1.8892355
27339 2.3237038
27439 2.5276055
27539 2.642034
27639 2.4825692
27739 1.4161339
27840 0.5452657
27940 -0.015797615
28040 -0.42688847
28141 -0.9194093
28240 -1.2768097
28340 -1.5714054
28441 -1.7837639
28541 -1.8946886
28641 -1.3819325
28741 -0.35628366
28841 0.5607176
28943 1.1989741
29042 1.6849775
29142 2.0445838
29241 2.181141
29326 2.1676345
29426 1.9774523
29526 1.1484265
29626 0.03514576
29726 -0.97702885
29825 -1.8360286
29927 -2.4777114
30027 -2.7692657
30127 -2.8426182
30227 -2.6580126
30327 -1.7441757
30427 -0.55287457
30527 0.5936041
30627 1.5835824
30727 2.46028
30828 2.8723764
30928 3.0027924
31028 2.99971
31128 2.787272
31229 2.337813
31329 1.3106112
31429 0.36363888
31529 -0.3655758
31629 -0.94916296
31730 -1.3877416
31830 -1.5317512
31930 -1.5113366
32030 -1.1383786
32130 -0.058806896
32233 0.99958897
32333 1.7723861
32430 2.3918886
32533 2.8056893
32633 2.831914
32733 2.6730814
32833 2.0795755
32932 1.0064664
33032 0.055803776
33132 -0.77063656
33232 -1.3847694
33332 -1.869535
33432 -2.1147227
33532 -1.9566016
33633 -1.3094363
33733 -0.1516943
33833 0.93483067
33933 1.8804512
34033 2.9899282
34134 3.6659603
34233 4.043766
34333 4.0837526
34434 3.9413433
34534 3.1937904
34634 2.025434
34735 0.98180676
34835 0.010941505
34938 -0.85585785
35038 -1.453151
35138 -1.7483029
35238 -1.8193984
35338 -1.6984375
35436 -1.3130603
35536 -0.21593761
35636 0.65291595
35736 1.3348017
35836 1.7137537
35936 1.9660568
36038 2.1222572
36138 2.086248
36237 1.555387
36337 0.64416265
36438 -0.16118908
36538 -1.040448
36638 -1.6956623
36738 -1.9695399
36838 -2.025104
36939 -1.948823
37039 -1.5426955
37139 -0.29964542
37239 0.6994562
37339 1.4985352
37439 2.3586984
37540 2.890378
37640 3.0403566
37740 3.0680103
37840 2.8128142
37940 1.8268762
38040 0.6215372
38140 -0.48424435
38240 -1.526685
38557 -2.6666005
38659 -2.412431
38759 -1.648552
38858 -0.8777642
38958 0.19285393
39058 1.0779924
39159 1.8459711
39259 2.451323
39359 3.073309
39460 3.1531239
39563 2.9975724
39660 2.3381867
39760 1.382535
39860 0.52716875
39962 -0.23458385
40061 -1.2174778
40161 -2.0302598
40261 -2.4782054
40361 -2.7264042
40461 -2.6070666
40561 -2.0565524
40661 -1.1082797
40761 0.018769264
40862 1.0520678
40962 1.907351
41062 2.618888
41163 3.0809336
41263 3.1882591
41362 3.030921
41462 2.1816826
41563 0.7345762
41663 -0.4633608
41747 -1.247464
41847 -2.0986817
41947 -2.6599085
42047 -2.8441758
42147 -2.582241
42247 -1.8708463
42347 -0.63260365
42448 0.35590458
42547 1.1878891
42648 1.9662461
42748 2.4811034
42848 2.7277327
42948 2.7602859
43048 2.5188704
43148 1.8890281
43249 0.93098116
43349 0.12476683
43450 -0.665452
43549 -1.4339032
43650 -2.1200266
43750 -2.4342446
43850 -2.422765
43950 -1.922992
44050 -0.80837536
44151 0.4015131
44250 1.4020433
44351 2.2937598
44451 2.8963432
44554 3.1592855
44654 3.0066357
44754 2.2112532
44854 0.6639123
44954 -0.52575874
45054 -1.4316604
45152 -2.1457334
45252 -2.3834207
45353 -2.2284331
45456 -1.1907258
45556 0.1420145
45655 1.1460142
45752 1.8321991
45856 2.237918
45955 2.2934103
46055 1.9052153
46155 1.21697
46255 0.5658088
46355 -0.03101921
46454 -0.4930706
46555 -1.0039661
46655 -1.4685695
46755 -1.7465148
46855 -1.78349
46955 -1.3793042
47055 -0.4343176
47158 0.47945118
47255 1.0762191
47356 1.6519403
47456 2.0665917
47556 2.1663299
47656 2.079019
47757 1.4269233
47857 0.4556718
47957 -0.2988987
48057 -1.0435328
48157 -1.6141667
48258 -1.8045962
48357 -1.6975913
48458 -1.2852504
48558 -0.8108854
48658 -0.20117426
48758 0.5269289
48858 1.2505064
48959 1.7981195
49058 2.0663595
49159 2.0996056
49259 1.7669115
49359 0.89381695
49459 0.0040488243
49559 -0.9187074
49660 -1.8285253
49760 -2.1482446
49860 -2.2271066
49960 -2.085319
50061 -1.4800143
50160 -0.6950674
50261 -0.027034283
50361 0.5306487
50462 1.1066942
50562 1.5709429
50663 1.8553934
50762 2.0228333
50862 1.9889717
50962 1.6128778
51062 0.57934666
51162 -0.47945118
51263 -1.3503749
51363 -1.8939052
51463 -2.049639
51547 -1.9324563
51647 -1.3305345
51747 -0.5371189
51847 0.12191868
51947 0.70065403
52047 1.1953344
52147 1.6499052
52247 2.035695
52348 2.1369567
52448 2.1426024
52548 2.0114427
52648 1.3897991
52748 0.40133762
52849 -0.46273088
52949 -1.1551018
53049 -1.7506135
53149 -2.0438914
53249 -2.0965087
53350 -1.8427589
53450 -1.0293846
53549 -0.09902382
53649 0.8956113
53750 1.7811251
53850 2.3706589
53950 2.7119637
54050 2.7569542
54153 2.743846
54253 2.6100364
54353 1.9884262
54451 0.78504896
54551 -0.19291973
54652 -1.280349
54752 -2.0226161
54852 -2.3235593
54952 -2.2716436
55052 -1.7328942
55153 -0.66473675
55252 0.32290554
55355 1.1748018
55455 1.8727369
55555 2.3686967
55655 2.506218
55755 2.5374575
55855 2.4544106
55955 2.032013
56055 1.1185827
56155 0.12859058
56255 -0.74003696
56355 -1.4478745
56455 -1.7629628
56555 -1.9066901
56658 -1.6558852
56755 -0.86796474
56856 0.11438084
56955 0.9421587
57058 1.8171148
57158 2.3423376
57258 2.730493
57358 2.923503
57456 2.938057
57556 2.8180933
57659 2.2235093
57757 1.0750422
57857 0.16685581
57957 -0.65789413
58057 -1.3197498
58157 -1.5496166
58258 -1.523484
58358 -1.1963551
58458 -0.55557585
58558 0.43694496
58658 1.2912402
58759 1.8849411
58859 2.2755394
58960 1.7357955
59059 1.6161933
59159 1.5391808
59260 0.8246975
59360 -0.4515648
59460 -1.7613587
59562 -2.9434137
59661 -3.4379826
59760 -3.8458135
59860 -3.5215335
59960 -2.914598
60060 -2.1118073
60162 -1.2265136
60261 -0.04085207
60361 0.7541013
60462 1.5439706
60561 1.764224
60662 1.7129183
60762 1.5142236
60862 1.1047335
60962 0.3823681
61062 -0.82393456
61163 -1.9347386
61263 -2.6450355
61364 -2.7680018
61464 -2.7500339
61547 -2.5818462
61647 -1.9663615
61747 -0.81449986
61846 -0.23936033
61947 0.051170826
62047 0.079146385
62148 0.09866953
62248 0.11366415
62348 0.027046204
62448 -0.85698986
62548 -2.324136
62648 -3.2933822
62749 -3.9622445
62849 -4.1570277
62949 -4.1306744
63049 -3.7005196
63149 -2.2444577
63249 -0.834115
63350 0.38684416
63450 2.225253
63550 3.272646
63651 3.4613638
63751 3.3047848
63850 2.670539
63953 1.5014391
64053 0.59671926
64153 -0.1206007
64253 -0.5524454
64353 -0.9349942
64451 -1.0150261
64551 -1.0137265
64651 -0.7963462
64753 -0.31205273
64853 0.271585
64953 1.0869918
65052 1.9413652
65155 2.5599837
65255 2.9133253
65355 2.9612265
65453 2.7646322
65553 1.673326
65654 0.5859828
65754 -0.33953428
65854 -1.0803177
65954 -1.4758897
66054 -1.6007419
66154 -1.5183575
66255 -1.01209
66354 -0.31055498
66454 0.6839819
66555 1.7887473
66655 2.438923
66755 2.8034887
66858 2.863801
66958 2.6822386
67058 1.6692352
67158 0.24111652
67258 -0.8011198
67358 -1.5018806
67457 -1.9551921
67557 -1.9235551
67657 -1.6120181
67757 -0.78820705
67857 0.1496706
67957 1.2345333
68058 2.1753435
68157 3.084093
68258 3.4102116
68359 3.4310465
68460 3.1985302
68559 2.0111399
68659 0.73429203
68758 -0.42351294
68859 -1.3943763
68959 -2.039702
69059 -2.1938884
69159 -1.9375598
69259 -1.4167385
69359 -0.19304085
69460 0.9638529
69560 2.100638
69660 3.067422
69761 3.5589914
69861 3.6459942
69960 3.5945168
70061 3.273714
70161 1.8667021
70261 0.32138395
70361 -1.1972439
70461 -2.0943916
70562 -2.3295016
70662 -2.1148753
70762 -1.2409031
70863 -0.109181404
70963 1.2055006
71063 2.6282015
71164 3.619893
71247 4.055875
71347 4.2114544
71447 3.894699
71547 2.97856
71647 2.4331312
71747 1.9440832
71847 1.4304914
71948 0.1454382
72048 -1.4680614
72148 -2.5206468
72248 -2.3038425
72348 -1.9395261
72448 -0.50461435
72548 0.94652843
72648 2.7027636
72749 3.5980587
72849 3.8428917
72949 3.833393
73049 3.4298916
73149 2.8575773
73250 1.6759553
73350 0.020198822
73450 -1.5044847
73550 -3.289407
73650 -4.070256
73750 -3.4068365
73850 -3.0963962
73953 -1.7551517
74051 -0.07625389
74153 1.0903192
74253 2.218535
74353 2.5199213
74452 2.5587068
74552 2.549993
74652 2.384406
74752 1.5367699
74852 0.5909848
74955 -1.3916733
