5 1.8731017
106 1.8825712
206 1.8842478
306 1.8485641
406 1.7827477
489 1.7237282
589 1.6627359
689 1.5985465
789 1.5703673
889 1.5615492
989 1.5614662
1089 1.5687613
1190 1.5861983
1290 1.6021295
1391 1.6103377
1491 1.6155748
1591 1.6208215
1692 1.620842
1991 1.4835753
2091 1.5242615
2192 1.6622543
2291 1.6939025
2392 1.7410288
2492 1.7591934
2592 1.7592688
2693 1.7594819
2793 1.7586479
2894 1.7579818
2993 1.7706008
3094 1.8372164
3194 1.8429804
3293 1.288526
3394 0.08230305
3495 -0.42516613
3728 0.14225674
3829 1.0654092
3929 1.7865791
4028 2.0851378
4128 2.2013502
4228 2.1380706
4328 1.65483
4429 0.9645014
4530 0.30987644
4629 -0.15415859
4730 -0.25917387
4830 -0.20872593
4929 0.1192708
5029 0.822361
5130 1.3485899
5363 1.6595764
5463 1.9609718
5563 1.0305352
5663 0.3366928
5764 0.2551098
5864 0.48528576
5964 0.007716179
6065 -0.83411074
6399 0.23274088
6499 1.08357
6599 1.7532988
6699 2.3642745
6799 2.6181283
6899 2.6551676
7000 2.4711838
7100 1.8182287
7417 0.04692936
7518 0.028932571
7618 0.2470026
7718 0.5976114
8035 2.2024584
8135 2.311535
8235 2.278769
8335 1.8952355
8435 1.0707083
8535 0.29684925
8635 -0.08909273
8736 -0.3000822
8836 -0.34110785
8936 -0.15409374
9036 0.22451496
9136 0.8805213
9236 1.4918122
9337 1.7040339
9437 1.946845
9537 1.7378273
9638 0.7316189
9738 -0.31296635
9837 -1.1630294
10088 -0.954216
10188 0.44307947
10289 1.2099204
10388 2.1471696
10488 2.592782
10588 2.630343
10689 1.7521448
10789 0.35283422
10889 -1.249073
10989 -1.910083
11090 -1.8058448
11190 -1.4888496
11289 -0.10455322
11390 1.1599531
11490 2.0385995
11573 2.3258276
11673 2.2572088
11773 1.5657005
11873 0.68380594
11973 -0.4640479
12073 -1.3149891
12173 -1.483419
12274 -1.4155152
12374 -0.7434659
12475 0.167315
12575 0.8745427
12676 1.6139793
12775 1.9227333
12875 1.849031
12976 1.1108065
13075 0.44430542
13176 -0.30486298
13276 -0.78350735
13376 -0.94492006
13476 -0.61932325
13576 -0.026215076
13677 0.43438148
13777 0.96978426
13877 1.2559371
13977 1.3307981
14077 0.92124844
14177 0.3867488
14277 -0.22758484
14377 -1.0967793
14478 -1.3233452
14579 -1.2496738
14678 -0.70267296
14779 0.02517414
14879 0.6891918
14979 1.1377926
15080 1.3634458
15179 1.3877592
15279 1.1690583
15379 0.3299594
15479 -0.32831097
15714 -0.8542218
15814 -0.82253885
15914 -0.5907645
16014 0.03928423
16114 0.89703465
16431 1.9066648
16532 1.6105204
16632 1.033742
16731 0.13238716
16832 -0.29807043
16932 -0.64206886
17032 -0.7595954
17133 -0.7448368
17232 -0.5625429
17333 -0.07329273
17433 0.78472996
17533 1.5846701
17633 2.0210176
17734 2.1242318
17833 2.0722923
17934 1.7506256
18034 1.0012121
18134 0.15197945
18234 -0.4951067
18334 -0.7035608
18434 -0.88514996
18534 -0.87118006
18635 -0.64348364
18735 0.10535431
18835 1.0695925
18935 1.8693795
19035 2.0764818
19135 2.0380907
19236 1.514524
19336 0.81094646
19436 0.0031394958
19536 -0.52334166
19820 -1.1587493
19920 -0.89783
20220 1.3605762
20321 2.0001044
20421 1.943788
20521 1.978836
20621 1.7273345
20721 1.0069013
20821 0.6760931
20922 -0.290689
21021 -0.64952993
21122 -1.0836902
21222 -1.3695686
21322 -1.4582939
21422 -1.4835339
21522 -1.4719577
21622 -1.2074554
21723 -0.54659224
21822 0.06940079
21923 0.7473421
22023 0.9203739
22123 1.1066308
22224 1.2831697
22324 1.3152857
22424 1.2635984
22524 0.9066725
22625 -0.08877373
22725 -0.9996557
22992 -1.7938638
23092 -1.542768
23192 -0.8463712
23291 -0.057807446
23591 1.9015379
23691 1.9949656
23792 1.8296728
23892 1.1422029
24010 0.15153027
24093 -0.39998674
24193 -1.3156044
24293 -1.84968
24393 -2.0276685
24493 -2.0147574
24594 -1.5495172
24694 -0.64593697
24794 0.20029354
24894 1.0611506
24994 1.7585306
25095 2.0346131
25195 2.0397024
25295 1.5459557
25546 -0.40365267
25645 -1.0953526
25745 -1.7784085
25846 -1.9199646
25945 -1.8630357
26046 -1.320411
26146 -0.17324209
26247 0.78866434
26346 1.4276571
26446 2.1348982
26547 2.3232107
26647 2.3313498
26748 2.0864496
26848 1.071969
27081 -1.006438
27182 -1.6586952
27282 -1.9232593
27382 -1.9107189
27482 -1.6656883
27582 -0.8618436
27682 -0.012742519
27782 0.85192347
27882 1.2924261
27983 1.9194641
28082 1.8303719
28183 1.8708091
28283 1.4071145
28383 0.94298077
28483 0.056227684
28583 -0.6911707
28684 -1.4766479
28784 -2.0590088
28883 -2.2618592
29135 -1.8074021
29235 -0.8014307
29334 0.11170721
29435 0.8835459
29535 1.1995635
29635 1.8335199
29735 1.7745919
30052 -0.38196278
30153 -1.150661
30253 -1.9045539
30353 -2.2699823
30453 -2.3366032
30553 -2.2088654
30654 -1.690165
30753 -0.73335123
30854 0.1686964
30953 0.89700603
31053 1.5006037
31154 1.9168816
31254 2.002267
31354 2.0818582
31455 2.0082946
31555 1.5312166
31655 0.84984016
31755 -0.100112915
31855 -0.84167004
31956 -1.6530259
32055 -2.244717
32155 -2.4421704
32257 -2.4133763
32356 -2.034966
32439 -1.212192
32539 -0.36962652
32639 0.2900877
32739 0.9725275
32839 1.3093352
32939 2.0029182
33039 2.1159196
33140 1.9826493
33240 1.0850301
33342 -0.33689737
33441 -1.5290475
33541 -2.315526
33641 -2.5984387
33741 -2.5768602
33842 -2.2229016
33942 -1.1561711
34042 -0.09692669
34142 0.8184881
34242 1.5053725
34342 1.9594293
34443 2.027926
34542 1.9798508
34643 1.8660631
34743 0.8134999
34843 -0.18618155
34943 -0.86513233
35043 -1.5921807
35143 -2.3616445
35243 -2.6948328
35345 -2.7904613
35444 -2.5633905
35544 -1.9254706
35645 -0.86749315
35744 -0.011099815
35844 0.8104377
35944 1.5947046
36045 2.2407408
36145 2.511447
36246 2.539482
36345 2.2261138
36445 1.2119093
36546 0.46136189
36646 -0.29753017
36747 -0.8836012
36846 -1.5370433
36946 -2.000723
37046 -2.1784544
37147 -2.1912532
37246 -1.9243665
37348 -1.0718589
37448 -0.29918385
37547 0.32966328
37648 1.0687566
37748 1.7796578
37848 2.097351
37948 2.1278024
38049 2.0236578
38148 1.3521338
38450 -0.5682993
38549 -0.8855581
38649 -1.4101257
38749 -1.6649518
38849 -1.7579162
38949 -1.7554405
39049 -1.4210486
39150 -0.74136686
39250 -0.11392164
39351 0.3423872
39450 1.1254025
39550 1.7467141
39650 1.9888177
39750 2.0165567
39852 1.9713898
39951 1.626956
40051 1.1162329
40152 0.6589813
40251 -0.17205381
40352 -0.6952772
40452 -1.0041981
40553 -1.4052463
40652 -1.6677017
40753 -1.7210975
40852 -1.6604583
40953 -1.0786865
41053 -0.33911133
41319 1.4391723
41621 2.053594
41854 0.8721304
41954 0.039320946
42054 -0.57320833
42154 -0.9775386
42255 -1.2253792
42355 -1.3115013
42455 -1.3562138
42556 -1.3062377
42656 -1.0860138
42756 -0.5071707
42856 0.20219374
42955 1.0169897
43056 1.7566042
43156 2.2395945
43256 2.4498992
43356 2.5819054
43456 2.5358286
43556 2.2278109
43657 1.1626458
43757 0.42282867
43857 -0.1846056
43957 -0.6077938
44057 -1.0267754
44157 -1.272697
44257 -1.4558549
44359 -1.3667712
44458 -1.0035179
44558 -0.23001575
44658 0.558692
44759 0.97384024
44859 1.6817846
44959 1.8880949
45059 1.8512192
45160 1.8533974
45259 1.696795
45359 0.7996516
45460 -0.15988874
45710 -1.7240937
45810 -2.0940251
45910 -2.1798086
46010 -2.1870167
46111 -2.212401
46211 -2.0931494
46311 -0.89148426
46411 0.16641378
46511 1.4106956
46611 1.7302847
46711 2.076262
46812 2.1121507
46912 2.0401144
47012 1.3721552
47112 0.80758715
47213 0.274374
47312 -0.47769737
47413 -1.2020187
47513 -1.6029878
47613 -1.6284223
47713 -1.4555085
47814 -0.9676461
47914 -0.2377572
48014 0.5453086
48114 1.3726044
48214 1.8546944
48314 2.1526823
48415 2.2372942
48514 2.1538787
48614 1.7231612
48715 0.9142747
48815 -0.25333595
48916 -1.0229526
49015 -1.5492101
49115 -1.8492186
49216 -1.790617
49316 -1.5798383
49417 -0.9659524
49516 -0.1101737
49616 0.8165326
49717 1.2096195
49817 1.7425065
49917 1.9108267
50017 1.8238921
50117 1.3478632
50217 0.60018873
50317 -0.38032484
50417 -1.0813465
50518 -1.9484353
50618 -2.1502118
50718 -2.1042855
50818 -1.6365509
50918 0.0
51018 0.0
51352 0.0
51435 0.0
51535 0.0
51635 0.0
51735 0.0
51836 -0.085632324
51936 -0.7693243
52036 -1.6377511
52137 -2.0216846
52237 -2.0867634
52337 -1.9153421
52437 -1.1511955
52537 -0.11605883
52637 0.62593937
52738 1.2646284
52838 1.6527467
52938 1.8069086
53038 1.7767959
53288 -0.4732113
53388 -1.401958
53489 -2.0951667
53589 -2.4437125
53689 -2.3960547
53789 -2.0775826
53889 -1.3567398
53990 0.005259037
54090 1.0624194
54190 1.811759
54290 2.2283487
54390 2.2805796
54491 1.927259
54591 1.0727353
54691 0.07461071
54791 -0.72532034
55041 -2.1983538
55141 -2.0800886
55242 -1.640276
55342 -0.4440031
55441 0.33127356
55525 1.0859537
55625 1.4069929
55725 1.7388716
55825 1.7243743
55925 1.3436646
56025 0.32031536
56126 -0.45497274
56226 -1.4922149
56327 -2.2482383
56427 -2.4353318
56527 -2.412135
56627 -1.9239726
56727 -0.71863747
56827 0.16189909
56927 0.9691353
57028 1.6990714
57295 1.3553166
57378 0.6287966
57478 -0.41502285
57578 -1.2154763
57679 -1.8191724
57779 -2.0488553
57879 -2.08277
58313 1.4111528
58413 1.9983964
58513 2.0071702
58613 1.9689469
58714 1.5783639
58813 0.30432272
58914 -0.51185894
59014 -1.3018842
59114 -1.7566535
59215 -1.9128847
59315 -1.7774501
59415 -1.1480892
59515 -0.31600857
59616 0.5614948
59716 1.3440981
59949 1.8828096
60032 1.77528
60132 1.1131454
60232 0.12973976
60332 -0.8697982
60432 -1.5109031
60533 -2.0906124
60633 -2.1464717
60734 -1.7374482
60834 -0.8918066
60934 -0.0291996
61034 0.9883628
61135 1.7830877
61234 2.00942
61334 1.76756
61435 0.697597
61535 -0.32415056
61635 -1.2818997
61735 -1.8963933
61835 -2.0549858
61935 -1.7796321
62035 -0.9020486
62136 0.052122593
62236 0.9328675
62336 1.8323555
62436 2.168962
62536 2.217019
62637 1.9070396
62736 1.2889833
62838 0.39857435
62937 -0.3796935
63037 -1.1532028
63137 -1.4361978
63237 -1.4086025
63338 -1.0415413
63438 -0.27326107
63538 0.32512188
63639 1.1035318
63739 1.4036431
63838 1.5423026
63938 1.4476938
64038 0.6944537
64139 -0.40910912
64239 -1.2225018
64339 -1.9178386
64439 -2.02605
64539 -1.7724214
64640 -0.8124094
64739 0.15800238
64840 1.1442375
64940 1.809999
65040 1.8479447
65140 1.4507065
66059 0.7896061
66158 1.0871611
66259 1.0943041
66359 0.9281287
66459 0.29763746
66559 -0.30575132
66659 -0.5503535
66760 -0.5451369
66860 -0.22133636
66960 0.49806356
67060 0.7336402
67160 0.818841
67260 1.0297899
67360 1.0720844
67461 1.0356245
67561 0.89848804
67662 0.15165043
67761 -0.4384551
67862 -0.72458744
67961 -0.7970195
68062 -0.40809822
68161 0.5676956
68262 1.1102805
68362 1.499054
68462 1.3851423
68563 0.8866372
68662 0.44484568
68762 -0.1505332
68863 -0.2870493
68963 -0.26741886
69063 -0.047659397
69163 0.526443
69263 0.7367015
69364 0.67255354
69464 0.4593382
69564 0.14400816
69665 -0.5164161
69765 -0.9146204
69864 -1.1677392
69964 -1.1369705
70065 -0.74540424
70166 -0.25750256
70266 0.20698452
70365 0.41808462
70465 0.45692778
70566 0.2837777
70666 -0.33863115
70766 -0.6185093
70866 -0.6023669
70967 -0.3610711
71066 0.024834633
71166 0.39367962
71267 0.900918
71367 1.1730862
71467 1.3534269
71567 0.8131199
71668 -0.64163876
71767 -1.0907269
71868 -1.0179703
71968 -0.28943348
72068 1.1656904
72168 2.2092476
72268 2.822824
72368 2.83246
72653 0.47425175
72753 -0.1901741
72853 -0.48862934
72952 -0.46729708
73053 0.13125229
73153 0.67511463
73253 1.0706253
73353 1.3535719
73454 1.4116287
73553 1.1798086
73654 0.7902169
73754 0.24359608
73854 0.0063204765
73954 -0.02133751
74055 0.023173332
74289 1.3846312
74371 1.6360002
74471 1.5751243
74571 0.9142704
74671 0.07966995
74771 -0.79612017
74872 -1.5489457
74972 -1.5530427
2 -0.7449498
102 -1.5247598
202 -1.681292
302 -1.3712125
402 -0.272367
502 0.9520769
603 1.8987641
703 2.4734354
803 2.5337477
904 2.139801
1003 1.1428375
1103 0.2909584
1203 -0.80383015
1303 -1.4432647
1404 -1.5859902
1504 -1.405967
1604 -0.49693012
1704 0.6598916
1804 1.5213685
1905 1.8175979
2004 1.6702781
2105 0.96217155
2205 -0.09075928
2305 -1.2382584
2405 -1.6739774
2506 -1.7957146
2605 -1.584378
2706 -0.88056946
2789 0.14848518
2889 1.2803111
2989 2.0122185
3089 2.5836363
3189 2.5771255
3289 2.1415238
3389 0.9797163
3490 -0.053180218
3590 -0.8093977
3690 -1.1070714
3791 -0.9814787
3891 -0.31885147
3991 0.6869645
4091 1.7131515
4191 2.2541847
4292 2.455018
4392 2.151184
4492 0.822546
4592 -0.17323828
4693 -0.8555813
4792 -1.0339882
4892 -0.937047
4993 -0.27619648
5093 0.63566303
5193 1.4842057
5293 2.025033
5393 2.450241
5493 2.3123236
5593 1.8911104
5694 0.86272955
5794 -0.08427477
5894 -1.1940236
6212 -1.2498977
6311 0.19388199
6412 1.3438587
6511 2.0313063
6612 2.263404
6712 2.201973
6812 2.0580606
6913 1.2836075
7012 -0.013553619
7112 -0.69912004
7213 -0.9975891
7313 -0.995666
7413 -0.6037402
7513 0.15659952
7614 0.94627285
7713 1.4158173
7813 1.8539252
7914 1.9253159
8014 1.6940451
8114 0.75039005
8532 -1.9751084
8632 -1.7769821
8733 -0.81377554
8832 0.39124298
8933 1.3820777
9032 2.157164
9132 2.6234994
9233 3.00698
9333 2.769969
9416 2.2430649
9516 1.4034004
9616 0.07485819
9716 -1.0035274
9816 -1.5080142
9916 -1.593003
10016 -1.3345017
10117 -0.35398054
10217 0.7928858
10318 1.8363404
10418 2.3974214
10518 2.6266737
10618 2.172114
10718 1.2397356
10818 0.1825409
10918 -0.9010086
11019 -1.3050704
11119 -1.4287841
11219 -1.1961536
11319 -0.54305935
11419 0.503356
11519 1.1702571
11620 1.5832624
11720 1.7316055
11820 1.6811814
11920 1.2385559
12020 0.26012516
12120 -0.4969659
12220 -1.2933128
12321 -1.5324783
12421 -1.4394822
12521 -0.8018055
12621 0.04841709
12722 0.73853064
12822 1.4745245
12921 1.8466749
13022 1.9371462
13122 1.7845335
13222 1.1571207
13323 -0.27987576
13422 -1.3028932
13523 -1.7552822
13622 -1.8584611
13723 -1.5310714
13823 -0.43799543
14157 2.3312554
14257 2.3998795
14357 1.9165573
14458 1.3289957
14558 0.4965315
14658 -0.25442123
14758 -1.0003667
15693 1.991384
15793 1.1741037
15893 0.056009293
15993 -0.7848048
16094 -1.4841073
16194 -1.6851788
16294 -1.5567479
16394 -0.94263697
16494 0.2751608
16594 1.216527
16694 1.7765412
16794 2.2127733
16894 2.3172936
16994 2.4037018
17328 -0.27252388
17429 -1.2295163
17529 -1.751533
17629 -1.9466925
17729 -1.9423065
17830 -1.6426129
17929 -0.6612768
18029 0.41517162
18130 1.4014549
18446 3.2123432
18547 3.0802631
18647 2.3121004
18747 1.3325734
18848 0.24129152
18948 -0.8325486
19048 -1.7934086
20300 2.8933554
20400 2.3698235
20501 1.7068391
20601 0.68152523
20701 -0.41410255
20801 -1.322722
20901 -2.0310194
21001 -2.4366505
21368 -0.64075804
21468 0.51286936
21568 1.4880891
21668 2.2594805
21752 2.4845986
21852 2.7836251
21952 2.5867324
22052 1.7425499
22152 0.9559655
22252 -0.3075714
22352 -1.251287
22453 -2.0864284
22553 -2.5499535
22654 -2.6842968
22754 -2.639827
22854 -2.5005708
22954 -2.0412936
23054 -1.2001834
23154 0.01358366
23254 0.95153284
23354 1.7055879
23455 2.3430815
23772 2.011897
23872 1.0182276
23972 -0.03802204
24072 -0.94889545
24172 -1.8552394
24273 -2.5229924
24373 -2.8582664
24473 -2.895546
24573 -2.8769088
24673 -2.7973719
24774 -2.4867873
24873 -1.4266505
24974 -0.0011701584
25075 0.9487581
25175 1.7012024
25274 2.072547
25374 2.2719183
25474 2.277629
25575 1.898047
25675 0.93947935
26026 -2.5650198
26126 -3.0437555
26225 -3.2647374
26327 -3.2948585
26426 -3.126991
26526 -2.611484
26626 -1.4500642
26726 -0.09073734
26826 0.8315625
26927 1.5738173
27027 2.185608
27127 2.2507873
27227 2.2515755
27327 2.0339408
27645 -1.2675843
27745 -2.2887473
27845 -2.9422815
27945 -3.2536588
28046 -3.2695951
28145 -2.8598433
28245 -2.26728
28345 -0.95803165
28446 0.24676037
28546 1.3023939
28646 1.9797721
28746 2.7068696
28847 3.0200157
28947 2.87145
29046 2.006186
29147 1.4314599
29247 0.5073538
29347 -0.36913586
29448 -1.4944451
29548 -2.17413
29648 -2.5891287
29748 -2.6515398
29849 -2.5115876
29948 -2.0050256
30048 -0.9993806
30149 0.14755154
30249 1.072144
30349 1.9790215
30449 2.6049476
30549 2.9679022
30649 2.9560232
30750 2.3950372
30849 1.5983572
30950 0.36963272
31050 -0.5508294
31150 -1.6282165
31251 -2.4385037
31350 -2.83695
31451 -2.8970075
31768 -1.2828164
31868 -0.14092779
31968 0.590045
32069 1.3705816
32169 2.0809126
32269 2.1677423
32368 2.269311
32469 2.292736
32569 1.9713988
32886 -1.2603602
32986 -2.3198018
33087 -2.9642587
33187 -3.1101577
33287 -3.027206
33387 -2.4848378
33488 -1.3813369
33587 0.061053276
33687 1.1654854
33787 2.0151138
33888 2.5882134
33989 2.906825
34088 2.910234
34188 2.4927435
34288 1.7952027
34389 0.99696445
34489 0.009337425
34589 -0.7643752
34689 -1.4636846
34789 -1.8454239
34889 -1.9041533
34989 -1.7885909
35090 -1.146915
35189 -0.05642605
35290 0.6012335
35390 1.4678559
35490 2.171412
35591 2.4507957
35907 2.7436857
36008 2.1331587
36108 1.3186827
36208 0.69427776
36308 -0.4474721
36408 -1.6631672
36509 -2.463182
36609 -2.8367662
36710 -2.8817215
36809 -2.7194395
36909 -1.7923102
37010 -0.33319902
37109 0.6464734
37210 1.6401682
37310 2.4939451
37410 2.9363317
37510 3.0965548
37911 0.5087018
38011 -0.30029774
38111 -1.555188
38211 -2.2986386
38312 -2.5348897
38411 -2.4573255
38512 -1.8186903
38611 -0.7016244
38712 0.41267872
38812 1.361918
38912 2.1967192
39012 2.823741
39113 3.0301027
39998 -2.1824954
40097 -2.1255727
40197 -1.6822662
40298 -0.70397615
40398 0.23346472
40498 0.9741912
40598 1.7662821
40698 2.3069105
40799 2.5213137
40899 2.6523085
41249 1.1097612
41350 -0.039117813
41450 -1.1084704
41550 -1.8822019
41633 -2.3405266
41733 -2.4416695
41833 -2.2388034
41933 -1.3752792
42033 -0.30544472
42133 0.51348686
42535 2.2625175
42635 2.0282493
42735 1.5673714
42818 1.0263324
42918 0.06549168
43018 -0.9863343
43118 -1.8296838
43218 -2.375911
43319 -2.5198224
43419 -2.3541617
43519 -1.6656487
43620 -0.57106495
43720 0.35276222
43820 1.2111421
43920 1.9783287
44020 2.291749
44120 2.5490785
44220 2.6416678
44321 2.3814378
44421 1.8409438
44521 1.0264344
44621 0.25232744
44721 -0.79636097
44822 -1.5428634
44922 -2.0223231
45022 -2.225133
45122 -2.2533145
45222 -2.1075904
45322 -1.4403999
45422 -0.5734072
45522 0.13997078
45623 0.6318803
45723 1.2357659
45823 1.6073952
45923 1.850007
46023 1.9087868
46124 1.6862211
46223 1.2816548
46323 0.26912785
46424 -0.6917567
46525 -1.6023781
46624 -2.0493183
46724 -2.1501186
46825 -1.9579363
46925 -1.2605107
47025 0.03541088
47125 1.109416
47225 2.2229667
47325 3.0057497
47426 3.376502
47525 3.4347153
47626 2.7961311
47726 2.007985
47826 1.1442728
47926 0.22065926
48027 -0.6997795
48127 -1.3171928
48227 -1.5922337
48328 -1.682579
48427 -1.542258
48527 -1.1409619
48627 -0.28948832
48728 0.4540043
48828 1.2489882
48928 1.788568
49028 2.346158
49129 2.4745035
49229 2.496283
49545 0.18846321
49646 -0.8705087
49747 -1.6643319
49846 -2.152859
49947 -2.2186162
50297 0.49085855
50397 1.4267068
50497 2.2455773
50597 2.676458
50697 2.7895098
50798 2.6192818
50898 1.9760828
50998 1.2614007
51098 0.32868814
51198 -0.6213579
51298 -1.5804386
51398 -2.0415225
51499 -2.269403
51598 -2.1970494
51699 -1.6187
51799 -0.77661943
51899 0.31972885
51999 1.2346506
52100 1.6770797
52200 2.1961832
52299 2.00414
52400 1.9514208
52500 1.1743441
52600 0.5055461
52701 -0.3392172
52801 -1.3915164
52901 -1.9174554
53001 -2.2067218
53101 -2.192795
53201 -1.892813
53301 -1.0795231
53401 0.04601574
53501 0.94712925
53602 1.5281906
53702 2.0248117
53802 1.924634
54120 1.0433555
54219 0.21732426
54320 -0.9467592
54420 -1.7770214
54520 -2.2331307
54620 -2.3393981
55004 0.26115322
55104 1.2181611
55204 1.5950837
55304 2.5777884
55738 0.99834013
55839 0.074145794
55939 -1.1951096
56039 -1.9001839
56139 -2.2490394
56239 -2.3349853
56339 -2.318987
56440 -1.8155046
56540 -0.7158637
56640 0.5641012
56741 1.506856
56840 2.3723822
56940 2.6874366
57041 2.8231096
57141 2.761547
57241 2.2334914
57341 1.0663753
57441 -0.19675684
57541 -1.4661636
57641 -2.1360128
57742 -2.3572843
57842 -2.2559416
57942 -1.6257935
58042 -0.6694689
58142 0.4876423
58242 1.6640854
58343 2.6431322
58443 3.2929096
58526 3.574254
58626 3.4300137
58726 2.9950142
58826 2.0946846
58926 0.91866064
59026 -0.472672
59127 -1.7402599
59461 -2.3872552
59561 -1.6611977
59661 -0.57194376
59761 0.5223136
59862 1.4157233
59962 2.5120745
60063 3.021428
60162 3.312623
60262 3.2617702
60362 2.7427306
60463 1.4207029
60563 0.2812128
60663 -1.1183555
60763 -2.012339
60863 -2.4203174
60963 -2.4893556
61064 -2.239718
61164 -1.4891114
61264 -0.3163023
61364 0.6841364
61464 1.8323164
61564 2.5646338
61665 2.8062935
61765 2.8888674
61865 2.6372743
61965 1.7750068
62066 0.7197814
62383 -2.244152
62482 -2.1940868
62583 -2.281954
62683 -2.128236
62783 -1.5569484
62883 -0.207263
62983 0.6750932
63083 1.7063799
63184 2.1782408
63284 2.5603232
63384 2.4663324
63484 1.8325629
63584 1.1685648
63685 0.061351776
63785 -1.1257796
63885 -1.762212
63985 -2.2815194
64085 -2.1581316
64185 -2.1388583
64285 -1.7759833
64385 -0.34434748
64486 0.72859
64585 1.7404594
64686 2.330369
64786 2.650557
64886 2.690637
64986 2.348947
65086 0.8262572
65187 -0.3449402
65287 -1.7266667
65387 -2.3590198
65488 -2.503628
65587 -2.140371
65688 -1.2758217
65788 0.06098652
65888 1.1463757
65988 2.1518393
66088 2.6607141
66188 2.8880844
66288 2.7561202
66388 1.9721947
66489 0.7489662
66589 -0.3130083
66672 -1.3339753
66772 -2.1531215
66872 -2.5527294
66972 -2.5604749
67072 -2.2667134
67172 -1.3513992
67273 -0.029444695
67373 0.9893565
67474 2.058423
67574 2.9457064
67674 3.6753187
67774 3.6960955
68092 0.45194817
68191 -0.9254503
68291 -1.7693925
68391 -2.5741901
68492 -2.782465
68592 -2.608463
68693 -1.9693625
68792 -1.196219
68892 -0.005329132
68993 1.1511908
69093 2.034892
69193 2.5242767
69293 2.943737
69393 2.9894814
69493 2.7502184
69594 1.9833536
69694 1.070869
69794 -0.3360467
69894 -1.4318612
69994 -2.3192751
70094 -2.641439
70194 -2.640325
70295 -2.365881
70395 -1.6250656
70495 -0.8261328
70595 0.5573759
70695 1.6165109
71013 3.1027737
71112 3.0115871
71212 2.5337663
71313 0.99660873
71413 -0.38429165
71513 -2.0129867
71614 -2.7910929
71713 -3.1213744
71814 -3.1240973
71914 -2.4877825
72014 -1.5947125
72114 -0.3964429
72214 0.66465044
72315 1.6649146
72415 2.4984918
72515 3.0112476
72615 3.2513256
72715 3.1011038
72816 2.1729918
72915 0.91378975
73950 1.9184303
74051 2.8511887
74150 3.501196
74251 3.5527506
74351 3.289545
74451 2.560553
74551 1.3114028
74651 -0.12852001
74752 -1.4619274
74852 -2.3396122
74952 -2.5945814
