8 0.0
108 0.0
208 0.0
308 0.0
411 0.0
510 0.0
611 0.0
709 0.0
811 0.0
911 0.0
1009 1.5661674
1110 2.142745
1210 0.6865277
1310 -1.1606154
1410 -2.0292997
1510 -1.881413
1611 -0.10423994
1710 1.485549
1811 1.9923716
1911 1.8857484
2011 0.57033443
2111 -0.4762206
2211 -1.2519641
2314 -1.650861
2414 -1.8524015
2514 -1.953337
2614 -1.8359709
2714 -1.6435924
2814 -1.2627101
2914 -0.502182
3013 0.27564144
3114 0.9523463
3213 1.4049325
3313 1.7600021
3414 1.8950753
3513 1.9604845
3615 1.9703269
3714 1.6706934
3814 1.0003982
3914 0.35005045
4014 0.22885656
4114 -0.012415409
4216 -0.2163887
4314 -0.31947327
4415 -0.41962337
4517 -0.45705175
4616 -0.46437073
4717 -0.46963024
4816 -0.4703374
4916 -0.42807245
5016 -0.22096968
5117 -0.024023533
5217 0.60912037
5317 1.1967468
5418 1.2734766
5517 1.0519133
5618 0.28988934
5718 -0.38956165
5819 -0.7815404
5918 -1.181773
6018 -1.3897877
6118 -1.3882713
6218 -0.76336956
6319 -0.052006245
6418 0.5149727
6520 0.8278632
6619 1.0498438
6720 1.1814437
6819 1.1454644
6920 0.7202158
7003 0.123986244
7120 -0.38962173
7203 -0.7939892
7303 -1.0761943
7404 -1.2156799
7503 -1.298348
7604 -1.1677251
7704 -0.5252371
7804 -0.017502785
7904 0.4633417
8005 0.7645693
8104 0.93057203
8205 1.0103464
8306 1.0336294
8405 0.84164095
8505 0.2534685
8605 -0.26792622
8705 -0.5831289
8806 -0.9799838
8906 -1.270108
9007 -1.5493989
9106 -1.5000274
9206 -0.8442712
9309 0.17125607
9409 1.0329967
9509 1.3064146
9609 1.302371
9709 1.0260601
9809 0.30193233
9909 -0.4338355
10008 -0.9493084
10107 -1.5309918
10208 -1.7580695
10309 -1.7639892
10408 -1.4778786
10509 -1.0371215
10611 -0.551981
10711 -0.08168411
10812 0.41452217
10911 0.77517414
11009 0.9750185
11110 1.0973601
11211 1.1077595
11311 0.98624325
11411 0.79499865
11510 0.4443097
11610 -0.047719
11710 -0.6402006
11810 -1.2875035
11911 -1.496423
12011 -1.5521235
12114 -1.4980404
12211 -1.2050691
12314 -0.6107979
12411 -0.21706915
12514 0.066351414
12614 0.26285934
12713 0.44014406
12814 0.7531538
12913 0.9642992
13013 1.0421691
13113 0.7247305
13214 0.015825748
13313 -0.68707466
13414 -1.1141293
13513 -1.6664925
13614 -2.096399
13714 -1.8070686
13814 -0.99843216
13915 -0.2655902
14015 0.7723732
14114 1.274982
14215 1.6790972
14316 1.9409652
14415 1.9381499
14516 1.6320138
14616 0.81981134
14716 0.10354805
14816 -0.61679506
14917 -1.4195797
15017 -2.0163572
15116 -2.3363156
15218 -2.0803483
15316 -1.2047257
15417 -0.75122166
15517 0.13235426
15617 0.9774132
15717 1.7066803
15818 2.0712776
15918 1.9897337
16018 1.2059755
16117 -0.20410728
16218 -1.0437119
16320 -1.7701249
16418 -1.8087468
16521 -2.0455308
16619 -2.1732633
16719 -1.577774
17037 0.07362461
17137 0.6113105
17238 0.881125
17337 1.0104761
17438 1.1738443
17538 1.1781864
17638 0.6973028
17737 -0.17872906
17839 -0.6546612
17937 -1.1122708
18037 -1.4745796
18138 -1.7184155
18238 -1.7952259
18339 -1.6085849
18441 -0.9030142
18539 -0.3776865
18642 0.10360956
18742 0.50207853
18842 0.77315235
18942 1.0346594
19040 1.1083627
19139 0.84091187
19242 0.21303844
19341 -0.3633089
19442 -0.9118643
19540 -1.4563301
19641 -1.7605846
19741 -1.9104576
19841 -1.7424049
19941 -1.3007591
20041 -0.59036016
20142 -0.1692915
20242 0.23140717
20341 0.4969735
20442 0.6847124
20543 0.9568534
20642 1.0602994
20742 0.22866678
20843 -0.5133047
20943 -0.95861626
21043 -1.3475528
21143 -1.7783818
21244 -1.9565673
21344 -1.8322432
21446 -1.169431
21544 0.2284503
21644 1.1614046
21744 1.8111253
21844 2.1697874
21945 2.3154054
22045 2.4374251
22146 2.323709
22245 1.8454676
22346 0.85348797
22445 0.25517368
22546 -0.10972881
22645 -0.6973605
22746 -0.7861843
22846 -0.80068254
22946 -0.7085128
23047 -0.45070934
23147 0.07669544
23230 0.534811
23330 1.1448436
23430 1.5548773
23530 1.9237428
23630 2.2437692
23731 2.5179415
23831 2.7102537
23931 2.6268144
24031 2.42984
24131 2.2143083
24232 2.1220603
24332 2.09908
24432 2.0529275
24532 1.8956099
24632 1.5639892
24732 1.2257066
24832 0.8069658
24933 0.39867878
25033 0.17109251
90 0.0
191 0.0
291 0.0
392 0.0
491 0.0
591 0.0
691 0.0
792 0.0
894 0.0
994 0.0
1094 0.0
1192 0.0
1294 0.0
1394 0.0
1493 0.0
1593 0.0
1693 0.0
1794 0.0
1894 0.0
1994 0.0
2094 0.0
2195 0.0
2294 0.0
2395 0.0
2495 0.0
2595 0.0
2695 0.0
2795 0.0
2895 0.0
2996 0.0
3096 0.0
3197 0.0
3297 0.0
3396 0.0
3496 -3.4167795
3597 -0.99925756
3697 1.198545
3797 2.0973167
3897 1.1833487
3997 -0.87334824
4097 -1.6768448
4199 -1.5857251
4297 -0.7410722
4398 0.058701992
4498 1.1618042
4598 1.6781111
4698 1.7253356
4798 1.2653565
4899 0.026659489
4999 -0.70611286
5099 -1.123246
5199 -1.185358
5300 -1.3503654
5400 -1.673563
5499 -1.3828373
5601 -0.66863394
5700 -0.5435629
5800 0.4787054
5883 1.1552682
5984 1.7509584
6083 2.0373445
6185 2.0703049
6284 2.022893
6385 1.0564208
6484 -0.34725857
6585 -1.0687726
6684 -1.5046439
6786 -1.0910516
6886 -1.4584517
6986 -1.4872704
7086 -0.5281987
7186 0.40797997
7289 1.4676466
7386 2.2562203
7489 2.8448815
7586 2.8347244
7689 2.7027807
7787 1.95193
7889 0.8365154
7989 0.09188557
8089 -0.49428272
8189 -0.93108463
8289 -1.3108013
8388 -1.7753956
8489 -1.8172057
8588 -1.6476433
8688 0.3499837
8789 2.241136
8888 2.954866
8988 3.4719744
9092 3.5221577
9188 2.7215033
9292 1.1400294
9391 -0.036192894
9492 -1.1427693
9589 -1.5473228
9689 -1.6137612
9790 -0.8598194
9890 0.43753624
9991 1.7729578
10090 2.700204
10191 3.3426962
10290 3.5829315
10391 3.5159616
10491 2.6371508
10592 1.3690939
10694 0.3168087
10794 -0.6453762
10892 -1.211345
10994 -1.2254338
11094 -0.60784626
11192 0.25301075
11293 1.1043291
11394 2.2505288
11494 2.895359
11593 3.3076525
11693 3.3204117
11794 2.5226264
11894 1.0676055
11995 0.14113331
12094 -1.0246348
12194 -1.6684756
12294 -1.8701475
12395 -1.6244187
12495 -0.6309433
12595 0.73440456
12695 1.9675164
12795 2.793311
12895 3.3429728
12996 3.6252613
13096 3.2879162
13195 2.202876
13296 0.9717202
13396 -0.1805749
13497 -1.0236583
13596 -1.5536056
13697 -1.7772636
13796 -1.7253518
13897 -0.99611187
13998 0.10888195
14097 1.3063264
14197 2.1664495
14297 2.5995903
14399 2.6460962
14497 2.6791315
14599 2.1145315
14698 1.2010555
14799 0.2575388
14900 -0.19632244
14999 -0.45802164
15099 -0.7826853
15199 -0.8814306
15299 -0.5556469
15399 -0.018111229
15500 0.9956403
15600 1.955092
15700 2.357473
15785 2.6478167
15901 2.7462006
15984 2.7530327
16083 2.487691
16185 1.9614205
16284 1.1958728
16385 0.30094576
16484 -0.7270613
16585 -0.9643378
16685 -1.1982093
16785 -1.2442334
16886 -1.0454762
16985 -0.39443302
17086 0.34903193
17186 1.2003827
17285 1.6479721
17386 1.8838339
17487 2.140541
17587 2.2096725
17686 2.1504922
17787 1.8755989
17886 1.1373467
17987 0.13394642
18090 -0.27314806
18190 -0.42134094
18290 -0.6916871
18390 -0.9417281
18490 -0.983788
18588 -0.9280386
18688 -0.6783991
18788 0.050368786
18889 0.86980915
18988 1.6558418
19089 1.8250861
19188 2.0181289
19289 2.1014662
19392 2.3825326
19490 2.4027352
19589 1.8207397
19689 0.28833914
19793 -0.46623564
19890 -1.0722256
19991 -1.5414557
20092 -1.8053362
20193 -2.0209079
20292 -2.0997806
20392 -1.2852294
20491 0.012971878
20591 0.7126093
20695 1.560267
20792 1.6725068
20892 1.6749244
20992 1.6592989
21092 0.21174622
21192 -0.46345234
21292 -1.4429469
21395 -2.1513479
21495 -2.4841764
21595 -2.5759153
21693 -2.1109776
21798 -0.7945514
21894 0.83945274
21994 1.6593122
22094 2.30159
22194 2.4329576
22294 2.634726
22394 1.896009
22494 0.48502398
22595 -1.0437176
22697 -1.8565426
22796 -2.0586846
22895 -2.1197133
22996 -2.242793
23096 -2.2568047
23195 -1.8735726
23296 -0.5356283
23397 0.8833332
23496 1.6668816
23598 2.152494
23696 2.3092818
23798 2.2982635
23897 2.0352387
23998 1.3011713
24097 0.15746832
24198 -0.74156
24298 -1.5526562
24398 -1.781482
24498 -1.8381906
24598 -1.7706108
24699 -0.9462676
24799 -0.03847027
24899 0.6329727
24999 1.2272611
25099 1.6485763
25199 2.0508666
25299 2.3873916
25399 2.5048919
25500 2.4670095
25601 1.9409294
25683 1.0307345
25785 -0.17164707
25883 -1.0121067
25983 -1.495266
26083 -1.7663655
26184 -1.847388
26285 -1.7827821
26385 -1.2469444
26485 0.4148717
26584 1.7473526
26685 2.4427118
26785 3.0598164
26886 3.2073002
26985 3.1580677
27085 2.4863305
27186 1.2695875
27286 -0.03754139
27387 -1.0300832
27487 -1.68801
27587 -1.8478642
27687 -1.7827153
27791 -1.5850074
27887 -0.50195074
27987 0.593122
28090 1.9842138
28190 2.476091
28290 2.5804162
28390 2.1948905
28490 1.6290979
28588 0.8013048
28688 0.25333214
28788 -0.29406452
28889 -0.8348532
28988 -1.2981544
29089 -1.402391
29189 -1.2810531
29290 -0.14199257
29389 1.1476493
29490 2.1304145
29593 2.7434626
29692 3.0936985
29792 3.346057
29892 3.3606024
29992 3.0941563
30093 1.9054971
30192 0.6491804
30291 -0.20153904
30392 -0.8797326
30493 -1.347868
30591 -1.5722549
30692 -1.8096664
30792 -2.0297558
30892 -1.9658916
30992 -1.1768196
31093 0.42905092
31192 1.5419531
31292 2.3246017
31393 2.7104163
31493 2.9730234
31594 2.9108634
31694 2.07517
31794 0.86920404
31893 -0.065794945
31993 -0.6046262
32094 -0.9663191
32195 -1.2695947
32296 -1.3648677
32394 -1.0896325
32495 -0.074290276
32595 1.0568118
32695 1.6370559
32795 1.8711214
32896 1.787631
32996 1.5997438
33096 1.4776049
33196 1.4264145
33296 1.2213306
33398 0.23899364
33497 -0.78411674
33596 -1.216542
33697 -1.5246263
33797 -1.687716
33897 -1.5357997
33999 -1.3151326
34099 -1.2249751
34199 -0.9451442
34297 0.40375805
34398 1.1064405
34499 1.6021929
34598 2.113143
34698 2.413415
34798 2.574926
34899 2.603508
34998 2.4452643
35099 1.5276756
35199 0.67981386
35299 0.03791094
35401 -0.45383167
35499 -0.81056166
35583 -1.00458
35683 -1.2564235
35783 -1.3451657
35883 -1.3595359
35984 -0.9088273
36085 0.29399443
36184 1.0554571
36285 1.6890144
36385 1.9716492
36485 2.0853548
36584 1.9824181
36685 1.2962055
36785 0.5456095
36885 0.4483199
36985 1.2073202
37085 2.0708947
37186 2.353095
37286 2.362535
37387 2.001418
37486 1.1722965
37586 0.35013485
37687 -0.280612
37786 -0.540257
37887 -0.5649743
37990 0.110042095
38090 0.44665813
38190 0.5578985
38290 0.6906562
38389 0.8234005
38490 0.8943033
38588 0.9396429
38688 1.1772685
38788 1.7747726
38889 2.258316
38990 2.5746245
39089 2.7555108
39189 3.0007915
39289 3.228551
39392 3.274397
39493 3.25216
39592 2.558694
39692 1.3047333
39793 0.46498394
39893 0.038968086
39992 -0.24933672
40092 -0.42072916
40192 -0.6961794
40293 -1.0082905
40392 -1.296309
40493 -1.1848035
40592 -0.6571436
40692 -0.3480754
40791 -0.288126
40891 -0.2530098
40995 0.043702602
41092 0.86952114
41195 1.803473
41295 2.58881
41395 2.9423003
41495 3.029934
41594 3.02804
41694 2.9717345
41793 2.6895819
41893 2.376854
41994 2.2960105
42095 2.188048
42195 1.25034
42295 0.5213995
42395 -0.22494507
42494 -0.71138096
42594 -1.0466743
42695 -1.1756909
42795 -1.213686
42895 -1.2185111
42995 -1.218893
43096 -1.1956801
43197 -0.6428418
43296 0.8125558
43396 1.5120277
43496 1.9115243
43596 2.0238695
43696 2.055149
43797 2.0314498
43897 1.8118677
43997 1.085804
44099 0.30610323
44197 -0.47025776
44298 -0.9577298
44398 -1.287611
44498 -1.4406497
44598 -1.4713264
44699 -1.4560008
44798 -1.2528958
44899 -0.011062145
45000 0.8620939
45099 1.5981102
45200 1.9644637
45299 2.175418
45400 2.2436209
45483 2.228746
45600 1.8842697
45683 1.2932534
45783 0.61907244
45883 0.11058521
45983 -0.42734098
46084 -0.6884279
46184 -0.92431545
46284 -1.119978
46385 -1.2583156
46484 -1.2458847
46585 -0.5634837
46686 0.51615715
46786 1.251051
46885 1.6996117
46986 2.0358977
47086 2.2900686
47187 2.4703455
47285 2.4153013
47389 1.2742033
47489 0.39676762
47586 -0.39326286
47686 -1.0014508
48004 -1.8766043
48105 -1.3448939
48205 -0.19440556
48305 0.8152962
48404 1.6204543
48504 2.1671867
48605 2.5523667
48705 2.7096481
48805 2.4209442
48906 0.9732938
49005 0.062191486
49106 -0.783803
49206 -1.3370376
49306 -1.9233301
49409 -2.0075316
49506 -2.0527263
49607 -1.8828213
49706 -0.6148596
49808 0.43650293
49907 1.2815452
50007 1.8185816
50107 2.0977492
50207 2.2114587
50308 2.012498
50407 0.9841242
50508 0.311491
50608 -0.6028528
50708 -1.4745688
50809 -1.941746
50908 -2.0111687
51008 -1.9474065
51109 -1.8219333
51209 -0.9461441
51309 -0.054007053
51409 0.57549953
51509 1.3143721
51610 1.8521414
51710 2.035039
51810 2.0490508
51912 1.6868134
52010 0.96443844
52111 0.29593563
52211 -0.45785236
52311 -0.9943862
52411 -1.3375945
52512 -1.5403342
52611 -1.6072705
52712 -1.4846668
52812 -0.8812027
52912 0.034589767
53013 0.7047682
53113 1.2770958
53214 1.6535239
53313 1.9495707
53413 2.0507255
53513 2.0458703
53613 1.7269311
53713 0.80621195
53814 -0.10820246
53914 -0.74272346
54013 -1.4411559
54115 -1.6759505
54214 -1.7380042
54316 -1.7359238
54414 -1.2764802
54515 -0.29916668
54598 0.2584219
54698 0.83140707
54798 1.2052927
54898 1.5780435
55000 1.7893014
55333 0.1881609
55434 -0.59560966
55533 -1.5355983
55633 -1.8490245
55734 -1.8510876
55834 -2.0131917
55934 -2.0147645
56034 -1.7153497
56134 -0.585454
56235 0.19022083
56335 0.635417
56434 0.9460101
56535 1.2317243
56618 1.402957
56718 1.5593171
56818 1.3898392
56918 0.6304283
57020 -0.22605658
57119 -0.8421521
57220 -1.2504363
57319 -1.6317496
57419 -1.8897748
57519 -2.007829
57619 -1.9525301
57720 -1.6825302
57820 -0.6646919
57921 0.14013577
58020 0.5816722
58121 0.9033265
58220 1.2156157
58324 1.4363317
58421 1.5136857
58521 1.0840731
58621 0.04317522
58724 -0.705657
58824 -1.0230594
58924 -1.2806354
59023 -1.6477153
59124 -1.7630272
59224 -1.7500725
59324 -0.93839407
59424 0.07422781
59523 0.7983651
59623 1.143415
59724 1.3993368
59824 1.645536
59924 1.8554125
60024 1.6378226
60125 0.55583
60224 -0.49377537
60325 -1.0500348
60424 -1.4548066
60524 -1.8643556
60624 -2.0919514
60725 -1.9313943
60826 -1.2827554
60926 0.2610712
61026 0.9297137
61125 1.2372208
61226 1.5389318
61326 1.8935289
61427 2.003183
61529 1.5776496
61629 0.06329727
61729 -1.0775394
61829 -1.8406837
61929 -2.3786483
62029 -2.748051
62129 -2.8006792
62228 -2.4304328
62329 -1.3373725
62428 -0.30660725
62528 0.3419323
62628 0.91985273
62729 1.3871946
62829 1.9563522
62929 2.087935
63030 1.9653335
63130 1.0293431
63230 0.1261859
63329 -0.6944723
63429 -1.2814205
63529 -1.8008924
63630 -2.1924798
63730 -2.5819018
63831 -2.6031432
63932 -2.3912647
64031 -1.3449032
64131 -0.54687214
64231 0.18727732
64331 0.68910503
64432 1.0738235
64531 1.4809403
64631 1.9024673
64731 1.9701014
65050 0.50971794
65149 -0.43403435
65250 -1.001987
65350 -1.4235191
65450 -1.8672004
65549 -2.3594644
65650 -2.488608
65750 -1.9829144
65851 -1.1458225
65951 -0.18356848
66051 0.54596186
66151 0.9224396
66252 1.2019854
66351 1.6478486
66451 2.0213356
66552 2.0792837
66652 1.6379051
66752 0.7309079
66852 -0.054468155
67171 -1.476979
67270 -1.8678479
67372 -2.106668
67470 -2.1277115
67569 -1.9622543
67671 -1.8673425
67770 -0.99416494
67871 -0.13677883
67970 0.24531794
68070 0.60715485
68172 0.8236575
68271 1.2158656
68373 1.5032272
68471 1.7014475
68572 1.8329821
68671 1.5344596
68772 0.79979706
68872 -0.016198158
68972 -0.7694974
69074 -1.3341393
69173 -1.769711
69273 -2.0227945
69373 -2.0453632
69474 -1.8759458
69573 -1.1969414
69673 -0.3229847
69774 0.32864046
69874 0.73920536
69974 1.0365658
70074 1.2818217
70176 1.5437708
70275 1.7869501
70592 0.80238104
70691 0.06333351
70792 -0.6140523
70892 -1.0335517
70993 -1.2739422
71093 -1.3909676
71193 -1.3952858
71293 -1.3385155
71393 -0.61384916
71494 0.22105026
71593 1.2501421
71693 1.8327346
71793 2.163743
71894 2.3868256
71994 2.4086065
72094 2.2376432
72197 1.7393112
72294 0.53591967
72395 -0.25712776
72494 -0.9010558
72596 -1.6277947
72695 -2.2051463
72796 -2.271418
72895 -2.2634306
72996 -2.1167252
73095 -1.3153739
73197 -0.26068163
73297 0.32472706
73396 0.8325224
73497 1.1573591
73596 1.797801
73697 2.2013488
73797 2.3816643
73897 2.3179855
73998 1.8334007
74097 0.8833742
74197 0.13642979
74297 -0.46586514
74399 -0.8887968
74498 -1.2835019
74598 -1.5351379
74699 -1.599437
74799 -1.4585376
74899 -1.0299854
74998 -0.0687685
6 1.0732737
109 1.7046576
209 2.1130562
309 2.210682
409 1.935637
508 0.90749073
607 -0.43018675
707 -1.1334071
809 -1.3317242
908 -1.2198913
1008 -0.4400282
1108 0.5524092
1211 1.386478
1309 1.8090453
1409 1.9313536
1509 1.6037469
1609 0.9446578
1710 0.29526615
1810 -0.32783556
1909 -0.65638065
2010 -0.78427124
2111 -0.7721305
2211 -0.48056126
2310 0.2635255
2414 1.0278301
2514 1.6508927
2611 2.1937304
2711 2.6582985
2814 2.7365294
2911 2.0764437
3014 0.8746462
3114 -0.03197193
3214 -0.72848606
3314 -1.1339221
3414 -1.2746933
3514 -1.2277131
3615 -0.6619215
3713 0.30246544
3813 1.1068587
3914 1.7586126
4013 2.075778
4114 2.0845633
4214 1.5942659
4314 1.0718112
4414 0.57519054
4514 0.11763382
4614 -0.23184681
4716 -0.49083662
4814 -0.53750706
4915 -0.4743924
5015 0.09849787
5115 0.89965105
5217 1.6211295
5316 2.2667732
5416 2.725534
5516 2.9165525
5617 2.6669922
5716 1.6174355
5817 0.57101583
5917 -0.25423384
6167 -1.3099847
6250 -1.2929511
6350 -1.0522714
6451 -0.5931263
6551 -0.010764122
6651 0.80284023
6751 1.398757
6851 1.7029037
6951 1.7698212
7053 1.5803542
7152 1.1030111
7252 0.4598651
7352 0.058057785
7453 -0.29155445
7552 -0.5498066
7653 -0.68116474
7756 -0.71195936
7856 -0.6241827
7953 -0.297235
8054 0.32327843
8156 0.84336567
8256 1.1531291
8356 1.3351421
8455 1.3985271
8554 1.3716393
8654 1.1863337
8754 0.7013192
8854 0.12920284
8955 -0.34633732
9055 -0.6913519
9155 -1.0684104
9256 -1.2838254
9355 -1.2853954
9458 -0.70328
9558 0.33066034
9659 1.1665173
9758 1.73313
9858 2.3416252
9958 2.4495153
10059 1.8978515
10158 0.44185162
10257 -0.6938329
10357 -1.2620716
10459 -1.7261932
10557 -1.8383126
10658 -1.6640687
10758 -0.894114
10861 0.3442235
10958 1.2022219
11058 1.7823005
11161 2.479969
11261 2.592473
11361 2.315061
11461 1.5264816
11559 0.65108395
11660 -0.22194242
11759 -1.0510819
11859 -1.5459297
11959 -1.6116512
12060 -1.3315849
12161 -0.473989
12261 0.5892067
12360 1.5190077
12461 2.4948273
12560 2.8078856
12661 2.7645235
12762 2.014701
12862 0.9569688
12964 -0.16148806
13061 -0.9182215
13162 -1.2698777
13263 -1.359061
13363 -1.2184067
13462 -0.627862
13563 0.33619976
13663 1.1317396
13764 1.853219
13864 2.1520057
13963 2.1278968
14063 1.4862671
14164 0.46791744
14263 -0.4214306
14364 -0.86421156
14464 -1.0701904
14564 -1.1136537
14667 -0.8788657
14765 0.017364502
14865 0.93962765
14965 1.656436
15066 2.0788474
15166 2.1654243
15265 2.0807633
15365 1.6322794
15466 0.90111923
15565 0.039507866
15666 -0.48452473
15766 -0.80738926
15867 -0.96001005
15968 -1.0044053
16051 -0.94746685
16150 -0.22622347
16250 0.72031546
16351 1.3836999
16451 1.8654661
16551 2.020649
16651 2.0871992
16752 2.0115447
16851 1.6343207
16951 1.1103368
17051 0.31112766
17152 -0.6022186
17252 -1.1167805
17353 -1.4274459
17452 -1.5604286
17553 -1.6361027
17652 -1.6676002
17754 -1.6730072
17853 -1.5632508
17953 -1.1110101
18053 -0.23115063
18154 0.4862795
18253 1.0265417
18357 1.3778028
18456 1.5932016
18557 1.712285
18657 1.7535791
18757 1.6103835
18856 1.0665808
18956 0.27533245
19057 -0.5274935
19157 -1.0806556
19255 -1.4432437
19356 -1.6118984
19457 -1.7024505
19556 -1.6869912
19657 -1.3688595
19756 -0.1459961
19859 0.97152376
19956 1.5243554
20056 1.758544
20159 1.8171182
20259 1.8537674
20359 1.8623304
20459 1.6888175
20557 1.1210413
20658 0.45452213
20759 -0.10532999
20858 -0.4460249
20958 -0.7033429
21058 -0.88319016
21158 -1.0223675
21259 -1.0955124
21361 -1.0915961
21462 -0.53443813
21560 0.62360764
21659 1.3857388
21759 1.7818384
21859 1.9978843
21961 2.1510363
22061 2.1913633
22161 2.0250573
22261 1.2177095
22360 0.412179
22462 -0.21078014
22561 -0.7558074
22662 -1.2611668
22761 -1.5934567
22861 -1.7330327
22962 -1.7407837
23062 -1.5157723
23162 -0.5961809
23263 0.61531305
23364 1.2410631
23463 1.6495752
23563 1.8363504
23663 1.9168482
23763 1.970304
23863 1.8899984
23964 1.2230711
24064 0.28017664
24165 -0.4674492
24264 -1.0277214
24364 -1.4725788
24465 -1.6657155
24565 -1.7649131
24665 -1.750195
24765 -1.4567478
24865 -0.52893925
24965 0.5188894
25066 1.2638116
25165 1.7015381
25265 1.9837747
25367 2.1605477
25467 2.2867851
25566 2.3233514
25666 2.172719
25766 1.4239721
25866 0.290658
25950 -0.3351941
26050 -0.868999
26150 -1.2480798
26250 -1.4149635
26352 -1.4471455
26451 -1.4413044
26551 -1.4300804
26652 -1.4257457
26751 -1.3158753
26851 -0.50715685
26951 0.537941
27052 1.3046422
27152 1.6204743
27252 1.8384604
27352 1.9208031
27452 1.9280767
27552 1.8469114
27653 1.2144451
27753 -0.10594845
27853 -0.99245834
27953 -1.4834964
28053 -1.7408204
28153 -1.9718275
28257 -2.2761884
28356 -2.2245111
28457 -1.8838055
28555 -0.8592124
28654 0.4475999
28755 1.4324827
28855 1.9328966
28955 2.1139412
29055 2.1217146
29155 1.8996086
29255 1.3159628
29355 0.039647102
29455 -0.9493027
29559 -1.7272601
29656 -2.2593997
29759 -2.8673592
29856 -3.1061559
29956 -3.3531976
30057 -3.3758433
30159 -2.0347664
30260 -0.7376723
30359 0.5202465
30459 1.4793267
30558 2.08042
30658 2.2738562
30758 2.2760658
30858 2.0454092
30958 1.421772
31058 0.18185139
31162 -0.84935045
31259 -1.7376335
31362 -2.5079865
31462 -3.3472445
31559 -3.8669446
31659 -3.4710984
31760 -3.2910657
31861 -2.3309743
31960 -0.6606884
32060 0.55000544
32161 1.350707
32261 1.9408159
32360 2.0997772
32461 2.1166625
32561 2.0573373
32661 1.4433355
32761 0.30000877
32861 -0.7968087
32962 -1.615078
33063 -2.2940001
33163 -2.9276707
33262 -3.3639588
33362 -3.2850652
33462 -3.2887864
33564 -3.2900002
33663 -3.2210827
33763 -1.2925751
33864 0.2555976
33964 1.4906693
34064 2.191774
34164 2.568593
34264 2.393714
34364 1.9168062
34465 0.7983899
34565 -0.58353424
34664 -1.5685401
34766 -2.2659383
34865 -2.6754024
34965 -2.9265795
35065 -3.1128647
35166 -2.8226523
35267 -1.750103
35365 -0.26600885
35466 0.9877353
35566 1.8692846
35667 2.51689
35767 2.8543525
35850 2.8292418
35950 2.2026834
36050 1.2830935
36150 0.35405064
36250 -0.7079325
36350 -1.6553836
36451 -2.2216506
36552 -2.787557
36652 -3.1064818
36751 -3.178557
36851 -3.096261
36952 -2.4538383
37053 -1.1006737
37152 0.16850567
37252 1.4643312
37352 2.204709
37452 2.9398031
37552 3.3963041
37652 3.4769125
37753 2.9903383
37853 2.4042168
37954 1.5809288
38054 0.7416458
38153 0.011452675
38253 -0.73721695
38357 -1.4259186
38457 -1.9684358
38557 -2.7542877
38656 -3.003612
38757 -2.9810474
38857 -2.5492005
38957 -1.0931449
39056 0.24987888
39156 1.129004
39257 1.8424873
39356 2.159227
39456 2.1318827
39556 1.703382
39657 0.8105278
39757 -0.24788189
39856 -1.4306774
39957 -2.0460153
40057 -2.423077
40157 -2.6942592
40257 -2.884252
40357 -2.898495
40458 -2.866283
40558 -1.9591365
40658 -0.9953613
40758 -0.2540002
40859 0.49157572
40959 0.9849949
41061 1.1482368
41159 1.2271795
41259 1.2594843
41358 1.2243509
41461 0.6629114
41559 -0.86129284
41660 -2.1182463
41761 -3.1889367
41859 -3.6193135
41960 -3.8079345
42060 -3.79448
42161 -3.2655792
42261 -1.6547508
42361 0.07885218
42461 1.1395202
42561 1.6478605
42662 1.8746352
42761 1.9612298
42862 1.8954444
42962 1.3525
43063 0.25782824
43162 -0.81737995
43263 -1.9747586
43363 -2.5983195
43463 -2.8315215
43563 -2.8006816
43663 -2.2848432
43764 -1.1006749
43865 -0.09849882
43963 1.0228705
44064 2.0392647
44165 3.1784458
44265 3.411831
44364 3.1628084
44465 2.3124733
44565 0.8652563
44664 0.18105316
44764 -0.7195759
44865 -1.6206264
44965 -2.311936
45065 -2.7991433
45166 -2.9883232
45265 -3.0333662
45366 -2.9838414
45466 -2.630829
45567 -1.3379478
45667 -0.049725533
45766 0.68900776
45866 1.4237938
45950 2.113134
46050 2.4002686
46150 2.3342352
46250 1.5126176
46351 0.49487543
46451 -0.556293
46551 -1.7739384
46651 -2.2630007
46751 -2.4271636
46852 -2.4084144
46952 -1.8248906
47052 -0.37113285
47152 0.8183117
47252 1.7213659
47352 2.491006
47452 3.108386
47552 2.8997178
47653 1.7316313
47753 0.43282986
47856 -0.76075745
47956 -1.9772649
48053 -2.5793371
48156 -2.631704
48253 -2.4386506
48356 -1.547046
48456 -0.450747
48554 0.5542002
48655 1.8781419
48754 2.6855674
48855 3.064268
48955 2.9927492
49056 2.2594008
49156 1.0610518
49255 -0.01748705
49355 -1.2034752
49458 -1.9599795
49556 -2.495343
49656 -2.3940892
49758 -1.7301757
49858 -0.76923466
49959 0.3163643
50058 1.3514509
50157 2.3058906
50258 3.0397253
50359 3.2352514
50458 3.1099024
50557 2.3259673
50658 1.4856462
50759 0.7286334
50858 -0.040379524
50959 -0.96036434
51058 -1.963202
51161 -2.2230268
51259 -2.1899827
51359 -2.002449
51460 -0.8368368
51560 0.13327503
51659 1.100286
51765 1.9223328
51860 2.656713
51961 2.8883944
52062 2.8575544
52161 2.074253
52261 0.7699075
52361 -0.19947338
52462 -1.2115142
52561 -2.202549
52661 -2.4226022
52763 -1.8841796
52863 -1.3337948
52962 -0.27749205
53062 0.82920504
53162 1.6847076
53263 2.5972886
53363 2.8737578
53463 2.9455862
53563 2.2526717
53664 1.110261
53765 0.19787073
53863 -0.6941147
53963 -1.5928948
54064 -2.0201106
54165 -2.3190558
54264 -1.9879363
54364 -0.78270245
54465 0.34507656
54565 1.2604342
54664 2.1709251
54765 2.892264
54865 3.1485415
54965 2.7312675
55066 1.536025
55165 0.26808834
55265 -0.7221546
55365 -1.3420148
55465 -2.1538548
55566 -2.4011083
55799 -1.0098977
55900 -0.30893183
56001 0.827621
56100 1.7912064
56201 2.5632567
56300 3.3071756
56402 3.2625074
56501 2.1069183
56601 0.865489
56701 -0.08786297
56802 -0.9795275
56902 -1.9942927
57002 -2.9250138
57102 -3.2271993
57203 -3.085127
57302 -2.4443495
57402 -1.0681357
57503 0.16225147
57605 1.3115387
57705 2.390792
57803 3.17134
57903 3.2876682
58005 2.711772
58105 1.3763375
58204 0.3212514
58304 -0.46622944
58405 -1.7682655
58505 -2.5778682
58605 -3.033901
58688 -3.0426528
58805 -2.299667
58888 -1.2347159
58988 -0.09731197
59089 1.1824045
59189 2.5552855
59289 3.075327
59389 3.5827045
59489 3.3136091
59589 2.106823
59690 0.69194794
59790 -0.23321056
59890 -1.3017311
59990 -2.7106376
60090 -2.9808974
60191 -2.90382
60290 -2.223223
60391 -0.60327625
60491 0.6843376
60591 1.76718
60691 2.7619987
60796 3.2670956
60891 3.4569254
60994 3.3895187
61094 2.7176008
61194 1.4689016
61294 0.06174612
61394 -0.86112976
61494 -1.6025276
61593 -2.3620448
61694 -2.8589864
61794 -2.78573
61893 -2.072878
61993 -0.8797512
62093 0.45986366
62193 1.6248884
62296 2.3415442
62396 2.8906074
62496 3.075508
62594 2.7463274
62695 1.5959806
62795 0.87836695
62895 -0.27346945
62995 -1.365315
63095 -1.9402053
63196 -2.200042
63296 -2.1545732
63399 -1.2511559
63496 -0.11199999
63597 0.9747653
63697 1.88171
63796 2.5320306
63897 2.8330054
63996 2.9264727
64097 2.6061273
64199 1.3257957
64298 -0.03528118
64398 -1.205565
64498 -1.8886838
64599 -2.21824
64698 -2.3845482
64801 -2.3157423
64899 -1.4593773
64999 -0.2883978
65099 0.8703208
65199 1.96418
65299 2.9715223
65400 4.011986
65500 4.683033
65601 4.0933437
65701 2.8717737
65801 1.9660978
65900 0.7879472
66000 -0.3043971
66100 -1.2738011
66200 -2.097139
66302 -2.7466512
66401 -2.6559448
66502 -3.2289977
66601 -3.3151095
66703 -2.3219452
66802 -1.3690841
66902 0.04004383
67003 1.3383989
67103 2.338047
67203 3.23771
67303 4.0617905
67403 4.371971
67503 4.43521
67603 3.4674091
67703 2.040155
67803 1.0100756
67903 0.026366234
68005 -1.009285
68104 -2.1730964
68204 -3.547767
68305 -5.0
68405 0.0
68505 0.0
68588 0.0
68688 0.0
68805 0.0
68888 0.0
68988 0.0
69089 1.6666832
69189 2.990065
69289 3.6852608
69390 4.155284
69489 4.024194
69589 3.106779
69690 1.8150682
69790 0.656342
69890 -0.43033075
69990 -1.5244045
70090 -2.3860025
70191 -2.9045289
70292 -3.1656756
70391 -3.161416
70491 -2.8412719
70594 -2.225078
70691 -1.1235023
70795 0.043118477
70894 1.0739994
70992 1.7802553
71094 2.595561
71194 3.305625
71294 3.6828537
71394 3.7261925
71494 3.1941357
71593 2.289692
71693 1.5685463
71793 0.7785673
71896 -0.061590195
71994 -0.6423869
72096 -1.3106494
72196 -2.2427554
72294 -2.8857458
72396 -2.9846501
72496 -2.6644611
72594 -1.7146125
72695 -0.5365772
72796 0.66126585
72895 1.4824915
72995 2.0634375
73095 2.458973
73196 2.8662887
73296 3.032446
73396 2.775641
73499 2.1405296
73596 1.6313171
73696 0.65775967
73799 -0.13569498
73896 -0.9021101
73997 -1.5993793
74099 -2.4242063
74199 -3.0197883
74299 -3.059481
74399 -2.5602493
74500 -2.0498672
74598 -0.69052744
74698 0.65956974
74799 1.5816817
74898 2.2533126
74998 2.9122634
