40 -1.2610469
139 -1.9728167
239 -2.159712
340 -2.016904
440 -1.2784438
540 0.46368504
641 1.7448006
741 2.385549
841 2.5797973
941 2.5934858
1042 2.358365
1142 1.4938645
1242 0.3091936
1343 -0.7972002
1443 -1.7297821
1543 -2.150339
1644 -2.1484509
1743 -1.486505
1844 0.23090267
1944 1.4374695
2044 2.0064154
2145 2.1381693
2245 2.0129142
2345 1.6205468
2445 0.8098211
2546 -0.20242405
2646 -0.9752984
2746 -1.2681725
2846 -1.3332329
2947 -1.2647038
3048 -1.0878532
3147 -0.932847
3248 -0.8168688
3348 -0.6377144
3448 -0.4205718
3548 -0.2196989
3648 -0.11018753
3749 -0.06588793
3849 -0.046116352
3950 -0.037999153
4050 -0.029046059
4150 0.01840496
4250 0.15548515
4351 0.44219637
4451 1.397275
4552 2.5101814
4652 2.8320298
4752 2.7522264
4852 2.2086706
4952 1.4674797
5053 0.8538976
5136 0.24159765
5236 -0.38749266
5337 -0.90878296
5437 -1.0645573
5537 -0.93351984
5638 0.21624565
5738 1.6035943
5838 2.6104317
5937 2.9895997
6038 3.0249977
6139 2.4909997
6239 0.86347294
6339 -0.95770645
6440 -2.3250818
6540 -3.1005287
6640 -3.01369
6740 -1.7874031
6841 -0.1873231
6941 1.4905424
7041 2.4434214
7141 2.660328
7242 2.5752869
7342 1.8948565
7442 0.6472459
7542 -0.7773609
7643 -2.087691
7743 -2.7291074
7843 -2.859369
7944 -1.9567685
8043 -0.36617374
8144 1.3241949
8244 2.2908964
8345 2.6642675
8444 2.6445937
8545 2.1461458
8645 0.80640984
8746 -0.5943384
8846 -1.9215262
8946 -2.6628704
9046 -2.9181552
9147 -2.4167712
9246 -0.8220248
9347 0.779788
9448 1.9377594
9548 2.6372123
9648 2.7725248
9748 2.340866
9848 1.2704897
9948 -0.32610512
10049 -1.616077
10150 -2.4366152
10250 -2.7184553
10350 -2.2637355
10449 -0.75583696
10550 0.68965054
10650 2.012323
10751 2.754754
10852 3.0166264
10951 2.8998542
11052 2.0640388
11152 0.46029377
11252 -0.96663046
11336 -2.0356596
11436 -2.6404216
11537 -2.7527585
11637 -2.0226097
11737 -0.43830013
11837 0.9973016
11937 1.8173952
12038 2.0784655
12138 2.0147362
12238 1.4368224
12338 -0.0059490204
12439 -1.3677921
12539 -2.3505654
12639 -2.6472507
12739 -2.308308
12840 -1.0652671
12940 0.37970638
13040 1.679203
13141 2.4640503
13241 2.7417665
13342 2.3709335
13441 1.3425231
13541 -0.051479816
13642 -1.6378143
13742 -2.7395167
13842 -2.9972072
13943 -2.450069
14043 -0.95048094
14143 0.75880814
14244 1.9655609
14344 2.7367172
14444 2.929534
14545 2.4957094
14644 1.278965
14745 -0.25528574
14846 -1.6778228
14946 -2.3740876
15045 -2.460981
15146 -1.9886451
15247 -0.5628972
15346 0.9072046
15447 2.1875715
15548 2.8974047
15648 2.9032068
15747 2.1559954
15848 1.0808096
15948 -0.11260128
16048 -1.0029309
16148 -1.7621086
16249 -2.244783
16349 -2.6385856
16450 -2.8272984
16550 -2.5554547
16650 -1.240118
16750 -0.086675644
16850 0.6829004
16951 1.0677075
17051 1.2993536
17152 1.4093528
17252 1.4074373
17469 0.33024263
17569 -0.526422
17669 -1.1233749
17770 -1.5737281
17870 -1.9599805
17971 -2.319572
18070 -2.490415
18171 -2.412928
18270 -1.4955049
18371 -0.6190734
18472 -0.037546635
18571 0.33994246
18672 0.7334604
18773 1.0735173
18873 1.3534784
18973 1.5094934
19073 1.5267358
19174 1.1394587
19274 0.20510578
19374 -0.6367502
19474 -1.2227302
19575 -1.7178216
19675 -2.1484387
19775 -2.5384884
19874 -2.8512454
19975 -3.0244489
20076 -3.0984988
20176 -3.1308455
20276 -2.9020858
20376 -2.2067807
20477 -1.4196191
20577 -0.6965318
20678 -0.0728426
20778 0.502439
20878 1.0391893
20978 1.451355
21078 1.6333022
21179 1.766921
21279 1.8228164
21379 1.8460016
21480 1.8454413
21580 1.7602682
21680 1.3465714
21781 0.9679718
21881 0.94856167
21981 0.95890665
22081 0.73761463
22165 0.32614422
22265 0.015614033
22366 -0.33606958
22466 -1.0006695
22566 -1.8628163
22665 -2.4127717
22767 -2.8325133
22867 -3.0907884
22967 -3.1966052
23067 -3.2714648
23168 -3.2640357
23268 -3.060511
23368 -2.1016273
23468 -1.0684979
23569 -0.24111652
23669 0.35668468
23769 0.9188247
23869 1.3753915
23970 1.6907029
24070 1.8546853
24170 2.0210228
24271 2.1964006
24370 2.340703
24471 2.4258118
24571 2.4407296
24671 2.2751684
24772 1.5398493
24871 0.7355223
24972 0.09789562
25072 -0.3969431
25173 -0.7434325
25274 -1.0013313
25373 -1.220784
25474 -1.381989
25574 -1.5021102
25674 -1.5654483
25775 -1.6121716
25875 -1.680439
25975 -1.7764258
26074 -1.8648996
26176 -1.9252391
26276 -1.9641566
26376 -1.9823468
26477 -2.0174541
26577 -2.0485315
26677 -1.5695462
26777 -0.56428146
26878 0.21437407
26978 0.7435765
27078 1.1098366
27178 1.3834105
27278 1.4813018
27379 1.4792266
27478 1.0673218
27579 0.08648348
27679 -0.7413273
27780 -1.3635571
27880 -1.8833804
27980 -2.1963882
28081 -2.382578
28181 -2.466562
28281 -2.5010097
28365 -2.4723544
28465 -2.1414762
28565 -1.4719002
28665 -0.9878626
28766 -0.5316086
28866 -0.18855286
28967 0.20436525
29067 0.5121317
29167 0.7697649
29267 1.0319772
29367 1.171134
29468 1.221715
29568 1.1981988
29668 0.9754119
29769 0.48249435
29869 -0.10025644
29969 -0.5308609
30070 -0.7817416
30169 -1.1102874
30270 -1.4762962
30370 -1.8818212
30471 -2.2227252
30570 -2.3627849
30671 -2.4611344
30771 -2.5069776
30871 -2.5030055
30972 -2.1432781
31072 -1.1111712
31172 -0.38906193
31273 0.25370598
31373 0.9275794
31473 1.3496833
31573 1.6789412
31674 1.8690119
31774 1.9638681
31874 2.0436583
31974 2.0577383
32075 1.7014565
32175 0.51717997
32275 -0.72843456
32375 -1.5896327
32476 -2.1616697
32576 -2.3739555
32676 -2.4436417
32777 -2.4376414
32877 -2.2266133
32976 -1.0787385
33078 -0.15077305
33178 0.6723194
33278 1.3302631
33377 1.7563834
33478 1.8641939
33579 1.8677506
33678 1.8568368
33779 1.8156776
33880 0.94789267
33980 -0.43267345
34079 -1.6792934
34180 -2.326366
34280 -2.535804
34380 -2.5055897
34481 -1.5819135
34564 -0.4907055
34665 0.24920893
34765 0.9202323
34866 1.2403574
34966 1.3308363
35065 1.3246202
35166 0.9902549
35266 -0.06880236
35367 -1.2147973
35467 -2.006855
35567 -2.3857868
35668 -2.4896855
35768 -2.4928415
35868 -2.4475086
35969 -1.8457541
36069 -0.33139038
36169 0.87894106
36269 1.5207472
36370 1.7612877
36470 1.7912931
36570 1.6478553
36670 1.1864519
36771 0.385067
36871 -0.5123224
36971 -1.4385784
37071 -2.218738
37171 -2.5018559
37272 -2.567831
37371 -2.470799
37472 -1.7195938
37573 -0.35789967
37673 0.7021737
37773 1.4655099
37873 1.8542466
37974 2.1540275
38074 2.2536955
38175 2.2707305
38274 2.22163
38375 2.0174775
38475 1.1772199
38575 0.087984085
38675 -1.0066829
38776 -1.786628
38876 -2.2152245
38977 -2.2962337
39077 -2.3022058
39177 -2.2755742
39278 -2.1283498
39378 -1.5148525
39478 -0.2948885
39578 0.82529736
39678 1.5653925
39779 2.0556307
39879 2.1593919
39979 2.217771
40080 2.2076125
40179 2.1698418
40280 1.9676924
40380 0.91834927
40481 -0.34871292
40581 -1.5002911
40681 -2.2743714
40764 -2.4637046
40865 -2.5020869
40964 -2.4860873
41066 -2.4179707
41166 -2.3121839
41266 -2.1617572
41366 -1.2091446
41467 0.5660162
41567 1.6435575
41667 2.2796836
41767 2.5141273
41868 2.5647073
41968 2.5471344
42068 2.4952002
42167 2.4788575
42269 2.4291434
42369 2.3081956
42468 1.3561993
42570 -0.19815779
42670 -1.1780338
42770 -2.0144536
42870 -2.2817347
42971 -2.3768818
43071 -2.3329167
43171 -2.3330235
43271 -2.3333397
43372 -2.2930145
43472 -1.8619466
43572 -0.7270136
43672 0.5208864
43773 1.3982763
43873 1.9765878
43973 2.204959
44073 2.2835054
44174 2.3084402
44274 2.294983
44374 2.1971498
44474 1.5364099
44575 0.2537694
44675 -0.7508931
44775 -1.4980965
44876 -2.0140421
44976 -2.255958
45076 -2.2368977
45176 -1.9212441
45276 -1.0744414
45377 0.07304287
45477 1.0837374
45577 1.7512064
45678 2.1625977
45778 2.2983322
45878 2.3695745
45978 2.4242935
46079 2.434043
46179 2.3811355
46279 2.3111763
46379 2.2989945
46480 2.3291984
46580 2.3848991
46681 2.3515716
46781 2.329277
46881 2.3220215
46965 2.3164377
47065 2.313002
47165 2.3123426
47265 2.3148575
47366 2.1004229
47466 0.02959156
47566 -1.8688207
47665 -2.7524192
47767 -3.0093014
47867 -2.7050815
47967 -1.5181305
48068 -0.064062595
48168 1.6193705
48268 2.5839972
48368 2.9560242
48469 2.8911119
48569 2.5145483
48669 1.6224761
48769 0.3904295
48870 -0.7619033
48970 -1.596112
49070 -1.8742509
49170 -1.847379
49270 -0.9637909
49371 0.6868601
49471 1.9785867
49571 2.6072516
49671 2.7827024
49772 2.756485
49872 2.2539468
49973 1.1890125
50073 -0.26366138
50173 -1.5196819
50274 -1.9180763
50374 -2.1988444
50474 -1.9961712
50574 -0.8180609
50674 0.7393298
50774 2.0297747
50875 2.6390824
50975 2.7932296
51076 2.5149078
51176 1.5884657
51276 0.09950638
51376 -0.8404536
51477 -1.6442821
51577 -2.0003781
51677 -1.7836792
51778 -0.5776892
51878 0.90534306
51978 2.116899
52078 2.8165002
52178 3.0743122
52279 2.8021827
52379 1.9895668
52479 1.0129347
52579 -0.6493859
52679 -1.6394634
52780 -1.9923174
52881 -2.0636272
52980 -1.4038556
53081 0.26080894
53181 1.5786729
53265 2.3568
53365 2.7621942
53465 2.8341303
53566 2.716723
53666 1.9892869
53766 0.7421484
53866 -0.5553241
53967 -1.7262254
54067 -2.3289273
54167 -2.4345944
54267 -2.225299
54368 -1.0698802
54468 0.60275793
54568 1.7350554
54669 2.4081087
54768 2.6986628
54869 2.6382575
54969 1.8987722
55070 0.7856879
55169 -0.5412388
55270 -1.511575
55369 -1.9514165
55470 -2.0177999
55571 -1.5909469
55670 -0.076314926
55771 1.0897846
55871 2.2137055
55971 2.7213197
56072 2.9160051
56172 2.7780433
56273 1.6510439
56372 0.0934515
56473 -1.380146
56574 -2.1187406
56674 -2.424745
56774 -2.140656
56874 -1.2933795
56974 0.33754635
57074 1.6534996
57175 2.5369287
57275 2.9982514
57376 2.859603
57476 2.0830054
57576 0.9247737
57677 -0.54580307
57776 -1.7695904
57877 -2.5262203
57977 -2.6647325
58077 -2.2571244
58177 -0.83834314
58278 0.52296925
58378 1.8194885
58479 2.72828
58579 3.0776272
58679 3.1704063
58779 2.8593383
58879 1.7016001
58980 0.24646044
59080 -1.084373
59180 -2.2536273
59280 -2.8512454
59381 -2.9843743
59481 -2.674727
59565 -1.7648969
59665 -0.45965958
59766 0.9465456
59866 1.9846611
59966 2.6700745
60066 3.0911646
60166 3.2085629
60267 3.218995
60367 3.0011396
60467 1.8283906
60568 0.5627284
60668 -0.66546726
60768 -1.707288
60868 -2.3751025
60968 -2.6068404
61069 -2.5214972
61169 -1.8037362
61270 -0.34834528
61370 0.99149513
61470 2.077035
61570 2.9497986
61670 3.2866793
61771 3.2996502
61870 2.9461617
61971 1.8468742
62071 0.38750172
62172 -0.94768906
62272 -1.9577963
62372 -2.409366
62473 -2.5696738
62573 -2.2794957
62673 -0.6800971
62773 1.1894183
62874 2.3575072
62973 3.2046604
63074 3.4194946
63174 3.4234476
63275 2.9741087
63375 1.6322341
63475 0.18443727
63576 -1.4622922
63676 -2.551053
63776 -2.8594108
63876 -2.6828392
63976 -2.0110803
64077 -0.34328842
64176 1.1665215
64277 2.5585852
64377 3.4257908
64477 3.687933
64578 3.579072
64678 2.6999984
64778 1.0762672
64879 -0.58629084
64979 -1.9307106
65079 -2.8626792
65180 -3.1843696
65279 -3.1487775
65380 -1.8956037
65481 -0.09152079
65580 1.4683495
65681 2.5850744
65781 3.262804
65865 3.5017033
65965 3.395918
66066 2.5690317
66166 0.88097286
66266 -0.36686802
66366 -1.5821214
66466 -2.28521
66567 -2.5809207
66667 -2.4838126
66767 -1.430861
66868 0.3709855
66968 1.8869996
67068 3.2341566
67168 3.7764044
67269 3.8530073
67369 3.5974817
67469 2.3064308
67569 0.57774353
67670 -1.10811
67770 -2.5288231
67870 -3.1498559
67971 -3.246804
68071 -2.7811027
68171 -0.739738
68271 1.2647123
68371 2.780871
68472 3.7563639
68572 4.4217453
68673 4.3479357
68773 3.253128
68873 1.2385049
68973 -0.6258249
69073 -2.386929
69174 -3.3482053
69274 -3.835529
69374 -3.5907092
69474 -2.6612864
69575 -0.9136028
69675 1.1141729
69775 2.5459313
69876 3.388791
69976 3.3980274
70076 2.8585558
70176 1.8123932
70277 0.5175123
70377 -0.8876543
70477 -2.0835433
70577 -2.8515205
70677 -3.109865
70778 -2.595087
70878 -1.0924034
70978 0.8004222
71078 2.4014177
71179 3.2727327
71280 3.6704454
71379 3.6018353
71480 2.667544
71580 0.9727669
71680 -1.0595791
71780 -2.1103892
71881 -2.9255745
71980 -3.003931
72065 -2.445949
72165 -0.7459841
72265 1.0780272
72366 2.6265688
72466 3.7535162
72566 4.0388927
72665 3.6415367
72767 2.1813025
72866 0.47560072
72967 -1.0769863
73067 -2.3856363
73168 -3.053255
73268 -3.1666698
73369 -2.4874544
73468 -0.4740982
73569 1.4371119
73669 2.7390518
73769 3.3406649
73870 3.4273014
73970 3.017684
74070 1.8338614
74171 -0.02895403
74271 -1.8658733
74371 -3.0247326
74470 -3.3092291
74572 -2.6158788
74671 -1.0288157
74772 0.7589054
74872 2.277063
74973 3.0977106
3 2.3324623
103 2.8387442
204 2.9167786
304 2.6837745
404 1.9770584
503 0.5796509
605 -0.73902225
705 -2.0613399
804 -2.8448298
906 -3.0167017
1006 -2.1835597
1106 -0.43004036
1205 1.3350892
1306 2.520944
1407 3.0821638
1507 3.176427
1607 2.942778
1708 1.9544992
1808 0.50102997
1908 -0.8430171
2009 -1.8165879
2109 -2.3509476
2209 -2.3780198
2309 -1.5084381
2409 0.11199951
2510 1.6435966
2610 2.4964561
2710 2.692492
2811 2.7150192
2911 2.3476205
3011 1.1017122
3111 -0.15473843
3212 -1.4091239
3312 -2.4079394
3412 -2.7588832
3512 -2.653655
3613 -1.9297366
3713 -0.3477888
3813 0.8409109
3914 1.9796295
4013 2.731495
4114 2.9938765
4215 2.7339869
4315 2.1225386
4415 1.0633373
4515 -0.118317604
4615 -1.3257937
4716 -1.9518554
4815 -2.2227876
4915 -2.3079438
5016 -1.8680158
5117 -0.17370224
5217 1.1139011
5318 2.0783296
5417 2.5626054
5518 2.7426195
5618 2.6452117
5718 2.0673628
5818 0.7152853
5919 -0.5777688
6019 -1.7130554
6102 -2.2206202
6202 -2.47167
6303 -2.3785448
6404 -1.5948043
6503 -0.060982704
6604 1.2859411
6703 2.251082
6805 2.6934166
6905 2.8349242
7004 2.6699052
7105 2.1009521
7206 1.0170088
7306 -0.26048994
7406 -1.372107
7507 -2.003568
7607 -2.2097476
7707 -2.1396425
7807 -1.3658137
7907 0.3254676
8008 1.9074416
8107 2.9533129
8208 3.3053026
8308 3.302518
8409 2.6761208
8509 1.7371459
8609 0.3773327
8710 -1.2412002
8810 -2.1513696
8910 -2.413827
9010 -2.2781477
9110 -1.5917668
9210 -0.13863611
9311 1.0934048
9412 2.1222062
9511 2.6781836
9612 2.868528
9711 2.7038689
9812 2.0628395
9913 1.228343
10013 0.007595539
10113 -1.1818047
10213 -1.9536967
10313 -2.301792
10414 -2.3758316
10515 -2.035773
10614 -0.58139896
10715 0.6954279
10815 1.6939368
10915 2.3117952
11016 2.649129
11116 2.608303
11217 2.1745949
11316 1.446908
11416 0.16961432
11516 -1.1918793
11618 -2.1387239
11717 -2.554992
11818 -2.499105
11918 -1.6925073
12018 -0.08067751
12118 0.97433186
12219 1.886682
12319 2.4650726
12402 2.682724
12503 2.6178427
12603 2.081523
12703 1.4893098
12804 0.34538603
12903 -0.76559925
13005 -2.0331118
13105 -2.91483
13205 -3.1213908
13305 -2.906946
13405 -2.124828
13506 -0.44337273
13605 0.8765135
13706 2.330659
13806 3.0509033
13907 3.2609043
14007 3.1138592
14107 2.4747496
14207 1.3141441
14308 -0.028077126
14408 -1.1788483
14509 -2.0431545
14609 -2.6222584
14709 -2.8849692
14808 -2.4837203
14909 -1.2485626
15009 0.23995209
15110 1.4309478
15210 2.230063
15310 2.7739248
15411 3.0999165
15511 3.146021
15611 2.7703848
15711 1.7927017
15812 0.5218377
15912 -0.49807167
16012 -1.5420976
16112 -2.3254485
16213 -2.6537676
16314 -2.6651282
16414 -2.2682333
16514 -0.82678604
16614 0.42645645
16714 1.4058404
16815 2.1661286
16915 2.5044036
17015 2.6074095
17115 2.409608
17216 1.7033906
17316 0.46413183
17416 -0.7616854
17516 -1.8975544
17616 -2.8941624
17717 -3.1505156
17817 -3.2518053
17918 -3.4048905
18018 -3.4709659
18118 -3.462056
18218 -2.7245605
18318 -1.0633614
18419 0.34091473
18519 1.2080307
18603 1.67941
18703 2.0803108
18803 2.252069
18904 2.254828
19003 2.1644883
19104 1.8249712
19205 1.1955762
19305 -0.037988186
19405 -1.1267154
19505 -2.1001604
19605 -2.7157815
19706 -2.9865472
19806 -2.7159333
19906 -1.8401163
20007 -0.30038643
20107 0.53968334
20207 1.3696551
20307 1.7761192
20407 2.089284
20508 2.1758065
20608 2.0954628
20708 1.792552
20809 1.153482
20909 -0.22453594
21008 -1.2983925
21109 -2.1442425
21209 -2.4985483
21310 -2.5548654
21410 -2.461727
21511 -1.9795678
21611 -0.7141032
21711 0.28799725
21811 0.998229
21911 1.500257
22011 1.8803878
22111 2.053514
22212 2.1880884
22313 2.2307177
22413 2.0968528
22513 0.5794196
22614 -0.68415546
22714 -1.8768909
22813 -2.4144797
22914 -2.4072564
23014 -2.0090861
23114 -1.0470707
23214 0.027587414
23315 0.86814594
23416 1.7076912
23515 2.1731024
23616 2.4823074
23717 2.6653223
23817 2.6982827
23916 2.577674
24018 1.9975348
24117 1.2266731
24218 0.6950865
24318 -0.6154232
24418 -1.2586353
24519 -1.9677253
24619 -2.3113918
24718 -2.3440826
24803 -2.3543353
24902 -1.9774585
25002 -0.50819635
25102 0.50002193
25203 1.404489
25303 1.9797363
25404 2.3874025
25505 2.6982222
25605 2.7221518
25705 2.5955515
25804 2.2196593
25906 1.1321144
26005 0.07630348
26106 -1.0544949
26206 -1.9932799
26307 -2.2722287
26407 -2.3365211
26507 -2.341474
26607 -2.040292
26707 -0.8696065
26808 0.32864332
26907 1.0094867
27009 1.7599449
27108 2.1419234
27209 2.3229675
27309 2.4669313
27409 2.4972138
27510 2.4028916
27609 1.815908
27711 0.65139675
27811 -0.40119505
27911 -1.5013041
28011 -2.2507296
28111 -2.5669122
28212 -2.7578073
28312 -2.7794876
28413 -2.5176988
28512 -1.6954563
28613 -0.1675787
28712 0.78224087
28813 1.5475149
28913 1.9070482
29014 2.1408257
29114 2.2591906
29214 2.270082
29315 2.1508265
29414 1.6010146
29515 0.7096553
29616 -0.67077494
29715 -1.8131676
29816 -2.2935777
29915 -2.4167256
30017 -2.5141997
30117 -2.3428357
30217 -1.6431065
30316 0.1329813
30418 1.35748
30518 2.2762213
30618 2.7389326
30718 3.0024881
30819 3.1304617
30919 3.1433096
31019 2.962419
31102 2.4690642
31203 1.1041336
31302 -0.08349037
31403 -1.1612709
31504 -1.755497
31604 -1.9225278
31705 -1.9206119
31805 -1.8168635
31905 -1.4430962
32005 -0.46372843
32105 0.5561185
32206 1.4279404
32306 1.9257956
32406 2.433989
32507 2.6737504
32606 2.860793
32707 2.837335
32807 1.9011269
32907 0.858418
33008 -0.27435064
33108 -1.2342505
33208 -2.0077016
33308 -2.2817984
33409 -2.3607836
33509 -2.3256748
33609 -2.191979
33710 -0.6606164
33809 0.31703472
33910 1.1300468
34010 2.2463622
34111 2.7172823
34211 2.8887377
34311 2.8658829
34412 2.8275924
34511 2.4356775
34612 1.1416807
34712 0.045694828
34813 -0.81310844
34912 -1.559772
35013 -1.8249459
35114 -1.936127
35214 -1.7647705
35314 -1.1573386
35414 -0.13565826
35515 0.9051156
35614 2.108121
35715 2.8495436
35816 3.1808996
35915 3.3036356
36016 3.2347908
36116 3.0736217
36217 2.3936057
36316 1.2449465
36417 0.15336132
36517 -0.70177174
36618 -1.3963063
36717 -1.9048448
36818 -1.9391074
36918 -1.6414323
37018 -0.94473267
37118 0.37177277
37218 1.3195791
37319 2.0821886
37402 2.757113
37503 3.338601
37604 3.4891005
37704 3.5133133
37803 3.3797598
37903 2.9544501
38005 1.748342
38105 0.42146397
38205 -0.5432954
38305 -1.3884087
38406 -1.8400791
38506 -1.9184651
38606 -1.8786383
38706 -1.4952202
38806 -0.26001453
38907 0.909677
39007 1.8217783
39107 2.588449
39208 3.1631832
39308 3.3116055
39408 3.3950005
39508 3.3928423
39609 3.1550179
39708 1.963903
39809 0.8280134
39910 -0.4197054
40010 -1.3363247
40110 -1.9329045
40209 -2.092586
40311 -2.0814111
40411 -2.0325994
40511 -1.7844784
40611 -0.48731995
40711 0.708971
40812 1.8750587
40912 2.732112
41013 3.242957
41113 3.4314194
41213 3.4271412
41313 3.123415
41413 2.1663895
41513 1.0720739
41613 0.08951664
41714 -0.9054055
41814 -1.5950665
41915 -1.9284804
42015 -2.0319068
42116 -2.0181365
42216 -1.9270351
42315 -1.5677102
42416 -0.15038395
42516 0.8980489
42617 1.5455995
42717 2.2783709
42818 2.7085848
42918 2.9333892
43018 2.9540014
43118 2.9542856
43218 2.527028
43318 0.9028959
43419 -0.4761095
43519 -1.2601693
43603 -1.5237861
43703 -1.5414386
43803 -1.2332242
43904 -0.34652662
44004 1.2207975
44103 2.3275886
44204 3.0447426
44304 3.2597961
44405 3.0977974
44505 2.7024078
44606 1.5382614
44705 -0.057997704
44806 -1.0195789
44906 -1.5301025
45007 -1.5756683
45107 -1.5614007
45207 -1.5379062
45307 -1.5271378
45408 -1.4286106
45507 -0.13560152
45608 0.8094721
45709 1.2433667
45808 1.596673
45909 1.7159362
46009 1.7226934
46109 1.7232561
46210 1.7258072
46310 1.7325883
46409 1.3233542
46511 -0.69862795
46610 -1.8936098
46711 -2.1631026
46811 -1.7525039
46911 -0.2936387
47012 1.0785079
47112 2.037726
47212 2.6002898
47312 2.4081469
47412 1.670011
47513 0.423038
47614 -0.50794363
47713 -1.545979
47813 -1.9407859
47915 -1.9020495
48015 -1.006434
48115 0.31319714
48215 1.4993553
48315 2.5233016
48416 2.7496238
48515 1.9572191
48617 1.0840106
48716 -0.17126703
48816 -1.4883823
48917 -2.1996503
49017 -2.1231074
49117 -1.096463
49218 0.40513372
49318 1.858448
49418 2.8858008
49519 3.2797937
49618 3.2081318
49718 2.0164413
49803 0.6710601
49903 -0.7467494
50002 -2.0028915
50103 -2.3651912
50204 -2.089686
50304 -0.75765944
50405 0.807662
50505 2.2384849
50605 2.767302
50705 2.7103853
50805 1.9568415
50906 0.17350817
51006 -1.1882272
51106 -2.2660415
51206 -2.4460878
51307 -1.8599353
51406 -0.01736927
51507 1.213541
51607 2.5191498
51707 2.976448
51808 2.871142
51908 1.7858405
52009 0.2222271
52109 -1.0000386
52209 -1.8827226
52309 -2.1127095
52410 -1.65097
52509 -0.19855738
52610 0.94979286
52711 2.0223036
52810 2.6485252
52911 2.6758156
53011 1.7041917
53111 0.5652356
53212 -1.0451329
53312 -1.8977773
53413 -2.3504865
53512 -2.340653
53612 -1.5717468
53713 0.41807365
53814 1.9118018
53913 2.8204699
54014 3.112525
54114 2.7851448
54215 1.5256586
54315 -0.28336716
54414 -1.925204
54516 -2.709964
54615 -2.6985743
54716 -1.4919484
54816 0.5918555
54916 1.9186487
55016 3.2081146
55116 3.4802265
55217 3.0696144
55318 1.3043094
55418 -0.37085724
55517 -1.8784909
55618 -2.438748
55718 -2.1581278
55818 -0.8656702
55919 0.8578901
56003 1.9728799
56103 3.011899
56203 3.29743
56302 2.431675
56404 1.0280437
56504 -0.6107311
56604 -1.9811327
56705 -2.6741483
56805 -2.5538797
56904 -1.1291764
57005 0.5381794
57106 1.9283142
57205 2.7632537
57306 3.0838785
57405 2.3198233
57507 0.93752146
57607 -0.5547795
57707 -1.878159
57808 -2.4998221
57907 -2.454329
58008 -1.0101318
58108 0.5420971
58208 1.7712278
58309 2.6618805
58409 2.8023634
58510 1.7432528
58610 0.45174503
58709 -0.97287846
58809 -2.3975642
58910 -2.83149
59010 -1.9180167
59111 -0.21855164
59211 1.7716455
59312 2.8231292
59412 3.3328667
59512 3.2147284
59612 2.1794634
59712 0.6996794
59813 -1.0594115
59913 -2.6838243
60014 -3.0016415
60113 -2.298568
60213 -0.64660454
60314 1.081214
60414 2.3305635
60515 2.997293
60615 2.6204286
60715 1.1570573
60816 0.14680195
60916 -1.3363171
61016 -2.4687443
61117 -2.8264463
61216 -2.1046739
61317 -0.014822006
61417 1.4922972
61517 2.993867
61618 3.5360212
61718 3.1437387
61818 1.7674646
61918 0.5061178
62018 -1.3411987
62119 -2.5982919
62219 -2.870157
62303 -2.1113691
62403 -0.43961048
62503 1.0351229
62604 2.1565614
62704 3.0214148
62804 3.567419
62904 3.3426762
63005 2.085794
63105 0.66945505
63205 -0.8983083
63306 -2.0679703
63405 -2.2287602
63506 -1.0798149
63607 0.61905
63707 1.8701525
63807 2.7212572
63907 3.1290255
64007 2.954976
64108 2.1513152
64208 1.0286851
64307 -0.37582254
64408 -1.7254047
64509 -2.1654801
64609 -2.1557484
64709 -0.8946805
64809 0.5174117
64909 1.6271143
65010 2.437622
65110 2.6216202
65211 2.3667269
65311 1.3669329
65410 0.002202034
65511 -1.0844905
65612 -1.7680466
65712 -1.9146585
65811 -1.3275712
65912 0.1439209
66013 1.0647464
66113 2.0285873
66214 2.2192903
66313 2.0047035
66413 1.2199993
66514 0.06688833
66614 -1.1473472
66715 -2.0323288
66815 -2.2631211
66915 -1.9638083
67014 -0.44238424
67116 0.72853184
67216 2.202096
67315 2.8059273
67416 2.5447435
67516 1.5356002
67617 -0.05833912
67717 -1.2998757
67818 -2.2617843
67918 -2.3681295
68018 -1.4733143
68118 0.29467392
68218 1.3496351
68319 2.654317
68419 2.924665
68503 2.4801445
68602 1.3930216
68703 0.22628069
68804 -0.9267378
68903 -1.6742344
69004 -1.7230315
69104 -0.81064177
69205 0.6756544
69305 1.8160286
69405 2.8479576
69505 3.2279263
69605 2.8919845
69706 1.5053396
69805 0.11660147
69907 -1.1810079
70006 -2.1016672
70107 -2.2364178
70207 -1.2939117
70307 0.45358324
70408 1.8496256
70507 3.1615238
70608 3.314355
70708 2.4206629
70809 1.0458288
70909 -0.4556551
71009 -1.5675101
71110 -2.3190372
71210 -2.3372285
71310 -1.1347535
71411 0.58790207
71511 1.709321
71610 2.7486076
71711 2.8858347
71811 1.672534
71911 0.36531258
72012 -1.1121571
72112 -2.114369
72213 -2.3525248
72312 -1.7798836
72412 0.03882122
72514 1.4313002
72614 2.4895792
72713 2.9136858
72814 2.588437
72915 1.1541896
73015 -0.3476529
73115 -1.6411407
73215 -2.5598056
73316 -2.5501955
73415 -1.3808026
73516 0.22040558
73616 1.5892587
73717 2.7151423
73816 3.1747007
73917 2.8262243
74018 1.3809085
74117 0.037887096
74218 -1.2319736
74317 -2.2666419
74418 -2.417902
74519 -1.5158257
74618 0.06951761
74719 1.5887656
74803 2.6848884
74903 3.2885704
75004 3.0734615
