16 2.164998
115 2.7374663
216 3.0936384
316 3.27977
416 3.3598938
516 3.2800665
616 2.9118185
716 2.1869888
816 1.1415334
916 0.3226471
1017 -0.60974693
1117 -1.601151
1216 -2.3157797
1317 -3.0326579
1418 -3.575644
1517 -3.9282973
1618 -4.109765
1717 -4.157665
1817 -4.0545335
1920 -3.3367445
2019 -2.500434
2119 -1.8231883
2219 -1.1131911
2319 -0.43700504
2419 0.31043243
2519 0.98068666
2619 1.5837984
2720 2.0957818
2819 2.5117173
2919 2.8323774
3020 3.047948
3121 3.148179
3204 3.0573034
3304 2.6135225
3421 1.6136484
3521 0.65420246
3621 -0.3478527
3706 -1.0663314
3821 -1.9207156
3906 -2.539917
4006 -3.1521993
4106 -3.5516343
4206 -3.8345857
4306 -3.9033415
4422 -3.8779118
4506 -3.6503134
4608 -2.8468804
4707 -1.9474511
4806 -1.0673873
4906 -0.37287092
5008 0.46291447
5106 1.2097836
5208 1.9638166
5307 2.5514235
5408 2.9427896
5508 3.1017303
5608 3.1752472
5708 3.1698246
5809 3.0077095
5909 2.5354614
6010 1.6921258
6109 0.909462
6209 -0.028616428
6310 -0.8016939
6409 -1.4716945
6510 -2.2331324
6609 -3.011326
6710 -3.3753164
6810 -3.5594957
6910 -3.7168305
7011 -3.7400572
7110 -3.7335064
7211 -3.4341993
7311 -2.4471555
7411 -1.6051323
7511 -0.6712942
7611 0.2957077
7711 1.1907568
7811 1.8177528
7911 2.4414496
8011 2.8876963
8112 3.2170324
8212 3.3557224
8313 3.3672495
8412 3.134408
8513 2.4673605
8612 1.6127081
8713 0.8612585
8814 -0.06056738
8913 -0.9025459
9014 -1.7604434
9113 -2.5793793
9214 -3.3303785
9314 -3.803069
9414 -4.027517
9514 -4.2053156
9614 -4.13596
9714 -3.7410798
9814 -3.1225483
9916 -2.3108513
10016 -1.5212281
10116 -0.56852245
10215 0.21320438
10316 0.95310926
10415 1.6713285
10516 2.3403168
10616 2.9105978
10716 3.2705822
10816 3.5341282
10916 3.586052
11017 3.542161
11116 3.312276
11217 2.4743853
11316 1.4573159
11418 0.67838573
11517 -0.2311821
11617 -1.0280247
11717 -1.7178268
11819 -2.4093401
11918 -3.0978532
12018 -3.6221516
12118 -4.0055323
12219 -4.112993
12318 -3.9336689
12419 -3.71205
12520 -3.3608258
12619 -2.2855628
12719 -1.3230152
12820 -0.77082825
12920 0.17186832
13021 1.0284677
13120 1.9717827
13221 2.5002007
13320 3.04496
13421 3.4171467
13520 3.6074896
13621 3.6300917
13721 3.471243
13822 2.717167
13923 1.8698211
14022 0.9704809
14122 0.021876335
14221 -1.0356476
14322 -1.9826655
14422 -3.0760674
14522 -3.6756117
14606 -4.0022016
14706 -4.2872443
14806 -4.342221
14906 -4.1963205
15024 -3.5768232
15108 -2.937252
15207 -1.9934819
15307 -1.0764441
15407 -0.27959204
15507 0.8129988
15608 1.837748
15709 2.863093
15808 3.5071058
15909 3.8824291
16009 4.007783
16109 3.935358
16208 3.6116848
16309 3.1944962
16412 2.7407584
16509 2.244316
16609 1.4462156
16709 0.10302639
16810 -1.1413486
16910 -2.020564
17011 -2.6311135
17110 -3.0036285
17211 -3.1540837
17311 -3.257811
17411 -3.423751
17511 -3.5444038
17611 -3.5980945
17712 -3.6554554
17811 -3.6726515
17912 -3.7108152
18012 -3.7468283
18112 -3.796414
18212 -3.8889697
18312 -4.0778074
18415 -4.1462765
18513 -4.1966987
18613 -4.236371
18713 -4.2681627
18813 -4.3026004
18912 -4.278591
19013 -4.1868153
19113 -3.75726
19213 -3.099164
19314 -2.3267062
19413 -1.4941814
19514 -0.75848675
19614 -0.022356987
19714 0.6028228
19815 1.2132483
19915 1.7426462
20014 2.202745
20115 2.6401877
20215 2.9192452
20315 3.1009827
20422 3.2069778
20515 3.239214
20616 3.2078457
20717 2.9996805
20816 2.4362068
20917 1.6679611
21017 0.91362333
21117 0.14133787
21216 -0.4578867
21316 -1.0220261
21417 -1.5499377
21517 -2.1090264
21619 -2.784153
21718 -3.36177
21817 -3.6601462
21919 -3.9341493
22018 -4.2225633
22118 -4.308797
22218 -4.419775
22318 -4.502681
22419 -4.444585
22519 -4.293433
22619 -3.6598423
22719 -3.0312672
22820 -2.4498498
22920 -1.758862
23020 -1.2063451
23120 -0.7021079
23220 -0.18977404
23320 0.34726143
23421 0.8512602
23520 1.4554534
23621 1.8519907
23721 2.1501198
23822 2.3133936
23921 2.4447565
24021 2.5400643
24121 2.5272722
24222 2.2243972
24322 1.2089686
24408 0.59699297
24523 -0.34070635
24606 -0.7846861
24707 -1.4230602
24807 -2.0290132
24907 -2.425981
25007 -2.750772
25106 -3.0472322
25208 -3.3189688
25306 -3.516728
25423 -3.5514293
25508 -3.5213957
25607 -3.3763084
25709 -2.9431777
25808 -2.271335
25909 -1.5751159
26008 -0.7213335
26108 -0.058922768
26209 0.39391518
26308 0.7754111
26410 1.2378206
26509 1.6413984
26609 2.0711265
26709 2.4440293
26810 2.7060547
26910 2.8512216
27010 2.9017706
27110 2.8583846
27210 2.5082383
27310 1.7331414
27410 0.99098015
27511 0.2442584
27610 -0.43884706
27712 -1.1723113
27811 -1.8498464
27911 -2.3068194
28011 -2.647464
28112 -2.9452684
28211 -3.215295
28312 -3.4486523
28412 -3.648845
28512 -3.7083144
28613 -3.7102904
28713 -3.6430156
28814 -3.3471718
28913 -2.6943796
29013 -2.0612414
29113 -1.702951
29213 -1.1747112
29313 -0.47988558
29414 0.13517141
29514 0.92408276
29614 1.5127716
29716 2.1082954
29814 2.5475564
29915 2.8515458
30015 3.137518
30114 3.3272943
30215 3.3796396
30315 3.2864094
30416 2.5026588
30515 1.441596
30616 0.5199518
30716 -0.40728283
30817 -0.9273915
30916 -1.4584765
31017 -1.9514577
31116 -2.5642457
31217 -3.0350318
31316 -3.5454912
31417 -3.936209
31518 -4.392366
31618 -4.540833
31719 -4.537353
31818 -4.36366
31918 -3.923665
32017 -2.9117942
32118 -2.0742083
32221 -1.1937377
32319 -0.5183706
32418 0.21615028
32519 0.82298183
32620 1.3053756
32719 1.8108454
32819 2.2381234
32920 2.6909723
33020 3.08111
33120 3.3157368
33220 3.4372559
33319 3.479457
33420 3.3971367
33522 3.0144129
33622 2.3119903
33722 1.7128234
33821 0.9426069
33921 0.24120426
34021 -0.4598837
34121 -1.029536
34221 -1.5230911
34322 -2.0773606
34422 -2.5812268
34523 -3.0013356
34623 -3.2427545
34722 -3.440113
34822 -3.552534
34923 -3.6108341
35023 -3.5922031
35123 -3.4611297
35223 -3.1004815
35323 -2.3980246
35424 -1.3632627
35524 -0.5996752
35624 0.017468452
35725 0.55008984
35824 0.92827463
35924 1.2678847
36011 1.6479521
36125 2.1862707
36210 2.586409
36325 3.0506039
36410 3.25393
36509 3.3791332
36611 3.4612226
36708 3.4473782
36810 3.2624311
36909 2.671154
37010 1.9905968
37109 1.3172879
37210 0.6913533
37311 -0.048888206
37410 -0.5527253
37511 -0.9765501
37611 -1.371268
37711 -1.7512207
37811 -2.0887408
37912 -2.4366348
38079 -2.809809
38128 -2.892907
38246 -3.0970201
38329 -3.1824412
38429 -3.197729
38529 -3.1987085
38658 -3.0391269
38783 -2.0488722
38845 -1.599823
38946 -1.0136294
39046 -0.54136324
39146 -0.004310131
39246 0.3722973
39347 0.82422256
39447 1.2768621
39547 1.6640158
39647 2.0175285
39748 2.3941307
39848 2.7788415
39948 2.9440527
40047 3.0365496
40148 3.0641718
40248 3.0154543
40348 2.7012482
40448 2.145627
40548 1.6150298
40650 1.0391531
40749 0.65752125
40834 0.1959877
40933 -0.23699808
41034 -0.6147046
41150 -1.2246773
41250 -1.686264
41335 -2.029695
41450 -2.5200124
41534 -2.8350568
41634 -3.2004702
41735 -3.4824178
41834 -3.607048
41935 -3.727541
42035 -3.8335977
42134 -3.8682716
42234 -3.8237112
42335 -3.5503259
42436 -3.0215118
42552 -2.438517
42637 -2.021576
42735 -1.6107528
42837 -1.1500595
42936 -0.67942095
43037 -0.253963
43136 0.26141644
43237 0.6569438
43338 1.101161
43437 1.5051942
43539 1.8891897
43637 2.1371803
43738 2.2846694
43838 2.3591132
43938 2.3833122
44037 2.3972192
44138 2.4056396
44238 2.390277
44338 2.137796
44438 1.5802279
44539 0.9211278
44639 0.34634304
44739 -0.18922234
44840 -0.73983955
44939 -1.3115983
45040 -1.7502322
45139 -2.2121298
45240 -2.5478466
45341 -2.9074206
45441 -3.1301835
45540 -3.2240503
45640 -3.2724533
45741 -3.322846
45841 -3.35189
45941 -3.2988987
46041 -2.8958304
46142 -2.3468585
46241 -1.7495427
46341 -1.3075671
46444 -0.8616133
46541 -0.29620075
46642 0.48474216
46743 1.0038924
46843 1.4477029
46943 1.9253435
47043 2.3495688
47143 2.7553568
47243 2.9934263
47343 3.1389914
47443 3.1703205
47545 3.1784754
47644 3.1459255
47745 2.9201088
47844 2.3966331
47945 1.7429857
48044 0.91584015
48145 0.029173851
48244 -0.714797
48345 -1.5018291
48444 -2.0652022
48546 -2.532545
48645 -2.8730063
48745 -3.1085675
48846 -3.262896
48945 -3.4152646
49047 -3.4941769
49146 -3.5530765
49246 -3.574379
49347 -3.4799771
49447 -2.8332615
49549 -1.9135327
49648 -1.054219
49748 -0.32811308
49848 0.39889622
49948 1.0652418
50047 1.6527567
50148 2.154747
50248 2.5478792
50348 2.7203789
50448 2.8331594
50548 2.9020386
50648 2.9422097
50749 2.9530373
50850 2.9439187
50949 2.1644316
51049 1.1846838
51149 0.17922497
51250 -0.84840965
51351 -1.6537471
51450 -2.334118
51535 -2.8910327
51651 -3.4529562
51751 -3.8239686
51834 -3.9194493
51935 -4.066225
52034 -4.1058373
52151 -4.092705
52235 -3.932922
52351 -3.3565736
52435 -2.6557276
52536 -1.7874634
52636 -0.7068577
52736 0.4501047
52836 1.3607335
52935 2.092595
53036 2.724893
53136 3.382062
53253 3.9924068
53336 4.242857
53436 4.320898
53538 4.2743015
53637 4.116229
53954 2.7596245
54054 1.908001
54155 0.9683714
54255 0.015751839
54355 -0.9707098
54455 -1.8969595
54556 -2.680282
54656 -3.2476833
54755 -3.752977
54856 -3.9907606
54956 -4.067069
55056 -4.095766
55155 -3.975417
55256 -3.6266873
55356 -2.875199
55456 -1.9979835
55556 -0.92991304
55657 0.04470539
55757 0.8915129
55857 1.6722803
55958 2.318151
56057 2.7261581
56157 2.9541464
56258 2.995823
56359 2.9684181
56460 2.8783011
56559 2.6854796
56659 2.228901
56759 1.2251263
56859 0.40090466
56959 -0.686635
57059 -1.6006367
57159 -2.4355402
57259 -3.024509
57359 -3.7285318
57459 -4.079529
57561 -4.250807
57661 -4.2648926
57761 -4.244303
57861 -4.0382814
57961 -3.5595722
58061 -2.5901117
58162 -1.8284786
58261 -0.70693064
58361 0.31541538
58461 1.50389
58562 2.3547401
58663 3.1771564
58762 3.8226604
58863 4.1593113
58946 4.30192
59062 4.3136406
59163 4.0514975
59263 3.378828
59347 2.7027712
59447 1.8468056
59547 0.68256617
59647 -0.31384087
59747 -1.3544621
59847 -2.2774892
59948 -3.0591722
60048 -3.8550584
60148 -4.318265
60248 -4.749879
60348 -4.793507
60449 -4.656507
60548 -4.2988634
60650 -3.791812
60749 -2.8758483
60849 -1.9160721
60949 -0.6973424
61050 0.3357911
61150 1.0606222
61250 1.6484079
61352 2.3462334
61450 2.8956056
61550 3.3014088
61650 3.5270042
61751 3.6209698
61851 3.6607685
61950 3.6516829
62050 3.4475212
62152 2.5314484
62251 1.2413054
62351 0.2238059
62452 -0.9606657
62551 -2.0167372
62652 -3.0926366
62752 -4.075719
62853 -4.338792
62953 -4.7154107
63053 -4.792864
63153 -4.740802
63252 -4.6240683
63355 -4.230137
63453 -3.5099175
63554 -2.6801584
63653 -1.8334823
63754 -0.8179202
63854 0.07684803
63954 0.86777496
64054 1.8008637
64154 2.2450256
64255 2.7677689
64356 3.1132298
64456 3.2209873
64555 3.291232
64656 3.3098202
64755 3.1003838
64855 2.7011566
64956 2.0486498
65056 1.6876993
65157 -0.06912851
65256 -1.1869819
65358 -2.0645442
65457 -2.81332
65557 -3.5376189
65657 -3.687692
65758 -3.8377218
65857 -3.9500072
65958 -3.9514422
66058 -3.8517284
66157 -3.4733093
66257 -2.626021
66358 -1.7209549
66459 -0.65430355
66559 0.61075926
66659 1.6470628
66758 2.5540314
66858 3.4247684
66959 4.020153
67059 4.2469387
67159 4.369005
67261 4.40075
67361 4.3649044
67459 4.17871
67561 3.6066494
67660 2.9837976
67761 2.0221305
67860 0.8656874
67961 0.048288822
68061 -0.9903207
68160 -1.9469726
68261 -2.8309238
68361 -3.6456552
68463 -3.876619
68561 -4.217193
68662 -4.2460036
68762 -4.0268383
68862 -3.7678506
68962 -3.3508925
69063 -2.7529721
69162 -1.870867
69262 -0.9921622
69363 -0.0041627884
69463 1.1691027
69548 2.1836128
69647 3.056857
69748 3.1964054
69847 3.3943386
69964 3.5114546
70048 3.525713
70164 3.3065157
70249 2.4427729
70348 1.290267
70448 0.28346157
70548 -0.8295493
70649 -1.6069026
70748 -2.1690073
70849 -2.6110692
70948 -2.9339623
71050 -3.1358647
71151 -3.2748935
71249 -3.248894
71351 -3.1625836
71450 -3.121887
71550 -3.0565426
71651 -2.0379765
71751 -0.77374077
71851 0.20709753
71951 0.9198613
72051 1.4264145
72151 1.9901643
72251 2.4559836
72351 2.7623734
72453 3.0293417
72552 3.1757917
72652 3.2114239
72752 3.1883278
72852 2.9088683
72952 1.8068871
73052 0.9002867
73155 -0.034276962
73253 -1.0313423
73355 -1.9153695
73453 -2.654716
73554 -3.393468
73653 -3.7040465
73754 -4.1258845
73853 -4.198882
73954 -4.1710763
74053 -4.0471625
74154 -3.7316062
74254 -3.0086284
74355 -2.02324
74455 -1.0543232
74555 -0.3391385
74655 0.84682703
74755 2.1497054
74855 2.9995246
74955 3.4689388
9 3.9480028
109 3.9531918
209 3.861948
309 3.5195236
410 2.8133569
509 1.9112816
609 0.83801556
710 -0.14971066
809 -1.2344279
911 -2.2337117
1010 -2.9665825
1111 -3.5406275
1211 -3.935318
1311 -4.1674843
1411 -4.2688055
1511 -4.270893
1612 -4.1600623
1711 -3.7144384
1815 -2.961422
1912 -2.19013
2012 -1.4828076
2112 -0.6639433
2213 0.25698137
2313 1.453012
2413 2.353541
2513 3.186674
2613 3.6351528
2714 3.8388758
2813 3.834444
2914 3.6669712
3014 3.2946167
3114 2.8236055
3213 2.0622587
3314 1.0042505
3416 -0.28866243
3514 -1.1562943
3614 -2.0550113
3715 -2.5926948
3815 -2.9745424
3915 -3.243272
4016 -3.44335
4115 -3.65407
4216 -3.7998128
4317 -3.8238425
4416 -3.6049967
4519 -2.6331906
4616 -1.8592591
4717 -1.0453198
4816 -0.13702297
4917 0.7041273
5017 1.6627922
5117 2.5350022
5217 3.27287
5318 3.775426
5418 3.9901295
5519 4.015299
5619 3.895236
5718 3.458456
5820 2.9204874
5919 2.0176353
6019 1.0981932
6118 0.020924568
6220 -0.8858619
6303 -1.6036315
6419 -2.6174572
6505 -3.3366685
6603 -3.8226192
6705 -4.0992084
6803 -4.143963
6904 -4.1056376
7004 -3.9766982
7105 -3.5577245
7204 -2.6328344
7321 -1.4729524
7405 -0.4713664
7504 0.69773674
7606 1.855536
7704 2.836142
7806 3.6372528
7905 4.1830683
8006 4.3832197
8105 4.412525
8207 4.282688
8306 3.9640503
8406 3.3740253
8507 2.4511213
8607 1.3462448
8707 0.023156166
8807 -1.1768062
8907 -2.0994794
9007 -3.0431015
9108 -3.6909103
9210 -4.1880836
9308 -4.516109
9407 -4.639774
9509 -4.619924
9608 -4.4170756
9709 -3.8666139
9809 -3.0999358
9908 -2.2167513
10009 -1.3022485
10108 -0.1888771
10209 0.7871938
10309 1.8775926
10409 2.7199087
10510 3.53022
10609 4.046443
10709 4.3946476
10810 4.46595
10910 4.457967
11010 4.222931
11110 3.5551777
11211 2.8497477
11311 1.9038811
11413 0.54226017
11511 -0.67576265
11611 -1.7966969
11712 -2.7674284
11812 -3.610577
11911 -4.338383
12012 -4.630794
12111 -4.7857366
12213 -4.729286
12312 -4.394233
12414 -3.867339
12513 -3.3197815
12613 -2.5257401
12713 -1.493639
12813 -0.2882309
12914 0.64826775
13013 1.3644567
13113 1.979145
13213 2.6275377
13314 3.092166
13415 3.4608126
13514 3.6681929
13614 3.7432127
13715 3.6801376
13814 3.2192678
13915 2.3605828
14016 1.4394937
14115 0.3175764
14215 -0.528121
14316 -1.3967266
14416 -2.011252
14517 -2.624987
14616 -3.113883
14718 -3.4511998
14816 -3.6740758
14917 -3.7398477
15017 -3.7578495
15117 -3.7699018
15217 -3.7308679
15317 -3.5295317
15419 -2.8562572
15518 -1.6944778
15619 -0.46720695
15718 0.8333039
15819 1.6255469
15918 2.1461172
16019 2.4999123
16118 2.847085
16219 3.0189686
16319 3.0658474
16420 3.0703335
16521 3.0086937
16620 2.065599
16720 0.84850836
16820 -0.33985472
16920 -1.150109
17020 -1.8605337
17121 -2.486297
17204 -2.937319
17322 -3.3255637
17405 -3.4395955
17505 -3.479109
17605 -3.3556988
17705 -2.7026966
17805 -1.9362974
17905 -1.2949436
18005 -0.8394251
18122 -0.10581827
18206 0.38063145
18307 1.0512533
18406 1.6592178
18507 2.194316
18607 2.6639915
18707 3.083929
18806 3.5097742
18907 3.8517532
19007 4.037632
19108 4.137719
19441 4.1164246
19541 4.015004
19642 3.780511
19741 3.4047222
19841 2.825615
19942 1.9850225
20042 1.2727771
20142 0.70620346
20242 0.12525797
20341 -0.48049974
20442 -0.86371946
20544 -1.5509346
20642 -2.0092356
20744 -2.393554
20843 -2.6957061
20944 -2.9990566
21043 -3.300866
21145 -3.5359378
21244 -3.671362
21344 -3.7096684
21444 -3.7129838
21544 -3.6478715
21645 -3.2552428
21744 -2.4465497
21845 -1.6101112
21944 -1.2204545
22045 -0.8444066
22145 -0.45461178
22246 -0.061772823
22345 0.4026909
22445 0.78247166
22548 1.1492414
22647 1.4974914
22747 1.8697166
22846 2.3765783
22947 2.8338952
23047 3.045642
23147 3.2335453
23231 3.3602505
23347 3.4379787
23433 3.429329
23548 3.0795841
23631 2.3857422
23732 1.3306947
23832 0.6584811
23931 0.068017006
24032 -0.59416866
24131 -1.0962772
24233 -1.5219455
24333 -1.9665856
24432 -2.310933
24534 -2.6936362
24633 -3.046645
24734 -3.2506924
24833 -3.3464615
24934 -3.3813746
25034 -3.3698232
25133 -3.187471
25233 -2.7475555
25333 -2.3526273
25434 -1.9730091
25534 -1.6984723
25635 -1.3462911
25734 -0.90368366
25836 -0.435246
25935 0.044486046
26035 0.45366907
26135 1.0974622
26236 1.6848764
26335 2.2156343
26436 2.6148467
26538 2.9345284
26637 3.0933504
26737 3.186368
26836 3.263608
26937 3.2803135
27037 3.250124
27137 3.0850887
27237 2.398725
27337 1.5539522
27437 0.8551607
27538 0.1337285
27639 -0.38759518
27738 -0.89921093
27838 -1.238008
27938 -1.6442885
28039 -2.0768867
28138 -2.5020123
28239 -2.900844
28340 -3.3007498
28438 -3.5291584
28540 -3.6668558
28639 -3.6837826
28740 -3.6834736
28839 -3.644024
28940 -3.5355935
29040 -3.2451985
29140 -2.7377665
29240 -1.9340405
29340 -1.3247104
29441 -0.63584614
29540 0.018656254
29642 0.5862131
29741 0.960052
29842 1.1640854
29941 1.4567308
30042 1.8417702
30141 2.3030763
30242 2.6210394
30342 2.7962785
30444 2.8650599
30543 2.9027567
30642 2.9018683
30743 2.6983352
30842 2.089995
30943 1.2840438
31042 0.6101279
31144 -0.05179882
31244 -0.72980213
31345 -1.1342576
31443 -1.5026958
31544 -1.8311095
31645 -2.2214217
31745 -2.5163083
31844 -2.8163772
31945 -3.1907535
32045 -3.5803676
32145 -3.9303005
32245 -4.0356154
32345 -4.1192627
32445 -4.1422377
32548 -4.1269684
32646 -4.026989
32746 -3.7211897
32846 -3.064282
32947 -2.3354366
33046 -1.8243651
33146 -1.4704697
33247 -1.0514393
33347 -0.5962744
33447 0.0039548874
33548 0.51022816
33649 0.9895015
33748 1.4857168
33848 1.8625221
33948 2.2300744
34048 2.4691687
34132 2.7104492
34248 2.9622178
34332 3.090992
34433 3.1567822
34534 3.162712
34632 3.1276283
34734 2.956727
34833 2.6206641
34934 2.1491117
35035 1.3432703
35133 0.75643635
35234 0.2653227
35350 -0.17834854
35435 -0.5162339
35534 -0.87977314
35635 -1.1219933
35735 -1.5044003
35835 -2.033206
35934 -2.5311282
36035 -2.8016655
36138 -2.9947724
36236 -3.1237307
36337 -3.2218459
36436 -3.2870624
36537 -3.3286684
36636 -3.3735418
36738 -3.4137294
36836 -3.4220135
36937 -3.4301264
37036 -3.4252665
37137 -3.2895951
37237 -2.845304
37337 -2.182563
37438 -1.4020028
37538 -0.5042372
37638 0.16871929
37738 0.7910423
37838 1.2100549
37938 1.6888108
38038 2.0494256
38138 2.3156266
38239 2.3988686
38341 2.5096245
38440 2.5489388
38539 2.4860601
38639 1.9913993
38740 0.8021059
38840 0.1494441
38940 -0.13483906
39040 -0.56699896
39140 -1.047519
39242 -1.7011578
39340 -2.1459448
39441 -2.537092
39541 -2.8092113
39642 -2.9924831
39741 -3.1064897
39842 -3.1279724
39941 -3.1273415
40042 -3.1141684
40141 -3.0605245
40242 -2.9423985
40343 -2.6990676
40442 -2.217255
40543 -1.6477768
40642 -1.0144074
40743 -0.5231371
40842 0.08782101
40943 0.5515318
41044 1.0370045
41143 1.4748192
41243 1.9882622
41344 2.3314934
41445 2.595707
41544 2.6767569
41645 2.7107477
41744 2.7810812
41845 2.802134
41944 2.8032484
42045 2.6743937
42145 2.3797865
42245 1.99121
42347 1.6654077
42445 1.3136282
42546 0.81696177
42645 0.21104383
42746 -0.4342842
42846 -1.0278847
42946 -1.4316032
43047 -1.9225678
43146 -2.4306731
43246 -2.8368032
43347 -3.1826634
43448 -3.444053
43547 -3.5546744
43648 -3.6210706
43747 -3.6349092
43848 -3.6106808
43948 -3.440275
44048 -3.0519977
44148 -2.5528183
44248 -1.9613426
44348 -1.3238149
44448 -0.48239756
44550 0.36226177
44649 1.0855608
44750 1.7449541
44850 2.3162842
44950 2.7234406
45050 2.9223528
45150 3.1819735
45234 3.3015585
45334 3.3345804
45435 3.2418509
45534 2.9424324
45635 2.2542062
45735 1.5259805
45835 0.7734523
45934 -0.2660327
46035 -1.1095493
46137 -1.9684196
46235 -2.6692548
46336 -3.332869
46435 -3.880591
46537 -4.471102
46636 -4.6197224
46736 -4.5626554
46836 -4.5446167
46937 -4.407448
47039 -4.080947
47137 -3.3792207
47237 -2.4038544
47337 -1.554543
47438 -0.74753284
47538 0.30638456
47638 1.2208004
47738 2.1761384
47838 2.827217
47938 3.291232
48038 3.660965
48138 3.9811993
48238 4.1563377
48339 4.2016325
48438 4.213979
48539 4.1674623
48639 3.7292347
48739 2.7400603
48839 1.7879019
48939 0.914855
49041 -0.039479256
49140 -0.8731842
49241 -1.4920259
49341 -2.1029742
49441 -2.4802797
49541 -2.8301187
49641 -3.189531
49740 -3.4114058
49841 -3.5492709
49943 -3.58552
50042 -3.5642867
50141 -3.298476
50242 -2.6603591
50342 -1.6981874
50442 -0.9391279
50542 -0.22438908
50642 0.61714363
50743 1.4184914
50843 2.2726402
50943 2.7839842
51043 3.1757889
51144 3.5211143
51244 3.6873264
51344 3.736206
51444 3.7669735
51544 3.765028
51644 3.6633148
51744 3.212864
51844 2.125473
51945 1.2913408
52045 0.38020754
52145 -0.8432884
52245 -1.8655915
52346 -2.8286767
52445 -3.4740689
52546 -3.7599573
52645 -4.108849
52745 -4.285368
52846 -4.396473
52946 -4.4322147
53048 -4.310239
53146 -4.1449337
53247 -3.80991
53348 -2.9861426
53447 -2.1351206
53547 -1.1512465
53648 -0.21686983
53747 0.5126095
53848 1.1390929
53947 1.5926156
54048 2.1033912
54148 2.6338797
54248 2.8917632
54350 3.1541595
54449 3.3171568
54549 3.4004393
54649 3.4516354
54749 3.4479685
54849 3.2807484
54950 2.6550856
55050 1.985671
55150 1.0503621
55251 -0.10329723
55351 -1.1234577
55435 -1.5986588
55534 -2.2593095
55650 -2.9221342
55735 -3.472321
55851 -4.011566
55934 -4.2998
56035 -4.398076
56135 -4.412262
56235 -4.293758
56336 -3.9504924
56435 -3.2163663
56536 -2.4040625
56636 -1.5797596
56736 -0.7300725
56835 0.44071102
56936 1.47051
57037 2.3400474
57137 2.7539582
57237 3.1990442
57337 3.3685246
57438 3.4670563
57537 3.4799557
57638 3.4771214
57737 3.4524088
57838 3.2532797
57939 2.3869872
58038 1.6948228
58138 0.89191103
58238 0.19975185
58339 -0.9137659
58439 -1.5513263
58539 -2.2057092
58639 -2.8110018
58740 -3.2803144
58840 -3.694941
58940 -3.9536839
59042 -4.0744123
59139 -4.0871882
59240 -4.071772
59340 -3.7622738
59441 -3.234574
59540 -2.6241574
59641 -1.8119016
59741 -0.883975
59841 0.13539076
59942 1.1731157
60041 1.9294724
60143 2.5271964
60241 2.8879843
60343 3.103157
60442 3.194994
60542 3.2725925
60642 3.315032
60743 3.3067198
60842 2.8866858
60942 1.8690667
61044 1.040247
61144 0.29093838
61243 -0.7535105
61343 -1.813942
61444 -2.758367
61543 -3.4256754
61643 -3.657138
61744 -3.6973085
61844 -3.8380115
61946 -4.0057955
62045 -4.049698
62146 -4.0385833
62246 -3.6438563
62345 -2.887836
62444 -1.9977305
62546 -0.7758131
62645 0.5039935
62746 1.5690813
62845 2.6166763
62946 3.613593
63046 3.9399548
63147 4.414192
63248 4.80534
63347 4.9646473
63447 4.985075
63547 4.846635
63647 4.5503216
63747 3.9105158
63848 3.2908783
63948 2.4751806
64047 1.400013
64149 0.5264888
64248 -0.59856796
64349 -1.5688596
64448 -2.3992672
64549 -3.0348134
64649 -3.7883792
64749 -4.532201
64849 -5.0
64949 -5.0
65049 -5.0
65149 -5.0
65250 -4.7188554
65350 -3.7976584
65450 -2.694018
65550 -1.2863297
65651 0.035658836
65751 1.4201074
65850 2.6450233
65952 3.6237526
66052 4.1192265
66136 4.457301
66252 4.750147
66336 4.8457584
66435 4.8477955
66536 4.715434
66651 4.129732
66752 3.4999895
66836 2.8861108
66936 2.0521202
67036 0.9215336
67136 -0.15467739
67237 -1.2127514
67336 -2.24262
67438 -2.9232376
67536 -3.7308471
67638 -4.123595
67738 -4.58076
67838 -4.8688703
67940 -5.0
68038 -5.0
68138 -4.924648
68238 -4.534705
68339 -3.65598
68439 -2.6221611
68538 -1.6072536
68639 -0.4923234
68739 0.51600266
68839 1.3816061
68940 2.2272582
69040 3.1060772
69140 3.8608198
69240 4.255849
69340 5.0
69440 5.0
69590 4.3001223
69674 3.981598
69774 3.25665
69874 2.6534057
69974 1.7949052
70074 0.9294448
70174 0.16384411
70274 -1.6075015
70375 -2.8788338
70475 -3.8520477
70576 -4.740484
70675 -5.0
70776 -5.0
70876 -5.0
70976 -5.0
71110 -4.9045253
71176 -4.8125644
71278 -4.3555393
71377 -3.3330197
71477 -2.3032393
71577 -1.3589416
71678 -0.47161722
71777 0.4629526
71877 1.167531
71977 2.0643783
72078 2.8461447
72179 3.5832462
72278 3.9515972
72378 4.187125
72479 4.2638187
72579 4.189745
72678 3.7014942
72779 3.0772715
72879 2.261022
72979 1.3022361
73081 0.36898327
73179 -0.67331743
73281 -1.802597
73380 -2.910491
73480 -3.7923574
73581 -4.4835124
73681 -4.745913
73766 -5.0
73880 -5.0
73966 -5.0
74081 -5.0
74164 -5.0
74265 -4.5876284
74366 -3.709672
74464 -2.8629403
74565 -1.9302506
74665 -0.88723516
74765 0.43294477
74867 1.5039954
74966 2.2482758
