24 -0.21291971
125 -0.9048419
224 -1.4571042
324 -1.8100526
424 -1.908155
525 -1.7619343
624 -1.0674419
725 -0.05265999
825 0.84462786
924 1.5530066
1024 2.055088
1125 2.2850394
1227 2.3644586
1326 2.153861
1426 1.3137178
1526 0.18297386
1626 -0.6684985
1726 -1.6878688
1826 -2.5109963
1927 -3.0036292
2026 -3.1598709
2127 -3.0714984
2227 -2.267436
2327 -0.87756205
2428 0.32732773
2528 1.3680048
2627 2.0833755
2728 2.4698706
2828 2.5517693
2928 2.4559617
3029 1.8515816
3128 0.60026264
3229 -0.34455013
3329 -1.2957675
3429 -2.0499313
3531 -2.674358
3631 -2.9702315
3730 -3.0031772
3830 -2.586033
3930 -1.5666785
4030 -0.43466854
4114 0.3644743
4214 1.3525534
4314 1.9226227
4414 2.282176
4514 2.3714676
4615 2.3023443
4715 1.739377
4815 0.3907752
4915 -0.61334276
5015 -1.6232333
5115 -2.3384032
5215 -2.8756547
5315 -2.9593866
5416 -2.949562
5516 -2.3009365
5616 -1.276299
5716 -0.05741024
5820 1.0491638
5917 1.9127617
6017 2.5107727
6119 2.5873823
6217 2.3332415
6317 1.1378937
6417 -0.12979841
6519 -1.2599938
6619 -2.2148833
6720 -2.9011302
6818 -2.996823
6918 -2.5431376
7018 -1.528539
7119 -0.19748211
7219 0.85994625
7319 1.7757959
7419 2.4020758
7519 2.6766267
7619 2.5088906
7719 1.779912
7822 0.68328667
7922 -0.18334723
8023 -0.9870796
8122 -1.7868621
8222 -2.4946074
8322 -2.860911
8422 -2.9065487
8522 -2.296846
8621 -0.98890877
8721 0.25084496
8822 1.3671803
8922 2.1375008
9022 2.7586927
9122 2.9626632
9222 2.941832
9323 2.3968382
9424 0.9499316
9524 -0.3274603
9624 -1.3774941
9723 -2.1309905
9823 -2.6010842
9923 -2.6607046
10026 -1.95875
10125 -0.7761574
10224 0.35042953
10324 1.3764524
10424 2.2069535
10524 2.8404288
10624 3.1311588
10726 3.0828
10825 2.2538986
10925 0.79106426
11025 -0.452703
11126 -1.599397
11226 -2.4127488
11327 -2.7390008
11427 -2.6892123
11526 -1.9850328
11626 -0.6392226
11726 0.6645055
11826 1.800818
11927 2.5974221
12028 2.8747535
12127 2.781928
12228 2.13524
12328 0.94982624
12428 -0.27623653
12528 -1.131434
12628 -1.6980164
12728 -1.9787514
12828 -1.9951968
12928 -1.7211156
13029 -0.5588851
13131 0.65427446
13229 1.6039228
13329 2.4389868
13429 2.8018694
13529 2.7851992
13630 2.1973405
13730 1.0768156
13813 0.17234707
13914 -0.84143066
14014 -1.7485371
14114 -2.3859894
14213 -2.6060195
14314 -2.4462144
14414 -1.8024974
14514 -0.5409951
14614 0.70579195
14715 1.8532114
14815 2.777299
14915 3.048151
15015 3.0617676
15115 2.7213335
15215 1.969924
15316 1.0308924
15416 0.08742142
15516 -0.7035246
15616 -1.2678249
15717 -1.7542965
15817 -1.9570193
15917 -1.9085069
16017 -1.0721393
16117 0.053206444
16220 0.92443705
16317 1.600791
16417 2.17908
16520 2.4673643
16620 2.4817877
16720 2.2056417
16818 1.2613859
16918 0.5676007
17019 0.7204733
17119 1.0677528
17219 1.2115698
17319 1.3787718
17419 1.7538033
17522 2.3883123
17622 2.6928582
17723 2.9211287
17822 2.9977684
17922 3.0098085
18024 2.8962913
18123 2.4201975
18221 1.7433367
18322 0.8531728
18421 0.023225307
18522 -0.57603407
18622 -1.2834556
18722 -1.7647698
18822 -2.214973
18921 -2.7699475
19023 -3.163021
19123 -3.4024339
19222 -3.4469602
19322 -3.4570906
19422 -3.4582834
19523 -3.456731
19623 -3.255196
19723 -2.5431783
19824 -1.8103435
19923 -1.0841172
20025 -0.3066044
20124 0.10450125
20225 0.7313018
20324 1.3549719
20425 1.9028344
20525 2.4187088
20625 3.0207796
20725 3.563631
20826 3.917056
20925 4.1824408
21025 4.2894115
21126 4.299984
21226 4.253461
21327 4.1497517
21428 3.778718
21527 3.1597767
21627 2.1907701
21727 1.0020075
21827 -0.050886154
21927 -0.81914043
22027 -1.4093773
22127 -2.083363
22227 -2.5972667
22328 -2.968576
22428 -3.100245
22528 -3.1404166
22628 -3.1666481
22729 -3.159865
22828 -3.0925555
22928 -2.8907743
23029 -2.3678207
23129 -1.7571473
23229 -1.1749129
23329 -0.47236776
23430 0.17791939
23530 0.82466984
23614 1.3656459
23714 2.0934358
23814 2.8373008
23914 3.265213
24015 3.417719
24114 3.4551678
24214 3.4620543
24314 3.3452244
24415 3.1490688
24515 3.0574484
24615 2.834217
24715 2.0269737
24815 0.92670345
24916 0.020656586
25016 -0.67184734
25116 -1.3630466
25216 -2.0435996
25316 -2.78723
25416 -3.248805
25516 -3.6963196
25616 -4.0123053
25717 -4.3395424
25817 -4.473146
25917 -4.5042357
26022 -4.451137
26117 -4.012753
26220 -3.449662
26320 -2.4787176
26419 -1.3561053
26520 -0.15677357
26619 1.0023179
26719 1.7153025
26818 2.2676072
26919 2.5681562
27019 2.6508904
27119 2.6819735
27219 2.6848207
27320 2.659181
27422 2.5216966
27520 2.2443457
27622 1.4220304
27722 0.5141387
27820 -0.19190502
27921 -0.8044214
28021 -1.3667626
28120 -2.0227733
28221 -2.8900714
28321 -3.3876972
28421 -3.7802796
28525 -3.9540102
28622 -4.2488265
28722 -4.4155993
28821 -4.415564
28922 -4.3155956
29022 -4.0093536
29122 -3.7326374
29225 -3.3962798
29325 -2.9248004
29424 -2.3844042
29525 -1.8864627
29625 -0.55653524
29726 0.34702206
29824 1.2238913
29924 1.7302971
30025 2.217
30125 2.569561
30224 2.7948203
30325 2.875472
30425 2.6566863
30525 1.7876258
30625 0.8942871
30726 0.101857185
30825 -0.53338957
30925 -1.0742049
31026 -1.2015882
31126 -1.5749764
31226 -2.2373796
31326 -2.733355
31427 -3.2439132
31527 -3.726386
31627 -4.0008388
31727 -4.0784
31827 -4.1026483
31927 -4.090305
32028 -3.7765727
32128 -3.2842488
32228 -2.9259257
32328 -2.5834742
32428 -2.1705127
32528 -1.786063
32628 -1.3181012
32729 -0.64071035
32829 0.23105383
32929 0.9975128
33029 1.5601325
33129 2.0753698
33230 2.4527755
33331 2.6652346
33429 2.7363129
33531 2.7531805
33614 2.7483902
33714 2.7010484
33814 2.5035505
33914 1.9630113
34014 1.290319
34114 0.60107946
34214 0.108525276
34315 -0.33692837
34415 -0.8377476
34515 -1.3077569
34615 -1.7704983
34715 -2.374968
34816 -2.7976317
34915 -2.98624
35015 -3.0840101
35116 -3.1288426
35216 -3.1393766
35316 -3.140884
35416 -3.1410034
35516 -3.1157763
35616 -2.9604588
35717 -2.6802
35817 -2.2530522
35920 -1.5487034
36017 -0.7835951
36334 1.438343
36435 2.0962172
36535 2.710566
36635 3.1454744
36735 3.3342419
36836 3.3630714
36937 3.366022
37037 3.3598623
37136 3.3458405
37236 3.3028374
37337 3.211769
37436 2.9802842
37537 2.4250002
37637 1.7468362
37738 1.0676308
37837 0.4245715
37937 -0.11642456
38037 -0.6908107
38138 -1.3198097
38239 -1.8963089
38339 -2.324679
38439 -2.7397954
38539 -3.0957742
38639 -3.3856173
38739 -3.520839
38839 -3.5736945
38940 -3.593125
39040 -3.5928938
39140 -3.5803657
39240 -3.3791673
39340 -3.0146008
39442 -2.4677072
39541 -1.4297252
39624 -0.5086808
39724 0.33912468
39824 1.1303339
39924 1.7310805
40025 2.2947893
40124 2.8918138
40225 3.2634296
40325 3.3596783
40425 3.3722458
40525 3.3725262
40625 3.3528204
40726 3.2106142
40826 2.919886
40926 2.3009315
41026 1.7628441
41126 1.3192167
41226 0.84487486
41326 0.36990643
41427 -0.14566565
41527 -0.7056875
41626 -1.3247669
41727 -1.7845321
41830 -2.1528826
41930 -2.4734464
42029 -2.6676614
42130 -2.7817574
42230 -2.8137696
42330 -2.81535
42430 -2.810104
42530 -2.7643735
42630 -2.6715236
42731 -2.3659928
42829 -1.6180305
42929 -0.90334606
43030 -0.053645134
43129 0.5757108
43229 1.24195
43332 1.9684167
43432 2.7379646
43532 3.3852901
43632 3.7732277
43732 3.7904797
43830 3.8015413
43931 3.7812977
44032 3.6522226
44132 3.535411
44232 3.4900942
44332 3.4669285
44431 3.4220676
44531 3.1888924
44632 2.2539124
44732 1.3971529
44832 0.6507292
44935 0.010484219
45035 -0.550313
45135 -1.1818824
45235 -1.7438331
45335 -2.1688805
45434 -2.563356
45534 -2.7615876
45635 -2.8315957
45734 -2.8466773
45834 -2.8411636
45934 -2.7564647
46035 -2.2906203
46135 -1.1981182
46235 -0.3432336
46335 0.26474237
46435 0.83084345
46537 1.3913302
46636 1.8953552
46735 2.3243508
46836 2.7748823
46936 3.085289
47036 3.250535
47136 3.286006
47236 3.2649107
47337 3.0672932
47437 2.6007066
47537 2.0789728
47637 1.3965521
47739 0.4939165
47839 -0.24884129
47937 -0.88304996
48038 -1.4123318
48138 -1.9198842
48238 -2.3742843
48338 -2.7050507
48439 -3.0070977
48539 -3.2041066
48639 -3.3196063
48739 -3.3695033
48839 -3.2556586
48939 -2.9575038
49040 -1.8279004
49140 -0.8679209
49240 0.01211071
49324 0.719223
49424 1.4274979
49524 1.9813743
49624 2.4228554
49723 2.850871
49824 3.2503004
49924 3.4195032
50025 3.4569426
50125 3.486227
50225 3.492118
50325 3.460681
50425 3.3121872
50525 2.6124144
50625 1.7650962
50725 0.96807766
50826 0.2641797
50926 -0.4831848
51026 -1.2496765
51126 -1.8469405
51226 -2.3401508
51329 -2.6761923
51429 -3.0129046
51529 -3.2613885
51627 -3.3863745
51729 -3.4555311
51828 -3.4259849
51928 -3.0896492
52028 -2.3199189
52128 -1.6124802
52228 -0.8448281
52328 0.035815716
52430 0.68425417
52529 1.2227325
52629 1.6670961
52729 1.9683342
52830 2.3164725
52929 2.5642624
53032 2.7025251
53132 2.7471657
53232 2.7510338
53332 2.7048354
53432 2.281395
53532 1.3978229
53632 0.54062843
53732 -0.22204971
53831 -0.9944124
53931 -1.7193406
54035 -2.4942052
54131 -3.0496771
54231 -3.3350177
54332 -3.5653892
54431 -3.6253414
54532 -3.634695
54632 -3.6369057
54732 -3.6139073
54834 -3.1176429
54934 -2.2246656
55033 -1.2133319
55133 -0.21471024
55233 0.4753275
55334 1.214448
55434 1.7176347
55534 2.0920334
55634 2.4102988
55734 2.7359152
55834 2.9824996
55934 3.1563063
56036 3.2372818
56135 3.2544909
56235 3.2299032
56335 2.7084045
56435 1.655355
56535 0.6955404
56635 -0.13823414
56736 -0.95299387
56835 -1.7190285
56936 -2.3961384
57036 -2.8047674
57137 -3.1971521
57239 -3.4818497
57338 -3.6534684
57437 -3.7272806
57537 -3.7276866
57637 -3.7036448
57738 -3.0758166
57838 -1.77929
57938 -0.34522963
58039 0.5929861
58138 1.4390168
58238 2.1136017
58338 2.6091719
58438 2.9732828
58540 3.378416
58640 3.6773033
58739 3.7588491
58840 3.6680775
58939 3.146368
59040 2.277182
59140 1.3685217
59224 0.6235218
59324 -0.19731426
59424 -1.0357323
59524 -1.8039434
59624 -2.2157829
59724 -2.5648038
59824 -3.128574
59924 -3.3551311
60024 -3.3349996
60125 -3.0951104
60225 -2.7026644
60325 -2.1051528
60425 -1.2846763
60525 -0.39293623
60625 0.20695782
60726 0.70140743
60826 1.1856947
60926 1.6002378
61026 2.0034852
61127 2.3531241
61229 2.8403063
61329 3.0198765
61427 3.0615654
61527 3.025362
61627 2.238388
61727 1.0504279
61830 0.26230192
61930 -0.5172539
62029 -1.2936225
62130 -1.8662336
62230 -2.2791715
62330 -2.5393567
62429 -2.7059426
62529 -2.7438312
62629 -2.5159957
62729 -1.7630825
62830 -0.7095771
62930 0.19309235
63030 1.009923
63129 1.6808496
63231 2.1601143
63330 2.4355688
63430 2.63972
63531 2.8566132
63630 2.92659
63731 2.62845
63831 1.6678095
63931 0.6667719
64032 -0.1555152
64132 -0.889688
64235 -1.6226571
64332 -2.18265
64432 -2.5621483
64535 -2.7889397
64635 -2.818252
64734 -2.6422968
64833 -1.7757926
64932 -0.4835887
65033 0.40734625
65133 1.1290774
65233 1.7320099
65334 2.2035866
65434 2.506836
65536 2.7243624
65635 2.8613029
65734 2.8854856
65834 2.7302198
65935 1.9027815
66035 0.81541157
66135 -0.16983175
66235 -1.0205274
66336 -1.7247567
66435 -2.1495888
66536 -2.4239147
66636 -2.4690802
66736 -2.2772937
66837 -1.7125065
66936 -0.7741995
67037 -0.011434555
67137 1.0363264
67237 1.7801957
67337 2.4431038
67437 2.943605
67538 3.3105993
67638 3.431281
67737 3.440425
67838 3.384245
67938 3.0989933
68039 2.1445513
68139 1.2343936
68239 0.3484373
68339 -0.43081093
68439 -1.1587281
68539 -2.0402544
68639 -2.569368
68740 -3.0217652
68840 -3.3168516
68940 -3.4699705
69024 -3.4950037
69124 -3.4280493
69224 -2.1333582
69324 -1.1059811
69424 0.064293385
69524 0.92231274
69624 1.6250014
69724 2.0986557
69825 2.4597473
69925 2.8423548
70025 3.2325
70125 3.4955473
70225 3.5720587
70326 3.3995724
70426 2.3910232
70526 1.3956461
70626 0.4677658
70726 -0.35065985
70826 -1.0443909
70926 -1.5378222
71026 -1.909255
71126 -2.1477928
71230 -2.4095478
71327 -2.7973192
71430 -3.097794
71527 -3.1866312
71629 -3.1149404
71730 -2.1363578
71828 -1.0781353
71928 0.030930042
72028 1.1182699
72128 1.9383173
72228 2.5470834
72329 2.9860191
72429 3.2439528
72530 3.322277
72629 3.3115501
72730 2.927822
72830 1.8192916
72932 0.7915869
73032 -0.05997944
73132 -0.728179
73232 -1.4085793
73332 -1.8547559
73432 -2.342586
73532 -2.9492307
73631 -3.492321
73732 -3.7835896
73831 -3.980927
73935 -4.0097127
74032 -3.6699617
74132 -2.1346498
74232 -0.8996334
74332 -0.08061504
74434 0.6994257
74532 1.4891777
74635 2.05906
74734 2.5065255
74833 2.9205399
74934 3.1243181
18 -0.15924835
118 0.36863947
216 1.0382156
317 1.6257782
416 2.2328272
516 2.6392136
617 2.9261856
717 3.0316296
817 3.0273018
917 2.965579
1018 2.6710982
1118 2.10213
1217 1.2141037
1536 -1.3957648
1635 -1.8974414
1736 -2.4205775
1836 -2.7788875
1936 -2.9473417
2036 -2.9920547
2136 -2.970079
2236 -2.780381
2336 -2.0135417
2437 -0.74951077
2536 0.20884609
2637 1.0753102
2739 1.8093939
2837 2.3210096
2938 2.6212707
3038 2.8208456
3138 2.8445716
3238 2.755632
3338 2.1600275
3438 0.98979187
3539 -0.14516926
3638 -1.126857
3739 -1.7725129
3839 -2.245156
3940 -2.732934
4040 -2.8317144
4140 -2.8228707
4240 -2.6795025
4341 -1.9044757
4440 -1.0350602
4540 0.06336975
4640 0.9721341
4741 1.7465501
4841 2.329441
4941 2.7003899
5042 2.9833803
5142 3.1773024
5242 3.19409
5342 2.761228
5442 1.6158524
5526 0.5612478
5626 -0.16939735
5726 -1.1054058
5826 -1.7242737
5925 -2.332016
6026 -2.8954713
6126 -3.1285064
6227 -3.300997
6327 -3.3734946
6427 -3.2423275
6527 -2.4247806
6627 -1.2238808
6727 -0.09288311
6827 0.8806124
6928 1.6373014
7028 2.1960425
7128 2.5094247
7228 2.7092104
7328 2.8112922
7428 2.701785
7532 1.6155906
7631 0.36948633
7729 -0.7239728
7829 -1.493758
7931 -2.0017972
8031 -2.5635405
8132 -2.9023244
8232 -3.0581515
8332 -3.093842
8430 -2.5924067
8530 -1.562921
8630 -0.42687893
8731 0.6495929
8831 1.5584288
8931 2.2332368
9031 2.6959815
9131 2.9745736
9234 3.076005
9334 3.0691185
9432 2.7672944
9532 1.5673852
9632 0.38542223
9732 -0.52740765
9833 -1.355432
9933 -1.8376768
10033 -2.306106
10133 -2.91717
10233 -3.0337272
10333 -3.0295007
10433 -2.7103293
10533 -1.7816238
10634 -0.8270159
10733 0.20507097
10834 1.0655127
10934 1.9274879
11034 2.5325317
11137 2.9213076
11237 3.0567255
11337 3.0178814
11436 2.6767554
11536 1.4760909
11636 0.33566046
11736 -0.7591901
11836 -1.5250912
11935 -1.9640775
12037 -2.9003026
12136 -3.28599
12238 -3.4461741
12337 -3.3877976
12437 -2.7090964
12538 -1.5511487
12637 -0.56074715
12737 0.3392558
12837 1.2751989
12937 1.9164186
13038 2.3606362
13137 2.6336212
13238 2.7719345
13338 2.7656136
13440 2.331468
13539 1.1562591
13639 -0.048934937
13739 -1.0969269
13839 -1.7490189
13940 -2.3263056
14040 -3.149728
14139 -3.3505197
14240 -3.4158823
14340 -3.332932
14440 -2.7748978
14540 -1.6335838
14640 -0.47643042
14742 0.5124593
14841 1.3024783
14941 1.9618187
15041 2.3428817
15142 2.6778402
15242 2.7913132
15342 2.7097664
15426 2.408595
15526 1.4935355
15626 0.18158674
15726 -0.9728408
15826 -1.6630638
15926 -2.4857655
16026 -3.0835836
16126 -3.3651745
16226 -3.4956043
16327 -3.6080632
16427 -3.6627343
16527 -3.6861017
16627 -3.6860962
16727 -3.676165
16828 -3.6656454
16928 -3.6608355
17028 -3.6563423
17128 -3.6516542
17228 -3.6309314
17329 -3.604681
17429 -3.580887
17529 -3.543126
17629 -3.441015
17729 -3.2383356
17829 -3.0173748
17929 -2.8897834
18032 -2.701176
18130 -2.4218917
18232 -2.214296
18332 -2.086381
18430 -1.8881023
18531 -1.6673477
18631 -1.4622917
18731 -1.0575275
18831 -0.28322792
18931 0.5338025
19031 1.307653
19132 1.9580092
19231 2.3631887
19334 2.7389708
19435 3.0472422
19534 3.2224865
19634 3.3547955
19734 3.4528484
19833 3.5062342
19934 3.5414085
20033 3.5659695
20133 3.5797758
20233 3.575365
20334 3.5101614
20434 3.3206844
20534 3.0577755
20635 2.6530747
20735 1.7841501
20835 0.6208601
20935 -0.51043224
21037 -1.3365974
21137 -1.7298203
21237 -2.0738087
21337 -2.6330833
21436 -2.9325442
21536 -3.1294708
21636 -3.3002706
21735 -3.40004
21836 -3.4494252
22154 -3.4169827
22254 -3.3274417
22354 -3.1397114
22454 -2.7864542
22554 -2.146841
22654 -1.2832367
22754 -0.42094994
22855 0.6386819
22955 1.397264
23055 2.1139708
23156 2.5947213
23257 2.989614
23355 3.3194923
23455 3.5926514
23556 3.71311
23656 3.7669754
23756 3.7596703
23856 3.5657673
23956 3.1291037
24056 2.5369706
24158 1.7422304
24259 0.7432866
24356 -0.33035374
24458 -1.1866982
24557 -1.8429635
24657 -2.1743255
24757 -2.936279
24858 -3.1763043
24958 -3.31921
25058 -3.390574
25158 -3.4082668
25259 -3.4222033
25359 -3.4231737
25443 -3.4242976
25543 -3.4225712
25643 -3.287893
25743 -2.9701872
25843 -2.6022663
25943 -1.7504311
26043 -0.68566227
26143 0.26596928
26244 1.0659442
26344 1.7729096
26444 2.4285798
26544 2.9805512
26644 3.3261786
26744 3.5619297
26844 3.6469975
26944 3.6862755
27045 3.7100763
27145 3.7257223
27245 3.7302227
27345 3.7242126
27445 3.595872
27546 3.1962357
27646 2.1312728
27749 0.68654156
27846 -0.62597466
27946 -1.6347184
28049 -2.306115
28149 -3.2587645
28249 -3.4743545
28348 -3.596689
28447 -3.627812
28548 -3.6353192
28648 -3.6225538
28747 -3.6008773
28848 -3.578622
28948 -3.5630062
29048 -3.5475495
29148 -3.3324566
29249 -2.8188531
29351 -1.9420815
29449 -1.1489453
29551 -0.26161623
29651 0.46576977
29751 1.2051654
29851 1.896019
29951 2.4253907
30050 2.7895799
30150 3.0553122
30252 3.2289906
30352 3.3421564
30451 3.4405642
30551 3.5874557
30651 3.687872
30754 3.7326336
30851 3.7528543
30954 3.763586
31054 3.7609463
31154 3.3024254
31254 2.103363
31354 0.9641371
31452 -0.011610508
31553 -0.8489461
31653 -1.5832233
31753 -2.2666516
31853 -2.7809048
31953 -3.1545138
32053 -3.3445199
32153 -3.516163
32254 -3.6809375
32354 -3.7563734
32454 -3.81605
32554 -3.8713236
32654 -3.9109287
32755 -3.921605
32855 -3.9261017
32955 -3.9267707
33055 -3.9253275
33155 -3.9141238
33255 -3.9006255
33356 -3.8894746
33455 -3.8052976
33556 -3.3650331
33656 -2.3821073
33756 -1.440764
33856 -0.5875411
33957 0.20356941
34057 0.9068594
34157 1.4146891
34257 1.8415313
34357 2.227313
34458 2.5991693
34557 2.7741356
34657 2.8245072
34758 2.8319411
34858 2.8396735
34958 2.8489647
35059 2.8548026
35160 2.847865
35260 2.8116317
35359 2.7705436
35459 2.690734
35543 2.3740263
35643 1.5389824
35743 0.74035025
35843 -0.13583803
35943 -0.8227825
36043 -1.4350331
36144 -1.7841477
36244 -2.0287433
36344 -2.1958888
36444 -2.4061282
36544 -2.5845573
36644 -2.6838188
36744 -2.8236346
36845 -2.974495
36945 -3.1403394
37045 -3.3442254
37145 -3.4606152
37245 -3.4865928
37349 -3.4983232
37449 -3.3898153
37549 -2.2889895
37649 -0.8533735
37746 0.07701874
37846 1.091424
37949 2.0336695
38049 2.7155929
38149 3.1698513
38249 3.3511448
38349 3.3719234
38447 3.2911282
38547 3.1371365
38648 2.9605818
38748 2.7393026
38848 2.4256845
38948 1.8702927
39051 1.2929597
39151 0.475564
39251 -0.5378561
39351 -1.3925724
39449 -1.954428
39550 -2.771974
39649 -3.0463424
39750 -3.157863
39850 -3.1804786
39950 -3.1761541
40050 -3.1699867
40150 -3.160983
40250 -3.155822
40350 -3.1521378
40451 -3.1459544
40551 -3.0140157
40651 -2.792715
40751 -2.4402719
40851 -2.041529
40954 -1.6921647
41054 -1.3871856
41154 -0.9730768
41254 -0.42260838
41354 -0.03727436
41454 0.25074863
41553 0.45912218
41653 0.6449652
41753 0.8408613
41853 1.0748725
41953 1.4896975
42054 2.1358614
42153 2.6763358
42255 3.0552502
42354 3.2463894
42454 3.3591537
42555 3.3463383
42655 3.0316105
42755 1.969697
42855 0.9241972
42954 -0.06087494
43056 -0.90171814
43155 -1.6421475
43256 -2.2121365
43356 -2.79848
43456 -3.031777
43556 -3.3081636
43656 -3.452057
43756 -3.536178
43857 -3.5834868
43957 -3.5576396
44057 -3.4166875
44157 -3.0784163
44257 -2.7739987
44357 -2.021025
44458 -1.0196166
44558 -0.3242216
44659 0.15906096
44759 0.76833534
44859 1.258668
44958 1.7947397
45059 2.3462334
45159 2.747548
45243 2.9693336
45343 3.1610098
45442 3.3097095
45543 3.3567934
45643 3.354642
45743 3.3049107
45843 3.018979
45943 2.1548586
46044 1.2808504
46143 0.51180744
46244 -0.13945198
46344 -0.61053467
46444 -0.9980078
46545 -1.3232636
46645 -1.6311867
46745 -1.9217381
46845 -2.3147166
46945 -2.6505928
47045 -2.9099326
47145 -2.970765
47248 -3.1006613
47348 -3.1610405
47448 -3.0750823
47546 -2.6688347
47646 -2.0665965
47749 -1.3823841
47846 -0.68373585
47949 0.04017639
48049 0.7890768
48149 1.3650942
48249 1.8846116
48349 2.3217936
48448 2.6268678
48548 2.860608
48648 3.048872
48748 3.1899872
48851 3.2717533
48951 3.2870197
49051 3.293827
49151 3.235445
49251 2.9194107
49351 1.9824576
49450 1.1536608
49549 0.3787017
49650 -0.38733673
49750 -0.9870615
49850 -1.4299889
49950 -1.7979264
50050 -2.182901
50151 -2.6085918
50251 -2.8810363
50351 -3.03667
50454 -3.1492476
50551 -3.2085214
50654 -3.217251
50754 -3.2148464
50854 -3.0426104
50954 -2.625006
51054 -2.0963924
51154 -1.3639545
51254 -0.68856955
51353 -0.099637985
51453 0.6679239
51553 1.395793
51653 2.0011153
51755 2.6214418
51854 3.2198868
51954 3.820528
52054 4.1015415
52155 4.1871557
52254 4.1830406
52354 3.961522
52454 3.294489
52555 2.3887596
52655 1.3711653
52755 0.4965372
52855 -0.33407974
52957 -0.87333965
53056 -1.2018657
53156 -1.494761
53256 -1.7518418
53356 -2.0070405
53456 -2.3326027
53556 -2.607411
53657 -2.8039694
53757 -2.9824002
53857 -3.1057231
53957 -3.1592302
54058 -3.0437899
54159 -2.4935553
54258 -1.4510665
54358 -0.617785
54458 0.02846241
54558 0.81151867
54658 1.6160164
54758 2.6040907
54859 3.4331512
54959 3.9883595
55043 4.248762
55143 4.4771595
55243 4.5661755
55343 4.5444145
55443 4.3632765
55543 3.5607452
55643 2.7776184
55743 1.9047432
55843 1.0506439
55944 0.21661472
56044 -0.4211688
56144 -1.0875084
56244 -1.6076622
56345 -1.968878
56445 -2.3501837
56545 -2.5438542
56645 -2.6210282
56745 -2.5892534
56845 -2.3736985
56945 -2.0205343
57045 -1.5893044
57145 -1.0151811
57245 -0.53672886
57346 0.027984142
57449 0.6725836
57546 1.4106231
57649 2.1367655
57749 2.7288651
57849 3.161749
57949 3.4569702
58049 3.6698418
58148 3.7807083
58248 3.7954264
58348 3.75243
58448 3.306304
58548 2.290866
58648 1.2641163
58749 0.32772255
58848 -0.3737464
58949 -1.0748475
59049 -1.7411423
59149 -2.3616085
59249 -2.8778281
59349 -3.04617
59450 -3.1123483
59550 -3.1216922
59650 -3.0767546
59750 -2.8208237
59850 -2.5308843
59950 -1.7867951
60054 -0.9121752
60154 -0.104231834
60254 0.8428488
60354 1.930644
60452 2.7851744
60552 3.3666267
60652 3.706524
60752 3.993083
60852 4.191517
60952 4.237255
61053 4.2738686
61153 4.283017
61252 4.1498013
61353 3.65341
61453 2.790124
61553 1.860673
61653 0.97103405
61753 0.08517361
61854 -0.5579791
61954 -1.0997956
62054 -1.5317802
62156 -1.8964744
62256 -2.4310403
62355 -2.745943
62454 -3.0207863
62556 -3.16435
62655 -3.1812234
62755 -3.0367439
62855 -2.6620402
62956 -1.7737517
63056 -0.71976566
63157 0.101519585
63257 0.9435854
63357 1.7606378
63456 2.3352766
63557 2.8474169
63658 3.2975264
63758 3.6735907
63857 3.918745
63958 3.9874792
64057 3.9916048
64157 3.923483
64258 3.2621946
64358 2.1485534
64458 1.3578997
64558 0.52458954
64658 -0.1433363
64758 -0.93387747
64861 -1.6614158
64960 -2.2307782
65059 -2.9477973
65143 -3.2947307
65243 -3.7092896
65343 -4.081042
65443 -4.1776023
65543 -4.1287947
65643 -3.9825342
65744 -3.1866417
65844 -2.1023774
65944 -1.2078815
66044 -0.40208673
66145 0.30433035
66245 1.0584612
66345 1.7894425
66445 2.3954988
66544 2.7272887
66645 3.2010117
66745 3.5790424
66845 3.9759045
66945 4.195978
67045 4.326664
67149 4.3602962
67247 4.321413
67346 3.9860744
67449 2.8820977
67546 1.7490869
67648 0.2489047
67748 -0.9347582
67848 -1.9390402
67949 -2.8439522
68049 -3.1033568
68149 -3.1885588
68249 -3.1750436
68350 -2.7866492
68449 -2.1584764
68548 -1.6634076
68648 -0.8832092
68751 -0.26092052
68851 0.0152926445
68951 0.16838503
69051 0.46093082
69151 0.84773827
69251 1.4100685
69350 2.1054063
69450 2.624669
69550 2.9151244
69651 3.0303993
69750 3.0681305
69850 2.9543734
69951 2.2093077
70053 0.8286996
70151 -0.045067787
70253 -0.37557173
70353 -0.66767883
70452 -1.0191741
70552 -1.2375062
70652 -1.5866172
70754 -1.9878526
70853 -2.121182
70953 -2.1408706
71052 -2.1432471
71154 -2.0959961
71254 -1.8639152
71353 -1.2005875
71453 -0.030632019
71553 0.8487015
71653 2.0023117
71754 2.7977905
71854 3.5670652
71955 4.2999935
72055 4.6415043
72154 4.704481
72254 4.6189594
72355 4.290718
72454 3.7664099
72556 3.068987
72655 2.70617
72756 1.8914375
72855 1.338305
72955 0.9296346
73056 0.41128254
73158 -0.25350523
73257 -1.0185323
73357 -1.5460529
73457 -1.8681378
73557 -1.8993595
73657 -1.8937519
73758 -1.7704716
73857 -1.5321517
73957 -0.7952533
74058 0.07697725
74158 0.88818026
74258 1.8148546
74358 2.7082076
74459 3.3240414
74560 3.6867619
74659 3.9966326
74759 4.104254
74861 4.135027
74943 4.012207
