15 -3.2792816
116 -2.916944
215 -1.9411526
316 -1.137963
416 -0.10330725
516 0.83279705
616 1.5605063
716 2.2375612
816 2.735701
916 3.1339588
1017 3.417225
1117 3.6071367
1216 3.753601
1317 3.8262873
1417 3.8521862
1517 3.840209
1617 3.7219095
1700 3.474782
1800 2.876771
1900 2.124308
2000 1.4215727
2100 0.90470743
2200 0.32630587
2302 -0.42668772
2402 -1.1048679
2503 -1.8045559
2603 -2.4174562
2703 -2.922727
2803 -3.3242896
2903 -3.4727767
3003 -3.5160062
3104 -3.5142124
3204 -3.3815925
3304 -2.8014598
3404 -1.8246615
3504 -1.055243
3605 -0.3207755
3705 0.34986925
3805 1.0378256
3905 1.7338538
4005 2.328981
4105 2.9290047
4205 3.347229
4305 3.6390095
4405 3.733079
4506 3.7747784
4606 3.7702465
4706 3.6790123
4806 3.329523
4906 2.8193283
5006 2.1210098
5107 1.4412918
5207 0.7338271
5307 0.065340996
5407 -0.66618395
5508 -1.2106214
5607 -1.692318
5707 -2.0962365
5808 -2.4323761
5908 -2.6635678
6008 -2.8245106
6108 -2.9724119
6208 -3.074652
6308 -3.1364188
6408 -3.1465917
6510 -2.907591
6609 -2.1480434
6710 -1.2096558
6810 -0.29852772
6910 0.39729214
7010 0.99086237
7110 1.6693459
7211 2.312571
7311 2.785501
7411 3.139534
7511 3.3834114
7611 3.4963923
7711 3.5757418
7812 3.6105633
7911 3.62119
8012 3.6113472
8112 3.4781857
8212 2.9769554
8313 1.9982071
8413 1.3844647
8513 0.8287544
8613 0.24071455
8713 -0.30725574
8813 -0.9437294
8913 -1.6631916
9314 -3.58933
9414 -3.699934
9515 -3.7497382
9614 -3.7283816
9715 -3.5936599
9814 -3.2272868
9915 -2.477659
10015 -1.6342266
10116 -0.7668228
10216 -0.0017585754
10315 0.71524906
10416 1.2701883
10515 1.9357009
10616 2.3858833
10717 2.8052917
10816 3.163827
10917 3.4533901
11017 3.616992
11117 3.6847782
11217 3.6799736
11317 3.4945917
11418 3.1110678
11517 2.5654001
11618 1.7905312
11718 0.8942771
11818 0.20572901
11918 -0.48616076
12018 -1.0915742
12119 -1.6652837
12219 -2.089554
12319 -2.5243816
12419 -2.9167354
12520 -3.3007922
12619 -3.509238
12720 -3.5941722
12820 -3.610356
12920 -3.5455532
13020 -3.1903396
13120 -2.574817
13220 -1.6911991
13321 -0.7372956
13421 0.18399763
13520 0.89566946
13621 1.6405358
13722 2.2891068
13821 2.7877922
13921 3.1646023
14022 3.3637352
14122 3.5382814
14222 3.650508
14322 3.7112713
14422 3.7322416
14523 3.7120914
14605 3.596778
14705 3.1044025
14805 2.4522142
14905 1.7697611
15005 1.0819659
15106 0.46222687
15207 -0.17255783
15307 -0.5197439
15408 -1.0139637
15508 -1.4820075
15841 -2.404821
15942 -2.5453005
16042 -2.6280465
16142 -2.6734648
16242 -2.6921732
16342 -2.661593
16442 -2.2143066
16543 -1.3096423
16643 -0.4978118
16743 0.3584032
16843 1.020441
16943 1.7949767
17043 2.5484686
17143 3.0858297
17244 3.4923944
17344 3.7310572
17444 3.890894
17544 3.9765692
17644 3.9912739
17745 3.8898602
17845 3.6132154
17945 2.9070435
18045 2.0567994
18145 1.2432404
18245 0.54287386
18345 -0.24453545
18445 -0.8431239
18546 -1.3647258
18646 -1.7773373
18746 -2.1885283
18847 -2.6105905
18946 -3.0046754
19264 -3.8538399
19364 -3.949609
19464 -3.9999259
19564 -3.953413
19664 -3.4627292
19764 -2.507026
19865 -1.4804153
19965 -0.3661952
20065 0.55939054
20165 1.5090799
20265 2.2382135
20365 2.8925743
20466 3.2679882
20566 3.500989
20666 3.598055
20766 3.6756153
20867 3.724615
20966 3.7231646
21066 3.5358171
21166 2.9520454
21268 2.222229
21367 1.5624876
21467 0.8609624
21567 0.27211666
21667 -0.23425722
21767 -0.7435355
21868 -1.2866306
21969 -1.74488
22068 -2.1399398
22169 -2.5514245
22269 -2.8732848
22370 -3.1374342
22469 -3.342978
22570 -3.4985015
22669 -3.5435576
22770 -3.4099486
22870 -2.714418
22970 -1.6691036
23071 -0.7475958
23170 0.104411125
23271 0.90876865
23371 1.5877876
23471 2.323162
23571 2.9106536
23671 3.3620853
23771 3.649005
23871 3.9185371
23972 4.0132303
24071 3.989584
24172 3.768137
24273 3.3048754
24372 2.5252929
24472 1.6755424
24573 0.7818403
24673 0.13024426
24773 -0.5195012
24874 -1.1635883
24974 -1.6858726
25073 -2.1602721
25174 -2.5802765
25274 -2.955475
25374 -3.1592538
25474 -3.2652018
25574 -3.3183014
25675 -3.2989507
25775 -3.0810068
25875 -2.4879088
25975 -1.7070861
26076 -1.0154908
26175 -0.3421178
26276 0.12926531
26376 0.4380393
26475 0.9062214
26577 1.5845933
26676 2.210669
26776 2.8443284
26876 3.3114185
26959 3.511795
27059 3.656847
27159 3.675085
27259 3.6548948
27359 3.5403996
27459 3.0673008
27559 2.2204552
27661 1.1788893
27762 0.4010954
27862 -0.11496687
27962 -0.66008663
28061 -1.2211983
28162 -1.7098587
28262 -2.1367536
28363 -2.5075717
28463 -2.746325
28563 -2.9058785
28663 -3.037358
28763 -3.1757603
28863 -3.2299201
28963 -2.993351
29064 -2.1387513
29164 -1.1798606
29264 -0.26070738
29364 0.4823041
29464 1.1223135
29565 1.7782526
29664 2.254284
29765 2.6498246
29865 2.9296656
29965 3.151434
30065 3.337718
30165 3.5444708
30265 3.8888063
30365 4.014845
30466 4.048478
30566 3.9090004
30666 3.39775
30766 2.7725515
30866 1.972342
30966 1.2808809
31067 0.68063545
31168 0.078679085
31268 -0.50769424
31367 -0.99517345
31467 -1.5063305
31567 -1.870336
31668 -2.2894816
31767 -2.6663146
31868 -2.9182694
31969 -3.0107203
32068 -2.9902864
32169 -2.6565995
32269 -1.9739783
32369 -1.2594235
32469 -0.72706175
32569 -0.1306715
32669 0.4129305
32769 1.0229511
32870 1.6866393
32969 2.2510948
33071 2.7359076
33171 3.1241941
33271 3.502615
33371 3.6809797
33471 3.7484636
33571 3.7454567
33672 3.5699768
33772 3.0933065
33871 2.553701
33971 1.7548957
34072 1.1029549
34168 0.569036
34272 -0.13383532
34372 -0.87230873
34472 -1.4868684
34572 -1.9820266
34673 -2.3956854
34773 -2.7262702
34873 -3.0059457
34974 -3.2289295
35074 -3.4601836
35173 -3.5630066
35274 -3.5787363
35374 -3.3078604
35475 -2.6267486
35574 -1.975121
35675 -1.2361805
35775 -0.61557674
35875 0.053017616
35975 0.7839565
36076 1.2365184
36176 1.8090715
36276 2.1742125
36375 2.47684
36476 2.7632232
36576 3.047924
36676 3.253025
36776 3.3662014
36876 3.415821
36959 3.4209118
37059 3.3579845
37159 3.1455393
37259 2.7415314
37359 2.188671
37460 1.5922155
37561 0.9902649
37662 0.39701653
37762 -0.036358356
37862 -0.8214679
37962 -1.3684738
38062 -1.8033144
38162 -2.300673
38263 -2.6728094
38363 -2.958146
38463 -3.1590197
38563 -3.2673795
38663 -3.3100812
38763 -3.328763
38863 -3.2767453
38964 -2.6758945
39064 -1.9810507
39164 -1.2946892
39264 -0.6411109
39364 -0.13516378
39465 0.3901267
39564 0.67308855
39664 1.2052927
39765 1.7081003
39865 2.163169
39965 2.5178733
40065 2.9160948
40165 3.1461248
40266 3.2975225
40366 3.5198421
40466 3.7009583
40566 3.7261562
40666 3.6009302
40766 3.1873322
40866 2.6402717
40967 2.1113381
41067 1.5782232
41167 0.7350774
41267 0.23508596
41367 -0.3154788
41467 -0.95743847
41568 -1.5571132
41667 -2.0372415
41768 -2.4184585
41868 -2.7034976
41968 -2.9970388
42069 -3.2945752
42169 -3.5062015
42270 -3.62273
42369 -3.6023245
42470 -3.1074731
42569 -2.4172645
42670 -1.6299767
42770 -0.972702
42870 -0.3195119
42970 0.25810575
43071 0.8721914
43170 1.2722712
43271 1.7228875
43588 3.0125237
43688 3.2253132
43788 3.3480473
43888 3.415721
43988 3.4950504
44089 3.5366154
44189 3.558691
44289 3.5115948
44389 2.98096
44490 2.4048743
44589 1.732894
44690 1.1011028
44789 0.6357074
44890 0.17919302
44990 -0.18106127
45091 -0.66560507
45190 -1.1180134
45290 -1.5404327
45391 -1.8457925
45491 -2.1417158
45591 -2.395526
45691 -2.6831985
45791 -2.9428487
45891 -3.1183028
45991 -3.2982445
46092 -3.4058123
46192 -3.4301028
46292 -3.2519445
46392 -2.5470068
46492 -1.803299
46592 -0.95760965
46693 -0.20499277
47111 2.2839217
47211 2.6802711
47310 3.0658932
47411 3.33988
47511 3.5756779
47612 3.7210531
47712 3.8084326
47811 3.8436537
47912 3.7845335
48012 3.4246178
48112 2.903039
48213 2.3009949
48313 1.6897583
48413 1.1504207
48512 0.6948595
48612 0.28090954
48713 -0.17762375
48814 -0.81444645
48913 -1.3957963
49014 -1.8356159
49113 -2.2433543
49214 -2.541672
49313 -2.8135428
49414 -2.995163
49515 -3.1926742
49615 -3.3564048
49715 -3.4539816
49810 -3.43068
49915 -2.7182374
50015 -1.9662211
50115 -1.3014622
50216 -0.6761446
50315 -0.103838444
50416 0.36052704
50515 0.7892008
50617 1.3942251
50717 1.938633
50817 2.2875824
50917 2.6183143
51017 2.8108225
51117 2.9694428
51217 3.111127
51318 3.2005978
51418 3.2207422
51517 3.2159643
51618 3.1183863
51718 2.7777925
51818 2.2823892
51919 1.5643601
52019 0.77303696
52101 0.23717642
52201 -0.37228775
52301 -0.7645302
52401 -1.3140063
52501 -1.7395325
52601 -2.0783546
52703 -2.368344
52804 -2.6578069
52904 -3.015011
53004 -3.2789676
53104 -3.4339645
53204 -3.4832644
53304 -3.4792087
53405 -3.1254656
53504 -2.2909117
53605 -1.4911427
53705 -0.8861861
53805 -0.23203564
53905 0.2850461
54005 0.7769828
54105 1.1895542
54206 1.6630793
54306 2.0308924
54406 2.3995275
54506 2.8530297
54607 3.3578415
54706 3.8133345
54806 4.1246214
54906 4.3260098
55007 4.388777
55107 4.312833
55207 4.0117826
55307 3.25729
55407 2.6156616
55507 1.971633
55608 1.360105
55708 0.73712826
55808 0.13103724
55908 -0.3643751
56008 -0.9496579
56326 -2.4091446
56426 -2.759171
56526 -2.9927106
56626 -3.1751177
56726 -3.3229632
56827 -3.4142356
56927 -3.4928687
57027 -3.5493865
57127 -3.5674205
57227 -3.2502553
57327 -2.3109188
57428 -1.5281227
57528 -0.7994013
57628 -0.2664981
57729 0.26130915
57829 0.68278074
57929 1.0843873
58029 1.5658059
58128 2.0157232
58228 2.355175
58329 2.5923605
58429 2.8031607
58530 2.9724112
58629 3.078207
58730 3.1522217
58830 3.2367802
58931 3.3020115
59030 3.320675
59130 3.1752348
59231 2.6660738
59331 1.8493791
59430 1.3971477
59531 0.8044944
59631 0.2503891
59732 -0.313262
59832 -0.6892948
59932 -1.0969653
60032 -1.6290631
60132 -2.0357184
60233 -2.3341
60332 -2.5782506
60433 -2.86504
60533 -3.116551
60633 -3.313002
60733 -3.4591134
60834 -3.4817467
60934 -3.3797975
61033 -2.8134103
61116 -2.3343654
61217 -1.7048454
61316 -1.1594138
61416 -0.6824255
61516 -0.18574095
61616 0.22479057
61717 0.7215624
62053 2.1972604
62152 2.4347558
62252 2.6380935
62352 2.807723
62453 2.9895868
62553 3.1835842
62653 3.3755531
62753 3.5124798
62853 3.59661
62953 3.6340942
63054 3.655035
63154 3.6266518
63254 3.2267628
63354 2.674304
63454 2.3399444
63554 1.9879394
63654 1.54879
63754 0.9913392
64105 -0.5855198
64206 -1.0124977
64305 -1.4073639
64406 -1.8424575
64506 -2.2192144
64607 -2.5227358
64707 -2.8025446
64807 -3.0334313
64906 -3.2195451
65007 -3.3315217
65107 -3.3943777
65208 -3.409915
65307 -3.3403392
65408 -2.9609122
65508 -2.5602012
65608 -2.2343948
65709 -1.9063699
65809 -1.533833
65909 -1.1602108
66009 -0.55970955
66091 -0.15823841
66191 0.3865881
66291 0.8093834
66391 1.3651786
66491 2.0040803
66591 2.3759947
66693 2.7069435
66793 2.8834634
66893 3.082283
66994 3.2607403
67094 3.4561386
67194 3.6487312
67294 3.7434778
67394 3.783969
67495 3.7775211
67595 3.6081533
67695 3.2231789
67795 2.7012916
67895 2.305964
67995 1.9794936
68095 1.6149912
68196 1.0134411
68296 0.43290234
68396 -0.10669041
68496 -0.6342697
68596 -1.1581657
68696 -1.7991447
68797 -2.288031
68897 -2.7111206
68997 -3.0757368
69097 -3.3716462
69197 -3.5133781
69298 -3.6015038
69397 -3.6290393
69497 -3.6132386
69598 -3.2807035
69698 -2.7896838
69798 -2.3060524
69898 -1.8147502
69999 -1.3250046
70098 -0.9061575
70198 -0.47505045
70300 -0.04366398
70400 0.326169
70499 0.85932446
70599 1.2760458
70699 1.6659994
70800 1.9780045
70900 2.340149
71001 2.663549
71101 2.9382935
71200 3.2666044
71301 3.6179247
71401 3.8437986
71502 3.9814262
71601 4.042877
71701 4.0513725
71801 3.9645748
71901 3.6612034
72002 2.9800568
72103 2.3612685
72203 1.8672409
72303 1.3558927
72403 0.57427835
72503 0.0021328926
72603 -0.39965343
72703 -0.79194117
72804 -1.239671
72904 -1.711494
73004 -1.9859128
73104 -2.3512406
73204 -2.7489252
73305 -3.0931742
73405 -3.383645
73504 -3.5864136
73605 -3.7874749
73704 -3.9447336
73805 -4.0629716
73906 -4.1043296
74005 -3.9077227
74106 -3.2443483
74206 -2.4013944
74305 -1.6775715
74406 -1.1092973
74507 -0.54698896
74607 -0.045134068
74706 0.4933505
74806 0.8445525
74907 1.3804255
75007 1.9219999
14 -0.2015996
115 -0.761508
215 -1.2197719
315 -1.6125576
415 -1.9383435
515 -2.2291305
615 -2.5253992
715 -2.8143773
815 -3.100047
915 -3.305787
1015 -3.432412
1116 -3.4745111
1216 -3.441619
1316 -3.3205395
1416 -3.1247265
1516 -2.7897663
1617 -2.3003118
1717 -1.7305877
1818 -1.1774151
1918 -0.65481424
2018 -0.19458246
2117 0.33826923
2200 0.65222645
2300 1.1321855
2401 1.3920603
2500 1.740716
2600 2.0481348
2700 2.3009124
2802 2.5124002
2903 2.6610007
3003 2.8256416
3103 2.916111
3203 3.6903257
3303 4.022975
3403 4.139574
3503 4.145132
3604 4.1149855
3704 3.9839458
3804 3.529952
3904 2.670878
4004 2.2149987
4104 1.7082644
4204 1.2665792
4305 0.52954197
4405 -0.030536175
4505 -0.43587208
4605 -0.8220458
4705 -1.3394668
4805 -1.7176852
4906 -1.9966538
5006 -2.2454154
5106 -2.4449148
5206 -2.6459742
5306 -2.791933
5407 -2.965386
5506 -3.0878956
5607 -3.2040868
5707 -3.248651
5807 -3.2710347
5903 -3.2813632
6007 -3.3100991
6107 -3.3475173
6208 -3.2812304
6309 -2.7600417
6408 -2.031034
6508 -1.4525146
6608 -0.5463252
6709 0.13638926
6808 0.6338072
6908 1.0882463
7009 1.6215601
7109 1.9836569
7209 2.2749724
7310 2.623001
7409 2.975994
7510 3.303154
7610 3.4327755
7711 3.5158768
7810 3.534068
7910 3.5394878
8011 3.534605
8111 3.4357567
8211 3.1151752
8311 2.403966
8411 2.0251236
8512 1.8623252
8612 1.4177155
8712 0.8702564
8812 0.31856108
8912 -0.26782894
9013 -0.82587147
9113 -1.427834
9213 -1.8847966
9313 -2.321574
9414 -2.673552
9513 -3.134932
9613 -3.5644414
9714 -3.843249
9814 -3.868989
9914 -3.8825722
10014 -3.8864186
10348 -2.5084212
10448 -1.6433761
10549 -0.79848814
10649 -0.09100628
10749 0.5638609
10849 1.066802
10949 1.5113206
11049 1.9300256
11149 2.2260566
11250 2.5406113
11349 2.7857423
11450 2.9375887
11550 3.1698809
11651 3.6726227
11751 3.8354053
11850 3.7463036
11951 3.74158
12051 3.6441422
12151 3.058876
12252 2.5190668
12351 1.999495
12452 1.426465
12551 0.8751645
12652 0.2754488
12752 -0.13185692
12853 -0.50776577
12952 -0.82900333
13053 -1.2834213
13152 -1.6486938
13253 -2.0632877
13353 -2.3595486
13453 -2.6492057
13554 -2.9886434
13654 -3.2206216
13754 -3.3383515
13854 -3.371859
13954 -3.4000487
14055 -3.4143753
14154 -3.360105
14255 -3.0975049
14355 -2.6728227
14455 -2.1381755
14555 -1.617724
14655 -1.1131535
14756 -0.6855917
14856 -0.3208871
14938 -0.055455685
15038 0.34886837
15139 0.6273513
15238 1.0797234
15338 1.6591401
15438 2.0111914
15540 2.3368087
15640 2.6548133
15741 2.9623399
15841 3.3697834
15941 3.7122374
16041 3.9549284
16141 3.9577885
16241 3.8916378
16341 3.1778507
16442 2.6732545
16542 2.175096
16642 1.5548415
16742 0.9631314
16842 0.4571085
16942 0.050978184
17042 -0.48145723
17143 -0.97764206
17243 -1.401156
17343 -1.7867959
17443 -2.1630845
17543 -2.5708346
17644 -2.9380326
17744 -3.2797298
17844 -3.5295095
17944 -3.708538
18044 -3.7635028
18144 -3.7760825
18245 -3.7401714
18344 -3.2304058
18445 -2.4486923
18545 -1.6603737
18645 -0.91248703
18745 -0.31605768
18845 0.24038124
18945 0.66378117
19047 0.9168687
19146 1.2060461
19246 1.4441233
19346 1.7021217
19447 2.113627
19547 2.7233872
19646 3.247178
19747 3.5339575
19847 3.671299
19948 3.8908663
20047 3.9036493
20147 3.8157902
20248 3.1111755
20348 2.4595575
20449 1.868113
20548 1.1168451
20649 0.36116934
20748 2.799034E-4
20849 -0.51969004
20949 -1.0884964
21049 -1.550771
21149 -1.9213836
21484 -3.2038124
21584 -3.4778266
21684 -3.5821302
21784 -3.5960433
21884 -3.5999296
21985 -3.5395906
22085 -3.1177
22185 -2.1073549
22285 -1.2761407
22385 -0.45654917
22485 0.21048641
22585 0.8192644
22685 1.2962599
22785 1.8016558
22886 2.2921844
22985 2.7336054
23086 3.2788086
23187 2.9799414
23286 4.0794086
23386 4.1131306
23487 4.1291857
23586 3.740859
23686 3.1920004
23788 2.631938
23887 2.3990402
23988 1.7347641
24088 0.6789808
24188 -0.021770477
24288 -0.42705345
24388 -1.0861087
24488 -1.6021507
24588 -2.1291933
24688 -2.495707
24789 -2.8911643
24889 -3.1636508
24989 -3.3769708
25090 -3.552299
25189 -3.749787
25272 -3.8439608
25372 -3.8462157
25472 -3.562201
25572 -3.009524
25673 -2.2103474
25772 -1.5308769
25873 -0.9171243
25974 -0.25361776
26074 0.4138565
26175 1.00598
26275 1.6914139
26375 2.2685227
26475 2.7676673
26575 2.940909
26675 3.1160994
26776 3.2032747
26876 3.2444067
26976 3.2292137
27076 3.0055637
27176 2.834208
27276 2.5192094
27376 2.0920892
27477 1.2716284
27577 0.5305853
27677 0.08086395
27777 -0.66994476
27877 -1.5039475
27977 -2.162583
28078 -3.032397
28178 -3.4372597
28278 -3.7818296
28378 -4.104425
28478 -4.3091617
28578 -4.475126
28678 -4.5111074
28779 -4.5083747
28879 -4.326256
28979 -4.0939927
29079 -3.7596796
29179 -3.3810544
29280 -3.102026
29380 -2.75131
29481 -1.9635375
29580 -1.190115
29681 -0.5094943
29780 0.64802074
29881 1.0565958
29980 1.5612154
30081 2.0038314
30181 2.3330817
30281 2.6189241
30382 2.8522186
30481 3.2428331
30582 2.9706154
30682 2.9867043
30782 2.988842
30883 2.921403
30982 2.7533226
31083 2.6789217
31183 2.5662727
31283 2.293367
31383 1.8317118
31484 1.0135546
31584 0.36795807
31684 -0.11356926
31784 -0.63776684
31884 -1.0720096
31984 -1.5229034
32084 -1.8029292
32185 -2.0964532
32285 -2.3968523
32385 -2.6039958
32485 -2.7892892
32585 -3.039023
32686 -3.3607259
33003 -3.6701503
33102 -3.417681
33203 -2.899221
33303 -2.4414222
33403 -2.0418417
33504 -1.5486515
33603 -0.89615726
33704 -0.285738
33804 0.32809782
33904 0.78381014
34005 1.3590832
34105 1.8849602
34205 2.3942628
34305 2.5904493
34405 2.8779974
34506 3.0755444
34606 3.223423
34706 3.35015
34805 3.4215755
34906 3.4484339
35006 3.4673843
35107 3.4492512
35206 3.3614435
35307 2.3094263
35407 1.9149108
35506 1.1306009
35607 0.3162756
35707 -0.17241573
35808 -0.70820475
35907 -1.0143452
36008 -1.352988
36107 -1.7591033
36208 -2.3408349
36308 -2.8073516
36408 -3.1616793
36509 -3.41667
36608 -3.4955196
36709 -3.5550687
36809 -3.5747406
36910 -3.578954
37009 -3.3513103
37110 -2.6910682
37210 -1.7447944
37310 -0.83526564
37410 -0.06389809
37510 0.7012496
37610 1.597271
37711 2.3344827
37810 2.8427572
37893 2.9192457
37993 3.0647602
38094 3.1521168
38193 3.1827097
38293 3.3757114
38393 3.5027218
38495 3.4486141
38596 3.0836382
38696 2.3741531
38796 1.7678733
38896 1.045558
38996 0.551209
39096 0.10031366
39196 -0.29758692
39531 -1.543983
39630 -1.8371606
39730 -2.243129
39830 -2.6854045
39931 -3.0076199
40031 -3.211657
40131 -3.3471963
40232 -3.4259353
40332 -3.4510891
40432 -3.4573686
40532 -3.1872416
40632 -2.4913392
40732 -1.8813212
41133 0.044024944
41233 0.38307953
41333 0.7557678
41433 1.2725282
41533 1.6484175
41633 1.8730936
41733 2.198079
41835 2.5493555
41935 2.7449355
42034 3.072009
42135 3.503765
42234 3.6633167
42334 3.6314516
42434 3.3594599
42536 2.505034
42636 1.8254347
42736 0.97368574
42836 0.527308
42936 0.017516136
43036 -0.42313147
43137 -1.1361892
43237 -1.6489062
43337 -2.02906
43436 -2.3866048
43537 -2.669486
43637 -2.8264308
43737 -2.8723068
43838 -2.8750675
43938 -2.8151982
44038 -2.4830065
44138 -1.8893723
44238 -1.2511909
44338 -0.6168399
44439 -0.077842236
44539 0.34894657
44639 0.8894348
44739 1.344409
44839 1.7036653
44940 2.1518583
45040 2.4434724
45140 2.6808252
45239 2.785923
45340 2.836978
45440 2.853087
45541 2.8308516
45641 2.3250074
45741 1.9146285
45840 1.3422227
45941 0.52314425
46041 -0.13318253
46142 -0.6345105
46241 -1.1874263
46342 -1.767966
46442 -2.2941413
46542 -2.780952
46641 -3.1976035
46742 -3.4649305
46842 -3.6261017
46943 -3.7584012
47043 -3.7448893
47143 -3.3395152
47243 -2.8683047
47344 -2.2855966
47443 -1.7536399
47544 -1.1297219
47644 -0.47497463
47726 0.011919022
47826 0.569283
47926 1.0263586
48026 1.44596
48126 1.7905464
48227 2.144806
48328 2.5000343
48428 2.8284044
48529 2.9801078
48629 3.0060978
48729 3.058465
48829 3.0885897
48929 3.1015024
49030 3.0929012
49130 2.6149406
49230 2.248262
49330 1.8125639
49430 0.97484684
49530 0.24697399
49630 -0.2576971
49731 -0.7196679
49831 -1.1954198
49931 -1.6502228
50031 -2.0181906
50131 -2.3409235
50231 -2.6744564
50331 -2.9858763
50432 -3.2451835
50532 -3.5176406
50632 -3.7598035
50732 -5.0
50832 -5.0
50932 -5.0
51032 -5.0
51133 -5.0
51233 -5.0
51333 -4.5597105
51433 -3.1295543
51533 -1.7337024
51633 -1.1625772
51733 -0.6798377
51834 -0.08285189
51934 0.508296
52034 1.1223602
52134 1.5403733
52234 1.945066
52335 2.2766647
52436 2.663144
52535 2.9788742
52636 3.2609186
52736 3.5818634
52835 3.9069757
52936 4.1088676
53036 4.1888523
53136 4.1980925
53236 4.140479
53337 3.3655453
53436 2.3003082
53537 1.5444512
53637 0.7466879
53737 0.23265553
53838 -0.6937208
53938 -1.1159387
54037 -1.5212505
54138 -2.0502737
54239 -2.4192128
54339 -2.7211595
54439 -3.1528165
54538 -3.4758036
54638 -3.5454285
54739 -3.5702167
54839 -3.5719242
54940 -3.570914
55039 -3.4304552
55139 -2.9919949
55240 -2.3422914
55340 -1.6346314
55440 -1.1526952
55541 -0.78657055
55640 -0.21904469
55741 0.18202543
55840 0.6124072
55941 0.9208083
56041 1.2788072
56141 1.432847
56241 1.9265709
56342 2.2285156
56442 2.3542008
56542 2.4775925
56643 2.5730925
56743 2.709548
56842 2.809596
56942 3.049036
57043 3.1236858
57143 3.1460552
57243 3.0368643
57344 3.2113533
57443 3.0040045
57544 2.454615
57626 1.888372
57726 1.2640924
57826 0.57800484
57926 -0.023989677
58026 -0.6554432
58126 -1.0746169
58227 -1.5525894
58327 -1.9493146
58429 -2.3001204
58529 -2.5872142
58629 -2.903789
58729 -3.1492875
58829 -3.3475049
58929 -3.6689355
59029 -3.912264
59130 -4.090763
59230 -4.154149
59330 -4.0199113
59430 -3.8392568
59530 -3.1645627
59630 -2.08777
59731 -1.6117892
59831 -0.76046085
59931 0.5002527
60031 1.0529113
60131 1.5756364
60232 2.0804443
60331 2.462657
60431 2.791997
60532 3.1061707
60632 3.4489145
60732 3.6315413
60832 3.7723446
60932 3.80163
61032 3.8063374
61133 3.7917366
61233 3.2433681
61333 2.7395182
61433 2.0169382
61533 1.4000664
61634 0.5691891
61734 -0.16046906
61834 -0.889678
61934 -1.3785148
62034 -1.7974086
62134 -2.144282
62235 -2.6236954
62335 -3.0486975
62435 -3.326517
62536 -3.5350294
62635 -3.6575475
62735 -3.7426713
62836 -3.7590737
62936 -3.7775648
63036 -3.6063812
63136 -3.21981
63236 -2.330976
63337 -1.4654274
63437 -0.7254505
63537 -0.051934242
63637 0.56387043
63954 2.2059488
64054 2.5612106
64155 2.8489838
64255 3.1607962
64355 3.4538698
64455 3.5561028
64556 3.5835571
64656 3.6045732
64756 3.6019735
64856 3.5022335
64956 3.1978216
65056 2.5543404
65157 1.9055595
65256 1.487442
65357 0.57611895
65456 -0.30430317
65557 -0.8422842
65657 -1.24035
65758 -1.5116432
65858 -1.8445358
65957 -2.0970154
66058 -2.3222213
66157 -2.4103923
66258 -2.4932075
66358 -2.6515787
66459 -2.746364
66559 -2.8010147
66658 -2.8670018
66759 -2.986912
66859 -3.083262
66960 -3.13009
67060 -3.163238
67159 -3.011227
67260 -2.4221208
67360 -1.4835849
67461 -0.72014046
67560 -0.023900509
67661 0.5413637
67761 0.94276714
67860 1.4340653
67961 1.8118219
68061 2.2558908
68161 2.5711265
68261 2.9046402
68361 3.1923084
68462 3.3545256
68561 3.47225
68662 3.58883
68763 3.685089
68863 3.7122383
68962 3.6284924
69045 3.4399357
69145 3.1216097
69245 2.8557382
69345 2.2795906
69680 -0.25467396
69780 -0.72170687
69881 -1.3357456
69982 -1.8329291
70082 -2.3793993
70181 -2.9470363
70281 -3.6028602
70382 -4.014132
70482 -4.1967344
70582 -4.2933955
70682 -4.364566
70782 -4.4774847
70882 -4.5359755
70983 -4.5137033
71083 -4.2384887
71183 -3.2176688
71283 -2.2122777
71384 -1.3978298
71484 -0.5894451
71584 0.054648876
71684 0.66154957
71784 1.0941558
71884 1.6224961
71985 2.1007476
72085 2.6078095
72184 3.0340443
72285 3.3843145
72385 3.6201878
72486 3.7604904
72585 3.8406963
72686 3.8590145
72785 3.8677683
72886 3.8683157
72986 3.695509
73086 3.2790527
73186 2.6764536
73287 2.1017547
73387 1.2182851
73487 0.54787207
73587 0.036764145
73688 -0.5021553
73787 -0.94817114
73888 -1.3926132
73988 -1.7238953
74087 -2.0822024
74189 -2.3150449
74288 -2.602626
74389 -2.7621117
74489 -2.9249542
74588 -3.0769598
74689 -3.2003224
74789 -3.223481
74889 -3.246455
74989 -3.2652
