5 -1.5344315
106 -1.7300193
206 -1.6313529
305 -0.70068264
406 0.87288094
507 1.9061303
606 2.854332
707 3.1536283
808 3.1838322
908 2.7702956
1008 1.4476485
1108 -0.03235817
1208 -1.2655926
1309 -2.3370728
1410 -2.8644505
1510 -2.933612
1610 -2.5504081
1710 -0.9985237
1810 0.4422741
1910 1.6906066
2011 2.70791
2110 3.21562
2211 3.3132753
2312 2.9592466
2412 1.6530037
2512 0.11360264
2613 -1.1431713
2712 -1.8948979
2813 -2.4855466
2913 -2.4349802
3013 -1.92078
3114 -0.60932446
3213 0.8543992
3314 2.1824274
3414 2.8561716
3515 3.0984478
3615 3.0317097
3715 2.4962358
3816 1.3647165
3916 0.34461117
4016 -0.8499346
4116 -1.8681774
4216 -2.5471075
4317 -2.783327
4417 -2.3700776
4518 -1.071917
4618 0.43607092
4718 1.7674417
4818 2.5057425
4918 2.7455664
5019 2.8442993
5118 2.6049027
5202 1.4068589
5303 -0.1001544
5402 -1.3644702
5503 -2.1236908
5604 -2.3384645
5704 -2.0823102
5804 -1.010886
5904 0.7278824
6005 1.7661109
6104 2.5162416
6205 2.7917175
6306 2.8021612
6406 2.3854737
6506 1.0514078
6605 -0.009394646
6706 -1.071624
6807 -1.8722672
6907 -2.289379
7007 -2.353562
7107 -1.8547559
7208 -0.5147567
7308 0.9031315
7408 2.1406622
7508 2.9904337
7609 3.1179523
7709 2.814073
7810 1.8270073
7910 0.5194216
8010 -0.58022785
8110 -1.5532508
8210 -1.9419551
8311 -2.1466875
8410 -1.6417592
8512 -0.6124697
8611 0.60673046
8711 1.7564173
8812 2.738946
8912 3.3642921
9013 3.4655066
9113 3.305358
9213 2.4606109
9313 1.1447153
9414 -0.5676956
9514 -1.6565642
9615 -2.1727133
9715 -2.4561071
9814 -2.5737357
9915 -2.5815408
10016 -2.0372953
10116 -0.31704807
10216 1.3361645
10316 2.3689394
10416 3.0237684
10517 3.1485844
10617 2.7746758
10717 1.4856424
10817 0.011849403
10918 -1.0922761
11018 -1.8450439
11119 -2.3031318
11218 -2.580418
11319 -2.5122313
11419 -1.8818951
11502 -0.62041473
11602 0.8260312
11704 1.7664881
11804 2.5325103
11903 2.8817863
12004 2.909068
12104 2.5680227
12205 1.698596
12305 0.12529278
12405 -0.93786526
12506 -1.8985848
12606 -2.292507
12706 -2.2796261
12805 -1.7902749
12907 -0.46855545
13006 1.0484524
13106 2.0049925
13206 2.795001
13308 3.1725311
13408 3.2791033
13508 3.0256586
13608 1.9929085
13708 0.56157017
13809 -0.88104725
13908 -1.9341493
14009 -2.5071397
14110 -2.7092323
14210 -2.4460735
14309 -1.3245311
14410 0.38175488
14510 1.7106757
14611 2.5098028
14712 2.879332
14811 2.9965868
14912 2.84051
15012 1.6501188
15112 0.15274572
15213 -1.0437074
15312 -1.8209565
15413 -2.209799
15513 -2.1886659
15614 -1.9308507
15714 -1.1872096
15813 0.38514614
15915 1.8341026
16014 2.658452
16115 2.9467468
16214 3.0608654
16316 3.1157084
16415 2.9428797
16516 1.9776549
16617 0.6351919
16716 -0.325418
16817 -0.8919411
16917 -1.0331421
17018 -0.8716173
17118 -0.18042088
17218 0.49578476
17318 1.0595217
17419 1.5378098
17518 1.9070601
17618 2.0780005
17719 2.0837984
17802 2.0600061
17903 2.055995
18004 1.8432527
18103 1.1413035
18203 0.10003376
18303 -0.6831665
18404 -1.2384458
18505 -1.6262271
18605 -1.9217825
18705 -2.203919
18805 -2.3124886
18906 -2.338725
19006 -2.2709603
19106 -1.9200411
19207 -1.2067966
19307 -0.35109997
19407 0.3704548
19507 0.66564083
19608 0.7548704
19708 0.79028463
19808 0.8800249
19909 1.0852771
20009 1.5259867
20108 1.9990053
20210 2.413588
20310 2.7243714
20409 2.929161
20510 3.1373386
20609 3.263935
20711 3.2925043
20811 3.068037
20912 2.4764543
21011 1.8566613
21112 1.2285509
21212 0.40092754
21312 -0.14405489
21413 -0.4611187
21512 -0.67064905
21613 -0.8125124
21714 -0.96049213
21814 -1.2019341
21914 -1.5016875
22014 -1.6833713
22115 -1.846189
22214 -1.9355874
22315 -1.9748042
22414 -1.9841549
22515 -1.9575751
22615 -1.8290362
22716 -1.5969124
22815 -1.2372527
22916 -1.0133369
23017 -0.8352995
23116 -0.7251282
23217 -0.5834398
23318 -0.34733295
23418 0.025735378
23518 0.7912054
23619 1.5931091
23718 2.3056884
23819 2.663002
23903 2.7700005
24003 2.708867
24103 2.3172598
24203 1.7334771
24303 1.1847878
24404 0.60936594
24503 0.20084286
24605 -0.116883755
24705 -0.39940453
24804 -0.6563425
24905 -0.8958278
25005 -1.1555874
25106 -1.4050438
25206 -1.6272182
25306 -1.8116066
25406 -1.9019818
25507 -1.9219394
25607 -1.9176419
25707 -1.811177
25808 -1.5475457
25907 -1.2807872
26007 -0.94130707
26108 -0.47673845
26209 0.0041356087
26308 0.33386564
26409 0.69684124
26510 1.1936517
26610 1.6749506
26710 2.2137704
26810 2.6059318
26911 2.6059318
27010 2.6059318
27111 2.6059318
27212 2.5228271
27312 2.1825104
27411 1.6950693
27512 1.3195333
27612 0.9473758
27712 0.5674329
27812 0.10378218
27913 -0.31111145
28013 -0.58102703
28113 -0.82156324
28214 -1.0732429
28314 -1.4033451
28414 -1.6842036
28515 -1.8556828
28615 -1.9807439
28715 -2.0594258
28816 -2.1428125
28916 -2.184998
29016 -2.1864676
29116 -2.0993412
29217 -1.7345035
29317 -1.069468
29417 -0.5878029
29517 -0.12885427
29618 0.44223785
29718 1.1415458
29818 1.5481215
29918 1.9025254
30019 2.268055
30119 2.6246634
30202 2.7244616
30303 2.7448235
30403 2.677957
30503 2.5099883
30603 2.0082788
30704 1.0099106
30804 0.3656969
30904 0.01265192
31005 -0.25058985
31105 -0.5418067
31205 -0.73015976
31306 -0.9303322
31406 -1.1837802
31506 -1.457161
31605 -1.7007809
31707 -1.9575438
31807 -2.1518786
31907 -2.2150342
32008 -2.2312546
32108 -2.2623904
32208 -2.3106122
32308 -2.3259819
32408 -2.1523554
32509 -1.3319519
32610 -0.4825487
32709 0.41539526
32810 1.288949
32909 1.8542824
33010 2.2050514
33110 2.575451
33210 2.8310342
33311 2.9177866
33411 2.9377694
33511 2.9472609
33612 2.9384713
33712 2.9126205
33812 2.8973908
33912 2.8881226
34012 2.4187727
34113 1.2227106
34213 0.0023794174
34314 -0.9403753
34414 -1.5358651
34514 -1.9636307
34614 -2.236277
34715 -2.3279529
34815 -2.399897
34914 -2.4128888
35015 -2.4088821
35116 -2.407823
35215 -2.400785
35316 -2.3489099
35417 -2.2700944
35516 -2.2217422
35617 -2.1119018
35717 -1.9037385
35818 -1.6893516
35918 -1.4137695
36018 -1.0134151
36119 0.10454512
36219 1.1038866
36319 1.8358088
36402 2.3379107
36503 2.7023072
36603 2.7746153
36704 2.7614317
36804 2.748311
36903 2.7211075
37004 2.4196367
37104 1.6925707
37205 1.1148143
37305 0.7737627
37405 0.46420717
37505 0.068451405
37606 -0.2903757
37706 -0.56046915
37806 -0.7094593
37906 -0.9329901
38007 -1.3039908
38107 -1.6196694
38208 -1.8905082
38308 -1.9962633
38408 -2.03689
38508 -2.0492518
38608 -2.0609512
38709 -2.0676923
38809 -2.062697
38909 -2.0043004
39009 -1.835768
39110 -1.4409249
39209 -0.9875865
39310 -0.5571823
39410 -0.019871712
39511 0.680953
39611 1.4511924
39712 1.9754996
39812 2.381688
39912 2.6331968
40012 2.8274918
40113 2.8808823
40213 2.8994331
40312 2.9034004
40413 2.9030557
40513 2.9024873
40614 2.8887572
40714 2.811325
40814 2.4747667
40915 1.7770348
41015 1.2037692
41115 0.8050895
41215 0.30560017
41316 -0.45591164
41416 -0.96222687
41516 -1.3758049
41617 -1.6509945
41717 -1.8331034
41817 -1.9483466
41916 -2.0088048
42018 -2.065515
42118 -2.1273084
42218 -2.1622822
42319 -2.1734073
42418 -2.1757698
42519 -2.0797257
42619 -1.6606135
42702 -1.1947925
42802 -0.79318523
42903 -0.5500908
43004 -0.28913975
43104 0.103853226
43204 0.7522454
43304 1.4800835
43405 2.033751
43505 2.4174347
43604 2.70999
43705 2.9038467
43806 2.9569101
43906 2.9708924
44005 2.969468
44106 2.9355116
44207 2.700181
44306 2.2552962
44407 1.9230704
44508 1.4544764
44608 0.71481514
44708 0.27799702
44808 -0.06440258
44909 -0.32415724
45009 -0.47840738
45109 -0.6346197
45209 -0.8564739
45309 -1.0888143
45410 -1.2393196
45510 -1.3867614
45610 -1.4754822
45711 -1.5406513
45811 -1.5676682
45911 -1.577666
46011 -1.5807171
46112 -1.5490308
46211 -0.9985628
46312 0.19016266
46413 1.5517793
46512 2.369855
46613 2.9097533
46713 3.1181965
46814 2.941948
46914 2.1945128
47014 0.9244833
47115 -0.30666447
47215 -1.1191418
47314 -1.5768764
47415 -1.7585537
47516 -1.7202911
47616 -1.2132308
47716 0.18591022
47816 1.3645506
47916 2.055326
48016 2.4917326
48117 2.5978036
48217 2.5527315
48317 2.0399446
48418 1.0265956
48517 -0.15984583
48618 -0.9565525
48719 -1.7423172
48819 -2.0367687
48903 -2.0418198
49002 -1.4756477
49103 -0.024903774
49204 1.4469299
49304 2.2751846
49404 2.6584892
49503 2.6425714
49605 1.8743353
49704 0.697206
49805 -0.23994589
49904 -1.1725521
50006 -1.8178542
50106 -1.9609435
50206 -1.8030262
50306 -0.78628016
50407 0.7986512
50507 1.8219666
50607 2.3656173
50708 2.516121
50807 2.3060317
50908 1.415638
51008 0.22552586
51108 -0.7933521
51209 -1.5137608
51309 -1.8752956
51409 -1.8479438
51510 -1.1372151
51610 0.29946136
51710 1.7013283
51810 2.4188433
51910 2.72016
52011 2.75634
52111 2.4995246
52211 1.6550293
52312 0.24171543
52412 -0.8994889
52512 -1.510941
52613 -1.8872018
52712 -1.9228044
52813 -1.4060893
52913 -0.36233664
53014 0.9602165
53114 1.7944045
53214 2.1752458
53314 2.1508093
53415 1.4554887
53515 0.39596558
53615 -0.4511242
53715 -1.2021859
53816 -1.7535305
53916 -1.9379077
54016 -1.6513462
54117 -0.43306732
54217 1.2242551
54316 2.3393354
54417 3.0585241
54518 3.0742207
54617 2.26799
54718 0.7047825
54818 -0.5971899
54919 -1.6212497
55018 -2.1758392
55119 -2.39998
55202 -2.2682624
55302 -1.6001828
55403 -0.07562494
55504 1.2393594
55604 2.239759
55703 2.6901941
55804 2.617704
55904 1.9758048
56005 0.63218117
56105 -0.6180954
56206 -1.4368317
56306 -1.7989163
56405 -1.9434946
56506 -1.8545613
56606 -1.230334
56707 0.3054967
56807 1.4375048
56908 2.2277222
57008 2.5704856
57108 2.6267443
57208 2.2604957
57309 1.5636024
57408 0.5188327
57509 -0.30530596
57609 -1.1799233
57710 -1.5760198
57810 -1.6452489
57910 -1.3322577
58010 0.026469707
58110 1.5225725
58211 2.3715606
58311 2.7301521
58412 2.5828705
58512 2.0554895
58612 0.8467231
58712 -0.11529732
58812 -1.0073287
58913 -1.4920928
59012 -1.7175992
59113 -1.6020687
59213 -0.75772333
59313 0.4907756
59414 1.5256629
59515 1.9952445
59615 2.1197267
59714 1.8398652
59815 0.7080078
59915 -0.5562067
60016 -1.3971756
60115 -1.7449527
60216 -1.845509
60316 -1.6699238
60417 -0.46366882
60516 0.8617315
60616 1.8282294
60717 2.2340193
60818 2.2141304
60918 1.4112864
61018 -0.041085243
61119 -1.0925133
61218 -1.5875695
61319 -1.6840565
61402 -1.305099
61503 -0.20435667
61603 1.261848
61704 2.3220139
61804 2.87848
61903 2.8572607
62004 1.8039541
62105 0.20130062
62205 -1.3293033
62305 -2.0780597
62405 -2.3139408
62506 -2.004587
62606 -1.2034879
62706 0.4646082
62806 1.6190314
62907 2.3202858
63007 2.4761024
63107 2.4242754
63207 2.0265555
63308 1.1081114
63408 -0.22802353
63508 -1.1638274
63609 -1.6748939
63708 -1.7223015
63809 -1.0465999
63909 0.4658656
64010 1.7990942
64110 2.7503304
64210 3.3525562
64311 3.1312819
64410 1.7380242
64511 0.2511549
64612 -1.0215683
64711 -1.9693217
64812 -2.907611
64912 -1.9577746
65012 -1.036515
65112 0.43695354
65213 1.9833298
65313 2.5884256
65413 2.7060409
65514 2.5330772
65614 1.723506
65714 0.07207203
65814 -0.97789717
65915 -1.6668136
66014 -1.7687423
66115 -1.68418
66216 -0.8438077
66315 0.8467417
66416 2.1086016
66516 2.6169486
66617 2.6514993
66717 2.051303
66817 0.75077534
66918 -0.67990065
67017 -1.5907269
67118 -1.8715963
67218 -1.9069448
67318 -1.4422164
67418 -0.06540203
67518 1.3538647
67602 1.9403229
67703 2.1833243
67803 1.8214827
67904 0.7659955
68004 -0.55073833
68104 -1.3691852
68204 -1.7546718
68305 -1.6788247
68405 -1.1694779
68505 0.4220848
68606 1.9406633
68706 2.5897546
68806 2.8382483
68906 2.7605858
69006 1.896759
69106 0.36984634
69207 -0.4859519
69307 -0.8114605
69408 -0.7322931
69508 0.0572896
69608 1.4390998
69708 2.61159
69809 3.4941416
69909 3.8097658
70009 3.6199636
70108 2.482213
70209 0.6606822
70310 -0.89460087
70410 -1.9004273
70509 -2.346521
70610 -2.2300878
70711 -1.0189674
70811 0.67808247
70912 2.2187796
71011 3.2964964
71112 3.6295958
71212 3.3779707
71312 2.1796012
71413 0.27305126
71513 -1.1611271
71613 -2.0880716
71714 -2.2972267
71814 -1.8343024
71914 -0.5998764
72015 1.1029043
72115 2.6029444
72231 3.5078564
72332 3.3918438
72449 2.2629938
72549 0.7670126
72650 -0.75141096
72750 -1.7297025
72850 -2.3360524
72949 -2.4978478
73084 -1.3850777
73184 0.45188284
73285 2.3267808
73385 3.2583237
73485 3.3810062
73735 0.3323102
73836 -0.9842949
73936 -1.953507
74037 -2.2203863
74137 -2.1509404
74237 -1.1945119
74338 0.48896074
74437 1.9357538
74538 2.960462
74638 3.341505
74737 3.1305237
74838 1.9272676
74938 0.2840953
19 -1.7123199
103 -0.8062997
203 0.90199757
303 2.1484604
404 3.0220432
503 3.221963
603 2.864375
704 1.7162104
804 0.30288267
904 -0.9373574
1005 -1.5701656
1105 -2.0430079
1206 -1.9935405
1306 -0.9130025
1406 0.65226984
1506 2.024756
1607 2.6778564
1707 2.8875985
1808 2.7124724
1907 2.0406046
2008 0.5977278
2108 -0.6551714
2208 -1.5645089
2309 -1.7111485
2409 -1.2185566
2508 0.2809863
2610 1.7857466
2710 2.8758864
2810 3.2312183
2910 3.1102724
3011 2.1045618
3111 0.7185507
3211 -0.8027315
3312 -1.7467346
3411 -2.0450368
3512 -1.6855972
3612 -0.3473444
3712 1.1424904
3812 2.2347016
3912 2.756444
4013 2.9045572
4113 2.7197213
4214 1.7493486
4314 0.58244896
4413 -0.43217993
4514 -1.172358
4614 -1.332475
4715 -1.028563
4816 0.3018961
4916 1.6461906
5016 2.548883
5116 2.8343863
5217 2.8398614
5316 2.3682146
5417 0.831048
5517 -0.51992893
5617 -1.3791976
5717 -1.5776646
5818 -1.2153473
5919 0.038337708
6018 1.3572621
6119 2.427205
6202 2.9563775
6303 3.080534
6402 2.7991395
6503 1.4420547
6604 -0.008116245
6703 -1.0499701
6804 -1.6548557
6904 -1.7457738
7005 -1.5058715
7105 -0.13143253
7205 1.3217902
7305 2.293891
7405 2.7014198
7506 2.753221
7605 2.443942
7707 1.2822294
7807 0.08329296
7906 -0.92130184
8008 -1.6398816
8107 -1.961307
8208 -2.1454976
8308 -2.1175182
8407 -1.5363846
8509 0.39833307
8609 1.7823882
8708 2.7611413
8809 3.1051636
8909 3.171031
9009 2.5751886
9110 0.8429084
9210 -0.6424885
9310 -1.6442027
9411 -1.8654416
9510 -1.598041
9611 -0.6849446
9712 0.75804806
9812 1.88023
9912 2.6251197
10013 2.9036803
10113 2.8379526
10212 2.4023309
10313 0.9075494
10414 -0.38389397
10514 -1.2478657
10614 -1.3468697
10714 -0.89554834
10815 0.20828342
10914 1.6990814
11015 2.6757302
11115 3.3748798
11216 3.3159084
11316 2.4975624
11417 1.1528082
11516 -0.032665253
11617 -1.2464542
11717 -1.8292232
11817 -2.0527003
11918 -2.0049334
12018 -1.6444173
12118 -0.5910177
12218 1.197803
12318 2.1944075
12418 2.6614928
12503 2.725894
12602 2.6068
12703 1.7159858
12804 0.104263306
12903 -1.0867219
13003 -1.8164005
13104 -2.0320172
13205 -1.6649392
13305 -0.35691404
13405 1.4810166
13504 2.5404572
13605 2.9885244
13706 3.1121397
13806 3.0788193
13907 1.8950057
14007 0.32065487
14106 -0.76514864
14207 -2.4242835
14307 -2.8035371
14408 -2.9076285
14508 -2.201604
14608 -0.65530825
14708 1.0815496
14808 2.0898085
14909 2.9856238
15009 3.700345
15109 3.684393
15210 2.5310068
15309 0.8375883
15410 -0.42613363
15511 -1.2154613
15610 -1.4704468
15711 -1.3914089
15811 -0.7270613
15912 0.28837538
16012 1.322258
16112 1.861619
16212 2.3007264
16313 2.5300703
16413 2.6115122
16513 2.635707
16614 2.5815163
16714 1.6509423
16814 0.4685316
16914 -0.6843219
17014 -1.4952831
17115 -1.8495421
17214 -1.9016218
17315 -1.9658618
17416 -2.0132198
17515 -2.0615492
17616 -2.1117952
17716 -2.1105373
17817 -1.6898894
17917 -0.34699297
18017 0.57153463
18117 1.172925
18218 1.4257622
18318 1.5655107
18418 1.6484404
18519 1.7518263
18618 1.8936081
18702 2.0543609
18802 2.3068552
18903 2.569477
19003 2.7151399
19103 2.794229
19204 3.1391401
19303 3.4173365
19404 3.520853
19504 3.396675
19604 2.8082619
19705 2.2954035
19806 1.9924645
19906 1.5431509
20006 1.0546026
20106 0.73175716
20206 0.4436512
20307 0.20287943
20406 -0.01155901
20508 -0.17613888
20608 -0.39980125
20707 -0.73227215
20808 -1.1827178
20908 -1.5765634
21008 -1.9830544
21109 -2.3147006
21209 -2.4691544
21309 -2.5185409
21410 -2.489308
21510 -2.1277428
21610 -1.5460949
21711 -0.8295431
21810 -0.07597542
21911 0.5916605
22012 0.9738436
22112 1.182487
22212 1.3563867
22312 1.484149
22412 1.6310067
22512 1.8508835
22613 2.294258
22713 2.727202
22813 2.9340568
22914 3.087552
23014 3.1143398
23115 3.1192417
23215 2.898768
23315 2.4459763
23415 2.1124163
23516 1.8265905
23615 1.4046297
23716 0.6721811
23816 0.16639948
23916 -0.14628506
24017 -0.4366207
24117 -0.712636
24217 -0.9974189
24318 -1.1740463
24418 -1.3058095
24518 -1.4148955
24618 -1.5038135
24718 -1.6185753
24819 -1.6994388
24918 -1.7213306
25003 -1.6753476
25103 -1.4708531
25203 -1.1554713
25303 -0.87214756
25404 -0.5158205
25503 -0.24727154
25605 0.09230137
25705 0.40561867
25805 0.74214077
25904 1.1332397
26006 1.5788994
26106 2.2852259
26206 2.76369
26305 2.97964
26406 3.0498257
26507 3.1457338
26606 3.2424994
26707 3.2925358
26808 3.2970572
26908 3.2504864
27008 2.8675737
27107 2.3470488
27209 1.5761275
27308 0.76148987
27409 -0.13539028
27510 -0.7423544
27610 -0.98530626
27709 -1.2416527
27810 -1.4218342
27910 -1.7230053
28011 -1.9632304
28111 -2.1218772
28210 -2.2756732
28311 -2.3047833
28412 -2.2958994
28512 -2.2205977
28612 -2.034353
28712 -1.7111049
28813 -0.6862745
28913 0.057817936
29013 0.4987378
29114 0.93394613
29214 1.278213
29314 1.6681008
29415 2.1166039
29514 2.5524497
29615 2.753868
29715 2.8173423
29815 2.8828483
29916 2.935216
30017 2.9760408
30116 3.0463362
30217 3.1494074
30316 3.1881266
30417 3.194415
30517 3.017642
30617 2.6609406
30717 2.3817773
30818 2.1555214
30919 1.6615944
31019 0.960443
31119 0.017508507
31219 -0.59585667
31302 -0.9108043
31403 -1.1608186
31503 -1.3584671
31604 -1.5819974
31704 -1.7223611
31804 -1.829401
31905 -1.9362626
32004 -1.990608
32105 -2.0054584
32206 -2.0177207
32306 -2.0536077
32406 -2.1188323
32506 -2.179138
32607 -2.1757572
32707 -1.689996
32807 -0.30234432
32907 0.6519351
33007 1.3081064
33108 1.8068314
33208 2.2229156
33307 2.6719923
33408 2.899002
33509 2.977726
33609 3.111292
33709 3.3501778
33810 3.5227451
33910 3.5748577
34010 3.5546856
34111 3.4633942
34210 3.3496876
34311 3.14929
34410 2.8305755
34511 2.654986
34612 2.4452276
34712 2.1473513
34812 1.804244
34913 1.602098
35013 1.3433943
35113 1.1455483
35213 1.0559645
35313 0.9264121
35414 0.69821453
35514 0.18048716
35614 -0.24841404
35715 -0.56459856
35814 -1.0058951
35914 -1.4747024
36015 -1.8921828
36116 -2.5154366
36216 -2.7337155
36316 -2.783989
36417 -2.7867403
36517 -2.7557435
36617 -1.8599379
36717 -0.7710867
36817 -0.13367319
36918 0.6869974
37018 1.2394972
37118 1.6581826
37218 1.8572493
37319 2.053656
37419 2.2677336
37503 2.5372744
37603 2.8356729
37703 3.172697
37804 3.417368
37904 3.4744253
38004 3.4894972
38103 3.4036407
38205 3.0192156
38305 2.4766169
38404 1.6256704
38505 0.29551172
38606 -0.5370064
38706 -1.0064983
38806 -1.4039769
38907 -1.6950326
39007 -1.9447088
39106 -2.3040986
39207 -2.5769258
39308 -2.7291808
39408 -2.8534517
39508 -2.9059093
39608 -2.9218829
39709 -2.9235415
39809 -2.848502
39909 -2.557055
40010 -2.0692115
40110 -1.344183
40210 -0.679749
40310 -0.23170471
40411 0.17606306
40511 0.60528517
40611 0.9633055
40712 1.3947892
40811 1.7974267
40912 2.090436
41012 2.3749175
41112 2.60209
41213 2.881658
41313 3.1509113
41413 3.3487797
41513 3.498414
41614 3.625681
41714 3.8497581
41814 3.9815426
41915 4.014086
42015 3.9310226
42115 3.4189034
42214 2.8032699
42315 2.2779503
42416 1.841115
42516 1.3569651
42616 0.85105133
42717 0.26634026
42817 -0.36416912
42934 -0.7630491
43033 -1.098072
43134 -1.5979667
43235 -2.0428157
43334 -2.3701212
43435 -2.5493557
43535 -2.7211459
43635 -2.8039937
43736 -2.8433864
43853 -2.8610935
43953 -2.8662868
44053 -2.5285015
44153 -1.5388043
44270 -0.3057146
44371 0.7611985
44471 1.4903307
44572 1.9780245
44672 2.5914068
44771 3.1180058
44872 3.3795977
44972 3.462759
45072 3.534544
45173 3.5566053
45307 3.5351324
45406 3.49656
45508 3.328371
45608 2.928927
45707 2.5310655
45808 2.0337667
45908 1.5424004
46009 0.7279892
46109 -0.37625074
46209 -1.1742294
46310 -2.0109735
46410 -2.4470735
46510 -2.585724
46610 -2.6458101
46711 -2.6447988
46811 -2.470633
46911 -1.3883424
47011 0.4178877
47112 1.6747665
47212 2.4588404
47312 2.7556481
47412 2.892869
47513 2.8769593
47613 2.5438995
47713 1.5511408
47813 0.1269269
47913 -0.7060633
48014 -1.2084191
48114 -1.6978981
48215 -1.8228097
48315 -1.1856246
48416 0.25732517
48499 1.3604364
48598 2.3525362
48699 2.8253875
48800 3.1037989
48899 3.04953
48999 2.3118315
49100 1.0214782
49201 -0.39071512
49300 -1.1872268
49401 -1.742394
49502 -2.0792332
49602 -2.0991256
49702 -1.6523681
49801 0.22994041
49902 1.6672964
50003 2.4150176
50103 2.9452276
50203 3.1966152
50303 3.2015934
50404 2.326991
50504 0.90257645
50604 -0.49624968
50704 -1.2513058
50805 -1.7022178
50905 -1.906822
51006 -1.850452
51105 -1.1609046
51206 0.5787487
51306 1.8812027
51406 2.4415674
51507 2.7017045
51607 2.8412294
51707 2.790872
51807 2.1470575
51908 1.327826
52008 0.030205727
52108 -0.99335194
52208 -1.7404156
52309 -2.3041227
52409 -2.4063163
52509 -1.8884935
52610 -0.040904045
52710 1.3446689
52810 2.1340928
52910 2.5775003
53011 2.7094307
53111 2.648487
53212 1.7763481
53312 0.29157925
53412 -1.2148156
53512 -2.1141162
53612 -2.8257804
53712 -3.654917
53813 -3.5728035
53913 -2.3400228
54014 -0.40126133
54114 1.5891333
54214 2.6979828
54314 3.3366652
54414 3.3918371
54515 3.0826635
54615 1.9920301
54699 0.6242919
54798 -1.0455956
54899 -2.166282
54999 -3.047844
55100 -3.4614506
55200 -3.6161852
55300 -3.2509964
55401 -2.01916
55501 0.053173542
55601 1.6714554
55701 2.2265282
55802 2.173417
55902 2.1517577
56002 2.072164
56103 0.7772751
56202 -0.8151808
56303 -1.9332159
56403 -2.884338
56504 -3.470446
56604 -3.8133166
56703 -3.6520848
56803 -3.144225
56905 -1.8529534
57004 -0.23692608
57104 0.9756708
57206 2.0814705
57305 2.962163
57406 3.447029
57506 3.4893398
57607 2.847108
57706 1.4345446
57807 -0.012673378
57907 -1.5114632
58008 -2.5422983
58108 -3.0781653
58207 -3.3917122
58309 -3.472428
58408 -3.4762578
58509 -2.8424683
58608 -0.85128784
58709 0.97277546
58809 2.0684447
58910 2.8033538
59010 3.1693535
59110 3.1833887
59211 2.5803137
59311 0.91905165
59411 -0.7579279
59512 -2.5274968
59612 -3.7046158
59712 -4.2272596
59812 -4.149593
59912 -3.1733716
60013 -1.3280532
60113 0.3041792
60213 1.9130068
60313 3.2160902
60414 4.0669155
60513 4.7100782
60614 4.950453
60715 5.0
60815 4.803959
60898 3.2677155
60999 1.2132463
61099 -0.70336294
61200 -2.1686754
61300 -3.065453
61400 -3.374072
61499 -3.2678995
61600 -2.9536867
61701 -1.7757525
61801 0.009795189
61901 1.8600669
62002 3.2235374
62102 3.8326168
62202 4.0764694
62302 3.9689617
62403 3.2222786
62503 1.7087379
62602 0.35195112
62704 -1.3493981
62803 -2.670461
62904 -3.6987464
63004 -4.030614
63105 -3.5417364
63205 -2.4444146
63304 -1.2756741
63405 0.80542374
63506 2.6898856
63605 3.9836597
63706 5.0
63806 5.0
63906 4.5067606
64006 2.8601022
64107 0.6866698
64207 -1.0715995
64308 -2.2835956
64407 -2.924284
64508 -3.025106
64608 -2.9160948
64708 -2.419564
64809 -2.0523953
64909 -1.0579371
65009 0.8257327
65110 2.2608619
65210 3.092596
65310 3.4785938
65410 3.5013866
65511 3.0891695
65611 1.924459
65711 0.45083714
65812 -0.92043257
65911 -1.8945386
66012 -2.4189913
66112 -2.5701444
66212 -2.4641538
66312 -1.2996857
66413 0.33194733
66514 1.7702065
66614 3.052658
66714 3.6193342
66815 3.8059797
66915 3.5388746
67015 2.2938461
67115 0.8626685
67199 -0.20649147
67299 -1.2018058
67399 -1.8185487
67500 -2.3743117
67600 -2.387175
67700 -1.5290649
67800 0.29460478
67900 1.5980616
68001 2.811943
68101 3.489502
68201 3.696289
68302 3.5217981
68402 2.4608145
68502 0.6131296
68603 -0.96288204
68703 -2.3754501
68803 -3.1554387
68904 -3.5775418
69004 -3.2940216
69104 -2.1965182
69204 -0.43733072
69304 1.1487079
69405 2.582553
69505 3.3185701
69605 3.6790524
69706 3.7338562
69806 3.3506947
69906 2.4590387
70006 1.090055
70107 -0.38326788
70206 -1.7072728
70307 -2.5935633
70407 -3.071714
70508 -3.136176
70607 -2.7174776
70708 -1.5585675
70808 0.31984234
70909 1.6512833
71008 2.6313639
71109 3.1336184
71209 3.2584438
71310 3.165722
71410 2.223174
71510 0.68002796
71610 -0.6489868
71711 -1.9472752
71811 -2.6523013
71912 -2.9999304
72012 -2.7051406
72112 -1.7826953
72211 0.2748785
72312 1.8729148
72412 3.0244617
72513 3.5116816
72613 3.5652637
72713 2.992002
72814 1.466188
72914 -0.15273571
73014 -1.2277718
73115 -2.1002033
73215 -2.4322722
73315 -2.4962115
73398 -2.4332502
73499 -1.3858268
73598 0.499413
73700 1.8774185
73799 2.9435225
73900 3.3230276
74000 3.291832
74101 2.755075
74201 1.3021479
74301 -0.2745037
74401 -1.4530895
74502 -2.2758737
74602 -2.7016644
74702 -3.1204412
74801 -2.9162416
74903 -1.2699852
75003 0.7382655
