43 0.0
144 0.0
244 0.0
344 0.0
444 0.0
544 0.0
644 0.0
745 0.0
845 0.0
944 0.0
1045 0.0
1145 0.0
1246 0.0
1345 0.0
1446 0.0
1546 0.0
1646 0.0
1746 0.0
1847 0.0
1947 0.0
2047 0.0
2147 0.0
2247 0.0
2347 0.0
2447 0.0
2547 0.0
2648 0.0
2748 0.0
2848 0.0
2948 0.0
3265 0.0
3365 0.0
3465 0.0
3566 0.0
3916 0.0
4016 0.0
4116 0.0
4217 0.0
4317 0.0
4417 0.0
4517 0.0
4617 0.0
4718 0.0
4818 0.0
4918 0.0
5018 0.0
5118 0.0
5218 0.0
5319 0.0
5419 0.0
5519 0.0
5619 0.0
5936 0.0
6036 0.0
6137 0.0
6236 0.0
6337 0.0
6437 0.0
6537 0.0
6637 0.0
6738 0.0
6837 0.0
6938 0.0
7037 0.0
7138 0.0
7238 0.0
7338 0.0
7439 0.0
7538 0.0
7639 0.0
7739 0.0
7839 0.0
7939 0.0
8039 0.0
8140 0.0
8240 0.0
8340 0.0
8440 0.0
8540 0.0
8640 0.0
8740 0.0
8840 0.0
8941 0.0
9041 0.0
9141 0.0
9242 0.0
9341 0.0
9442 0.0
9542 0.0
9642 0.0
9742 0.0
9843 0.0
9942 0.0
10043 0.0
10143 0.0
10243 0.0
10344 0.0
10443 0.0
10543 0.0
10643 0.0
10743 0.0
10844 0.0
10944 0.0
11044 0.0
11144 0.0
11244 0.0
11344 0.0
11445 0.0
11528 0.0
11628 0.0
11728 0.0
11828 0.0
11928 0.0
12028 0.0
12128 0.0
12229 0.0
12329 0.0
12430 0.0
12530 0.0
12630 0.0
12730 0.0
12830 0.0
12930 0.0
13030 0.0
13130 0.0
13231 0.0
13331 0.0
13431 0.0
13531 0.0
13631 0.0
13732 0.0
13832 0.0
13932 0.0
14032 0.0
14132 0.0
14232 0.0
14333 0.0
14433 0.0
14533 0.0
14633 0.0
14733 0.0
14833 0.0
14933 0.0
15034 0.0
15134 0.0
15234 0.0
15334 0.0
15434 0.0
15535 0.0
15634 0.0
15735 0.0
15835 0.0
15935 0.0
16035 0.0
16135 0.0
16235 0.0
16336 0.0
16436 0.0
16536 0.0
16636 0.0
16736 0.0
16836 0.0
16937 0.0
17037 0.0
17137 0.0
17237 0.0
17338 0.0
17437 0.0
17537 0.0
17638 0.0
17737 0.0
17838 0.0
17938 0.0
18038 0.0
18139 0.0
18238 0.0
18339 0.0
18439 0.0
18539 0.0
18639 0.0
18739 0.0
18839 0.0
18940 0.0
19040 0.0
19140 0.0
19240 0.0
19340 0.0
19440 0.0
19541 0.0
19641 0.0
19742 0.0
19841 0.0
19942 0.0
20041 0.0
20142 0.0
20242 0.0
20342 0.0
20442 0.0
20542 0.0
20642 0.0
20743 0.0
20843 0.0
20943 0.0
21043 0.0
21144 0.0
21243 0.0
21344 0.0
21443 0.0
21544 0.0
21645 0.0
21744 0.0
21844 0.0
21944 0.0
22044 0.0
22145 0.0
22228 0.0
22328 0.0
22428 0.0
22528 0.0
22628 0.0
22728 0.0
22829 0.0
22929 0.0
23029 0.0
23130 0.0
23230 0.0
23330 0.0
23430 0.0
23530 0.0
23630 0.0
23731 0.0
23831 0.0
23931 0.0
24031 0.0
24131 0.0
24231 0.0
24331 0.0
24431 0.0
24532 0.0
24632 0.0
24732 0.0
24832 0.0
24932 0.0
25033 0.0
25133 0.0
25233 0.0
25333 0.0
25433 0.0
25533 0.0
25633 0.0
25734 0.0
25835 0.0
25934 0.0
26034 0.0
26134 0.0
26235 0.0
26335 0.0
26434 0.0
26535 0.0
26635 0.0
26735 0.0
26835 0.0
26935 0.0
27036 0.0
27135 0.0
27237 0.0
27336 0.0
27437 0.0
27536 0.0
27637 0.0
27971 0.0
28071 0.0
28170 0.0
28272 0.0
28372 0.0
28789 0.0
28889 0.0
28989 0.0
29090 0.0
29190 0.0
29290 0.0
29390 0.0
29489 0.0
29590 0.0
30024 0.0
30124 0.0
30224 0.0
30325 0.0
30424 0.0
30525 0.0
30625 0.0
30725 0.0
30826 0.0
30925 0.0
31025 0.0
31126 0.0
31226 0.0
31326 0.0
31426 0.0
31526 0.0
31626 0.0
31726 0.0
31826 0.0
31927 0.0
32027 0.0
32127 0.0
32227 0.0
32544 0.0
32644 0.0
32745 0.0
32845 0.0
32945 0.0
33045 0.0
33145 0.0
33245 0.0
33345 0.0
33446 0.0
33546 0.0
33646 0.0
33747 0.0
33846 0.0
33946 0.0
34047 0.0
34147 0.0
34247 0.0
34348 0.0
34447 0.0
34547 0.0
34648 0.0
34748 0.0
34848 0.0
34948 0.0
35048 0.0
35148 0.0
35251 0.0
35350 0.0
35451 0.0
35550 0.0
35650 0.0
35751 0.0
35851 0.0
35951 0.0
36052 0.0
36153 0.0
36252 0.0
36585 0.0
36668 0.0
36769 0.0
36869 0.0
36969 0.0
37069 0.0
37170 0.0
37503 0.0
37604 0.0
37704 0.0
37804 0.0
37904 0.0
38004 0.0
38105 0.0
38204 0.0
38305 0.0
38405 0.0
38504 0.0
38604 0.0
38704 0.0
38804 0.0
38905 0.0
39238 0.0
39338 0.0
39438 0.0
39539 0.0
39639 0.0
39739 0.0
39839 0.0
40224 0.0
40323 0.0
40423 0.0
40523 0.0
40624 0.0
40723 0.0
40824 0.0
40925 0.0
41025 0.0
41125 0.0
41224 0.0
41325 0.0
41425 0.0
41525 0.0
41625 0.0
41725 0.0
41826 0.0
41926 0.0
42026 0.0
42126 0.0
42226 0.0
42326 0.0
42426 0.0
42744 0.0
42844 0.0
42944 0.0
43044 0.0
43144 0.0
43244 0.0
43345 0.0
43444 0.0
43545 0.0
43645 0.0
43745 0.0
43845 1.6736746
43945 3.853881
44045 0.0
44146 0.0
44246 0.0
44346 0.0
44447 0.0
44546 0.0
44646 0.0
44746 0.0
44847 0.0
44947 0.0
45281 0.0
45381 0.096523285
45481 -0.277709
45581 -0.34846497
45681 -0.11936569
45782 0.011526585
45882 0.012838364
45982 0.0
46083 0.0
46182 0.0
46283 0.0
47334 0.0
47434 -0.3396163
47534 -3.7424512
47634 0.0
47735 0.0
47818 0.0
47918 0.0
48018 0.0
48118 0.0
48218 0.0
48318 0.0
48418 0.0
48519 0.0
48619 0.0
48720 0.0
48820 0.0
48920 0.0
49020 0.0
49120 -0.3407259
49220 -0.67590046
49320 -1.4127591
49421 0.0
49521 0.0
49621 0.0
49721 0.0
49821 0.0
49921 0.0
50021 0.0
50122 0.0
50222 0.0
50322 0.0
50422 0.0
50522 0.0
50622 0.0
50723 0.0
50823 0.0
50923 0.0
51023 0.0
51123 0.0
51224 0.0
51324 0.0
51424 0.0
51524 0.0
51624 0.0
51724 1.329423
51824 1.3769999
52142 -2.8420057
52241 -3.6611238
52342 -4.1263933
52442 -4.352002
52542 -4.514632
52642 -4.497317
52742 -4.404169
52843 -2.3297584
52943 1.781836
53043 4.1277676
53144 3.7406693
53243 3.8475695
53343 4.1569424
53443 5.0
53544 0.0
53644 0.0
53744 -0.07196522
53844 1.3389788
53945 0.8175969
54044 -1.326849
54145 -3.2105856
54245 -4.2483335
54345 -4.2090864
54445 -2.9526057
54545 -0.795372
54646 0.6207814
54963 -1.246697
55063 -2.3542037
55163 -2.3316035
55263 -0.9562583
55363 0.39539814
55463 0.28110266
55564 -0.6756549
55931 0.0
56032 0.0
56131 0.0
56231 0.0
56332 0.0
56432 0.0
56532 0.0
56632 0.0
56732 0.0
56832 0.0
56932 0.0
57033 0.0
57133 0.0
57232 0.0
57333 0.0
57433 0.0
57533 0.0
57634 0.0
57734 0.0
57834 0.0
57934 0.0
58034 0.0
58134 0.0
58234 1.7556314
58335 1.3031831
58435 1.0275955
58751 0.0
58852 0.0
58952 0.0
59052 0.0
59152 0.0
59253 0.0
59353 0.0
59453 0.0
59553 0.0
59653 0.0
59754 0.0
59853 0.0
59954 0.0
60054 0.0
60154 0.0
60254 0.0
60354 0.0
60455 0.0
60554 0.0
60938 0.0
61039 0.0
61139 0.0
61239 0.0
61339 0.0
61439 0.0
61540 0.0
61640 0.0
61740 0.0
61840 0.0
61940 0.0
62040 0.0
62140 0.0
62240 0.0
62341 0.0
62441 0.0
62541 0.0
62641 0.0
62742 0.0
62842 0.0
62941 0.0
63042 0.0
63142 0.0
63242 0.0
63342 0.0
63442 0.0
63543 0.0
63643 0.0
63743 0.0
63843 0.0
64177 0.0
64277 0.0
64377 0.0
64477 0.0
64577 0.0
64661 0.0
64761 0.0
64861 0.0
64961 0.0
65061 0.0
65161 0.0
65260 0.0
65362 0.0
65462 0.0
65563 0.0
65663 0.0
65763 0.0
65863 0.0
65963 0.0
66063 0.0
66163 0.0
66264 0.0
66364 0.0
66781 0.0
66881 0.0
66982 0.0
67082 0.0
67182 0.0
67282 0.0
67382 0.0
67482 0.0
67582 0.0
67683 0.0
68083 0.0
68183 0.0
68283 0.0
68384 0.0
68484 0.0
68584 0.0
68684 0.0
68784 0.0
68885 0.0
68984 0.0
69085 0.0
69185 0.0
69285 0.0
69385 0.0
69785 0.0
69886 0.0
69986 0.0
70086 0.0
70186 0.0
70286 0.0
70387 0.0
70487 0.0
70587 0.0
70687 0.0
70788 0.0
70887 0.0
70988 0.0
71089 0.0
71188 0.0
71289 0.0
71389 0.0
71489 0.0
71589 0.0
71689 0.0
71790 0.0
71890 0.0
71990 0.0
72090 0.0
72189 0.0
72290 0.0
72390 0.0
72724 0.0
72824 0.0
72924 0.0
73025 0.0
73124 0.0
73225 0.0
73324 0.0
73408 0.0
73508 0.0
73608 0.0
73707 0.0
73807 0.0
73908 0.0
74009 0.0
74109 0.0
74209 0.0
74310 0.0
74410 0.0
74510 0.0
74610 0.0
74710 0.0
74810 0.0
74911 0.0
29 0.78786755
130 1.9065123
230 2.8418303
330 2.927105
430 2.7195268
531 2.053041
630 0.71183205
731 -0.683969
831 -1.8218691
1181 -1.3764832
1282 0.0030579567
1382 1.254745
1482 1.9214377
1582 2.7456193
1682 2.8607574
1783 2.5569572
1883 1.6030746
1983 -0.009016514
2066 -1.0366104
2166 -2.226368
2266 -2.6752992
2366 -2.6038308
2466 -1.9637351
2566 -0.7854042
2667 0.52535725
2767 1.6428757
2867 2.1953497
2968 2.5092874
3068 2.1952615
3168 0.6395478
3268 -1.2021084
3368 -2.5378666
3469 -3.3379412
3568 -3.379537
3669 -2.4906383
3769 -1.1234875
3869 0.27874422
3969 1.6672297
4287 2.8424416
4386 1.8234282
4486 0.63208485
4587 -0.69151115
4687 -2.083139
4788 -2.9005034
4887 -2.9833093
4987 -2.534922
5087 -1.5697498
5188 -0.24844933
5288 1.3511686
5388 2.3530798
5488 2.62922
5589 2.69944
5688 2.0686545
5789 0.8958101
5889 -0.51387024
5989 -1.883822
6089 -2.643424
6190 -2.7425268
6290 -2.2913651
6390 -1.6083298
6490 -0.3243699
6590 0.9623823
6690 1.9060388
6790 2.6127367
6890 2.5534706
6990 2.231763
7090 1.1008825
7191 -0.07529545
7291 -1.2863326
7391 -2.2030973
7491 -2.457116
7592 -2.0616412
7691 -1.2632198
7792 0.02857685
7892 1.1491776
7992 2.1018891
8092 2.7994385
8192 2.7239785
8292 1.9268274
8393 0.87779474
8492 -0.66859055
8593 -1.9491968
8693 -2.8354087
8793 -3.0791478
8893 -2.837597
8994 -1.8305197
9094 -0.29196024
9194 1.00703
9294 1.7861543
9394 2.504271
9712 -0.05270672
9812 -1.5449073
9912 -2.4155006
10012 -2.7317028
10112 -2.4505255
10212 -1.6549175
10312 -0.6154127
10412 0.77990866
10512 1.6317034
10613 2.244648
10713 2.0530577
10813 1.4348145
10913 0.3834319
11013 -0.9540949
11114 -1.9946396
11214 -2.5239062
11314 -2.62201
11414 -2.2406561
11515 -1.4689739
11615 -0.1928978
11715 1.1986837
11814 1.9531775
11914 2.4582224
12015 2.1697197
12115 1.3821554
12215 0.2588868
12316 -0.9963665
12416 -2.066158
12516 -2.6581357
12616 -2.6835008
12716 -2.209125
12816 -1.2526982
12916 0.23465443
13017 1.6089354
13116 2.7335114
13217 3.1018963
14068 -2.1587553
14168 -1.1519685
14269 0.024155617
14369 1.18156
14469 2.1490555
14569 2.9469085
14669 3.2270384
14769 2.7330065
14869 1.3753967
14969 0.0972662
15070 -1.212492
15170 -2.0228992
15270 -2.2660515
15370 -1.9656191
15471 -1.2859051
15570 0.022771358
15671 1.0524073
15771 2.0251684
15871 2.69974
15971 2.899951
16071 2.7615614
16171 1.8132348
16271 0.90689754
16372 -0.13291788
16472 -1.3757503
16572 -2.0545764
16672 -2.2919078
16773 -2.257218
16873 -1.8532424
16973 -1.1281612
17073 -0.16323805
17173 0.53608894
17273 1.3596048
17373 1.8844767
17474 2.3709335
17574 2.690619
17675 2.8315606
17774 2.9068146
17874 2.9943724
17974 3.0927992
18074 3.167839
18175 3.1179972
18275 1.6507835
18375 -0.083664894
18475 -1.5808971
18576 -2.3811262
18676 -2.5726838
18775 -2.493176
18876 -1.9579501
18976 -1.3435085
19076 -0.1193161
19409 2.3722906
19510 2.7142868
19610 2.8751745
19995 0.7929292
20095 -0.3193817
20194 -1.039727
20295 -1.6958032
20395 -2.1797466
20495 -2.3814523
20595 -2.4170985
20695 -2.3479404
20795 -2.2247918
20896 -1.9598446
20996 -1.5999591
21096 -0.69605064
21196 0.4450736
21296 1.1805325
21396 1.7474127
21496 2.383503
21597 2.7648764
21697 2.967926
21797 3.1478024
21897 3.1974
21997 3.179453
22097 2.9942122
22198 2.3605866
22298 1.1204104
22397 0.2626481
22498 -0.53949594
22598 -0.8874693
22698 -0.8923669
22798 -0.5220461
22898 0.3067112
22999 0.7864256
23099 1.6391206
23199 2.3200455
23299 2.8181381
23400 3.0622025
23500 3.0925798
23600 2.6803803
23700 1.1678538
24017 -2.029262
24117 -2.374462
24217 -2.60651
24317 -2.7064276
24418 -2.7426517
24518 -2.468277
24618 -1.5373166
24718 -0.27821445
24819 0.6306362
24918 1.3172617
25019 1.6380997
25118 1.9730225
25219 2.0971856
25319 2.102717
25419 2.1110497
25520 2.144825
25619 2.2976227
25720 2.447483
25821 2.5655565
25920 2.6566172
26020 2.8056846
26120 3.0582619
26220 3.3850002
26321 3.5548573
26638 3.6716137
26738 3.6151342
26838 2.8365936
26939 1.511229
27039 0.52517605
27138 -0.4373107
27239 -1.4255271
27339 -1.9485819
27440 -2.3469045
27539 -2.5946465
27640 -2.7886763
27739 -2.9144304
28057 -2.9788933
28157 -2.848865
28256 -2.4669504
28357 -1.8659234
28457 -1.1541886
28557 -0.50037575
28658 0.084088326
28758 0.6471224
28858 1.0118995
28958 1.2406721
29058 1.4914145
29159 1.7212257
29259 1.874793
29359 2.0733733
29459 2.331441
29560 2.525794
29659 2.7463293
29760 2.9463973
29860 3.0162144
29960 3.0398273
30060 3.048111
30160 3.0443325
30260 2.985219
30360 2.6527877
30461 2.0904608
30561 1.6931562
30877 0.3012328
30978 0.08957434
31078 0.015276909
31178 -0.024201393
31278 -0.14127874
31379 -0.5579519
31478 -1.0625877
31579 -1.4778695
31679 -1.895956
31779 -2.170512
31879 -2.3677545
31979 -2.654986
32080 -2.8623912
32180 -2.9297547
32280 -2.942307
32380 -2.9356818
32480 -2.8306909
32581 -2.0472827
32680 -0.8113661
32781 0.22264004
32881 1.0517344
32981 1.6398535
33081 2.110448
33181 2.6347032
33282 3.0470457
33382 3.4816895
33482 3.7799492
33582 4.023202
33682 4.1516714
33782 4.1599197
33883 4.1194353
33982 3.9107838
34083 3.33465
34183 2.7008219
34283 2.152101
34383 1.6735635
34484 1.1061907
34584 0.6731024
34684 0.42603302
34784 0.24217081
34884 0.060777664
34984 -0.3085513
35084 -0.8567381
35184 -1.4368675
35284 -1.7453964
35385 -1.9764953
35485 -2.1362283
35586 -2.2843885
35685 -2.410176
35786 -2.4850821
35886 -2.5374904
35968 -2.5606441
36069 -2.5688176
36169 -2.5716295
36269 -2.5739598
36369 -2.574404
36469 -2.553607
36570 -2.3437028
36670 -1.8877823
36771 -1.1505501
36871 -0.38597393
36971 0.21636009
37071 0.6166172
37171 1.1540108
37271 1.4646621
37371 1.794754
37471 2.0310974
37572 2.306633
37672 2.875558
37772 3.520033
37872 4.0071535
37972 4.3328085
38072 4.5210056
38173 4.5962734
38273 4.6047726
38373 4.5526524
38473 3.829276
38573 2.8265214
38673 1.669322
38774 0.8066726
38873 0.09993887
38974 -0.72730875
39074 -1.4237161
39174 -2.0988488
39274 -2.7342935
39374 -3.1339164
39475 -3.4386234
39575 -3.4683874
39675 -3.4251306
39776 -3.1806502
39875 -2.5147862
39976 -1.7043667
40076 -0.94537973
40176 -0.187397
40276 0.4015994
40376 0.88174725
40477 1.4173136
40576 1.8124428
40676 2.3791666
40777 2.87994
40877 3.1817303
40977 3.442504
41077 3.6518335
41177 3.8846903
41277 4.063134
41377 4.1322117
41478 4.0977116
41577 3.5783749
41678 2.5988703
41779 1.8154817
41879 1.0966907
41979 0.5179949
42079 -0.113720894
42179 -0.66886425
42279 -1.3594444
42379 -1.8964872
42479 -2.3156822
42579 -2.6027284
42680 -2.7363784
42780 -2.808412
42880 -2.8269181
42980 -2.8375704
43080 -2.8838992
43180 -2.9419796
43281 -2.9691443
43380 -2.9813368
43481 -2.9630218
43581 -2.773334
43681 -2.0104442
43781 -1.2482662
43882 -0.40868664
43981 0.3048358
44082 0.8580365
44182 1.4196053
44282 1.9801636
44382 2.609716
44482 3.1104097
44583 3.4978638
44683 3.7721987
44783 4.0160923
44883 4.1895227
44983 4.3406696
45083 4.383481
45184 4.3865128
45283 4.1429462
45618 1.6984315
45718 1.1304307
45818 0.41789532
45918 -0.41877365
46018 -1.0527058
46118 -1.6860757
46218 -2.2024179
46319 -2.6195624
46402 -2.8716207
46502 -3.0406728
46602 -3.15702
46702 -3.1915455
46802 -3.0895402
46902 -2.536221
47002 -1.5938644
47102 -0.67646646
47203 0.32014084
47303 1.0474482
47404 1.7592726
47504 2.329258
47604 2.7595482
47704 2.906021
48021 0.100504875
48121 -0.7684488
48222 -1.6058967
48322 -1.8230548
48422 -1.8266456
48522 -1.2592461
48622 -0.11588907
48722 0.9610243
48822 2.1965103
48923 3.068348
49023 3.3978996
49123 3.377716
49223 2.540442
49323 0.94325924
49424 -0.84756804
49523 -1.9973502
49624 -2.1680698
49724 -1.5421529
49824 -0.3081355
49925 0.9116206
50024 2.3049216
50125 3.5286074
50225 3.9006367
50325 3.606411
50425 2.0815544
50525 0.4433589
50625 -0.88018084
50725 -1.6200867
50826 -1.6908298
50926 -1.3299377
51026 -0.37893963
51126 0.8159385
51226 1.9921808
51327 2.9989243
51427 3.4711857
51527 3.4168549
51627 2.3096533
51727 0.61919117
51828 -1.0420938
51927 -1.983825
52027 -2.2231922
52128 -1.8327024
52228 -0.58428144
52328 0.89595604
52428 1.9777932
52528 2.9555025
52628 3.146388
52728 2.6561904
52812 1.3883
52912 -0.26297665
53012 -1.4648902
53112 -1.9510486
53211 -1.6386681
53311 -0.61778355
53412 1.0191422
53513 2.1209617
53613 2.7669487
53714 2.785881
53814 2.0698867
53914 1.055913
54014 -0.5928588
54114 -1.3384662
54214 -1.4822598
54314 -0.8939047
54414 0.16309547
54515 1.3691397
54615 2.4045043
54715 3.0585823
54815 3.2125034
54915 2.7172318
55016 1.3843393
55116 0.07303476
55216 -1.0989347
55316 -1.5665634
55416 -1.6724854
55516 -1.3300793
55617 -0.3421545
55717 0.8842478
55816 1.9976006
55917 2.749125
56017 2.9589753
56117 2.3647666
56217 0.91855717
56317 -0.54538536
56418 -1.3820808
56518 -1.5721405
56618 -1.3823953
56718 -0.7338152
56818 0.26754904
56918 1.4105539
57019 2.3247428
57119 2.634015
57219 2.380021
57319 1.1467543
57419 -0.14005327
57520 -1.337677
57620 -2.1611335
57720 -2.386217
57820 -2.3078303
57920 -1.6814098
58020 -0.47075367
58121 0.91699076
58221 1.9657464
58321 2.9085474
58421 3.2969036
58521 3.2189455
58621 2.1499748
58721 0.50515413
58821 -1.0928597
58921 -1.9614205
59022 -2.3811908
59121 -2.5203512
59222 -2.4004078
59322 -1.8713362
59423 -0.75099325
59523 0.7659626
59623 1.9503198
59722 3.1154156
59823 3.951518
60157 2.772101
60258 1.1497421
60357 -0.6263552
60457 -2.1338468
60557 -3.0082002
60658 -3.286818
60758 -3.2607706
60858 -2.9761467
60958 -1.8661451
61058 -0.40954685
61158 0.98855114
61259 2.0111694
61358 2.6576347
61459 2.798655
61559 2.67173
61659 1.5431991
61759 0.28471422
61859 -1.1524746
61960 -2.016387
62043 -2.4007382
62143 -2.4970384
62243 -2.191514
62343 -1.1133239
62442 0.19244957
62543 1.2124753
62644 2.2605605
62744 2.992083
62845 3.138198
62945 2.9112463
63045 1.9781799
63145 0.35158253
63245 -0.99877024
63345 -1.962954
63445 -2.3121536
63545 -2.3502197
63646 -1.9008007
63746 -0.98465204
63846 0.5170431
63946 1.3515348
64046 2.2432694
64146 2.8762636
64247 3.120572
64347 2.777144
64447 1.5150924
64547 0.12702847
64647 -1.0699577
64747 -2.0013874
64847 -2.1974435
64948 -1.8921523
65048 -1.2070312
65148 -0.097937584
65248 1.2475543
65348 2.273202
65449 3.3381052
65549 3.8228312
65649 3.838563
65749 2.9914694
65850 1.2003889
65950 -0.43393612
66049 -1.768331
66149 -2.5862684
66250 -2.8149095
66350 -2.6112952
66450 -1.7722411
66550 -0.2108531
66650 1.1472273
66751 2.25625
66851 3.160862
66951 3.4945831
67051 3.305048
67151 2.4238296
67251 0.7262888
67351 -0.60260296
67452 -1.8534508
67552 -2.5093374
67652 -2.6670835
67752 -2.578686
67852 -2.106319
67953 -1.0730984
68052 0.23763657
68153 1.3022494
68253 2.2164078
68353 2.866806
68453 3.0090466
68554 2.790358
68654 2.1186867
68754 0.98589134
68853 0.037477493
69170 -2.4201102
69271 -2.4382296
69371 -2.2265217
69471 -1.4599533
69572 -0.3909788
69672 0.8184347
69772 1.7063127
69872 2.4108658
69972 2.7149134
70072 2.8108683
70173 2.56388
70273 1.4748278
70373 0.09112072
70473 -0.90359974
70573 -1.7424335
70673 -2.0580125
71007 -0.9710922
71107 0.26419973
71207 1.2079153
71307 1.9969268
71408 2.4476633
71508 2.49786
71608 2.1212134
71708 0.8581648
71809 -0.36730957
71909 -1.6507115
72009 -2.400961
72109 -2.6366296
72209 -2.5386362
72309 -2.1409152
72409 -1.109993
72509 0.23640347
72610 1.13167
72710 1.9262214
72810 2.2244034
72910 2.137999
73010 1.3795547
73110 0.26498556
73210 -1.0644813
73311 -1.9964759
73411 -2.33858
73511 -2.388579
73611 -2.224379
73711 -1.6714706
73812 -0.6364727
73912 0.6068492
74012 1.5814629
74112 2.1039314
74212 2.2590485
74313 1.9704561
74412 0.9699378
74730 -2.3498292
74830 -2.6394472
74930 -2.6548088
