4 2.8712645
105 3.100315
205 2.8949332
305 1.8884315
405 0.7161107
505 -0.69420815
605 -1.7512431
709 -2.5716536
806 -3.3506036
909 -3.4636097
1009 -3.0861516
1106 -1.7643063
1209 -0.24793005
1309 1.2477822
1409 2.187665
1508 2.6372275
1608 2.961174
1709 3.1557846
1809 3.0767784
1908 2.1558752
2008 0.86167574
2108 -0.72439003
2208 -1.7437358
2309 -2.3622127
2411 -2.874281
2511 -3.200276
2611 -3.0902057
2711 -2.0467355
2811 -0.5725074
2909 0.8417764
3010 1.8697805
3109 2.4925866
3210 2.8823023
3310 3.2355862
3410 3.3168736
3511 3.2701712
3610 2.4750137
3713 0.7544112
3813 -0.69027424
3911 -1.69277
4011 -2.617973
4112 -3.540452
4211 -3.95357
4311 -4.013402
4411 -3.3126752
4513 -1.6461239
4613 -0.021578312
4713 1.6182694
4813 2.7175727
4912 3.266653
5013 3.6245632
5113 3.7251596
5214 3.4635868
5314 2.4759088
5413 0.913064
5514 -0.8194628
5615 -2.272164
5715 -3.220954
5815 -3.8700414
5914 -4.334947
6014 -4.667364
6115 -4.0389214
6215 -3.5033603
6316 -2.3950968
6415 -1.1258366
6515 0.060656548
6616 1.163207
6716 2.1142588
6817 2.6767259
6916 3.2079296
7017 3.3353539
7116 2.9192019
7216 2.0800185
7316 0.72541857
7418 -0.44167614
7517 -1.3624275
7617 -2.2146268
7718 -2.7977257
7817 -3.2048385
7918 -3.2636223
8018 -3.0058994
8118 -1.8962097
8218 -0.6956763
8319 0.36492252
8420 1.0738573
8519 1.7168136
8619 2.1809072
8719 2.4734087
8819 2.7523737
8920 2.8416953
9003 2.7643518
9103 1.9303794
9203 0.6111498
9303 -0.48042965
9404 -1.3043411
9503 -2.1155748
9604 -2.8931394
9704 -3.308907
9804 -3.4609056
9905 -3.3414078
10004 -2.7527199
10104 -1.7724426
10205 -0.60536766
10305 0.30380344
10405 0.998158
10505 1.6536775
10608 2.275022
10708 2.7285395
10809 3.1669083
10907 3.1133785
11007 2.4419794
11106 1.2506266
11206 -0.0070028305
11307 -1.4488068
11407 -2.3946936
11507 -3.2971308
11607 -3.647893
11707 -3.5532012
11808 -2.7135124
11908 -1.2375939
12008 -0.036179066
12109 1.3069959
12211 2.1234007
12308 2.6524343
12411 2.9944925
12508 3.4079142
12611 3.4122639
12711 2.8512511
12811 1.6850486
12909 0.49199724
13009 -0.64748335
13110 -1.5805774
13211 -2.5263157
13310 -3.102801
13410 -3.2198796
13510 -3.1612673
13610 -2.4889777
13714 -1.4192772
13814 -0.27097893
13912 1.0653043
14012 1.803885
14111 2.2993875
14213 2.9598937
14312 3.346633
14412 3.392376
14512 2.828514
14612 1.8659949
14712 0.7544155
14814 -0.34968853
14913 -1.2477009
15013 -1.9309144
15114 -2.5349348
15214 -2.993917
15313 -2.975709
15415 -2.1300817
15514 -1.1512055
15614 0.053150654
15714 1.3943195
15814 1.9979172
15915 2.391642
16015 2.5614052
16115 2.8576775
16214 2.9763274
16315 2.8188162
16417 2.675003
16516 1.6439834
16617 0.7058501
16717 0.008710384
16816 -0.77948284
16916 -1.4020743
17017 -2.020649
17117 -2.6758065
17217 -3.1882806
17317 -3.3571541
17417 -3.2549603
17517 -2.5046182
17618 -1.7369149
17717 -0.82577085
17818 -0.0066957474
17917 0.63921213
18018 1.2264776
18119 1.7157402
18218 2.0609002
18319 1.9806252
18419 -0.008041382
18519 -1.7906616
18619 -2.8221073
18719 -3.4386404
18820 -3.609601
18903 -3.7588925
19003 -3.162114
19103 -1.9804361
19203 -0.8900423
19303 0.773448
19403 1.4732652
19505 1.8758874
19604 2.231082
19704 2.4771104
19804 2.639042
19904 2.7807007
20005 2.8687277
20106 2.8723655
20205 2.5511727
20305 1.4532347
20405 0.24917173
20505 -0.78779936
20605 -1.7338555
20709 -2.121785
20806 -2.451734
20906 -2.69434
21009 -2.8595443
21106 -2.8097262
21206 -2.275046
21309 -1.2194219
21409 -0.44071913
21509 0.33681202
21609 1.0064454
21709 1.6700301
21809 1.8832083
21908 2.2998338
22008 2.618505
22108 2.84579
22212 3.2003145
22311 3.3549175
22411 3.3492632
22511 3.1538258
22611 2.7356424
22711 2.361146
22809 1.4986906
22910 0.7340002
23009 0.2604518
23110 -0.5410147
23210 -0.9297266
23310 -0.80910873
23411 0.47827435
23510 1.6076546
23611 2.381373
23711 2.7037902
23811 2.7970572
23911 2.789556
24014 2.315741
24114 0.95052814
24214 0.14594364
24315 -0.58511543
24414 -1.0960655
24514 -1.4199753
24614 -1.7091231
24714 -1.9549203
24813 -2.1669593
24913 -2.2789347
25013 -2.3330805
25114 -2.224793
25214 -1.2970841
25313 -0.13131475
25414 1.1660843
25513 1.8734345
25615 2.4805498
25714 2.8943663
25814 3.0482168
25914 3.1110458
26014 3.1663284
26116 2.9160042
26215 1.8569441
26315 0.81677914
26415 -0.022345543
26515 -0.7643447
26615 -1.4081554
26717 -1.7979398
26816 -2.0672736
26916 -2.1160707
27016 -1.8213372
27116 -1.1315773
27218 -0.23891544
27317 0.6809945
27417 1.5688958
27518 2.0240645
27618 2.057466
27718 2.3849134
27819 2.499467
27919 2.2577682
28018 1.2504978
28118 0.47943592
28219 -0.04725933
28321 -0.51510763
28419 -0.90973186
28519 -1.2556221
28619 -1.5760028
28719 -1.7750862
28821 -1.7958794
28920 -1.450505
29003 -0.886096
29103 -0.13370419
29203 0.6956258
29303 1.376061
29403 1.8888602
29504 2.1340241
29604 2.1357536
29704 2.3760786
29805 2.6806536
29904 2.823063
30004 2.855811
30105 2.7840729
30205 1.9799652
30306 1.0269208
30406 0.27137136
30505 -0.30095816
30606 -0.8232732
30709 -1.2356534
30806 -1.5149925
30909 -1.7545598
31009 -1.9508052
31106 -2.1664329
31206 -2.35176
31306 -2.5198703
31409 -2.647549
31509 -2.69957
31609 -2.318192
31709 -1.390873
31809 -0.5721941
31907 0.2346015
32008 0.92772245
32111 1.3301702
32208 1.6685266
32311 2.156199
32408 2.5823808
32511 2.959405
32611 3.065321
32711 3.156455
32811 3.2958813
32909 3.355564
33010 3.3691435
33110 3.3521147
33210 3.20296
33310 2.6280127
33410 2.0891447
33511 1.5179543
33612 0.61145306
33711 -0.29019833
33814 -0.91989994
33911 -1.4370208
34012 -1.8093181
34112 -2.1961842
34212 -2.465698
34312 -2.650952
34412 -2.8006494
34513 -2.861949
34612 -2.8739278
34714 -2.8928533
34813 -2.9301553
34913 -2.963129
35013 -2.97119
35113 -2.9674942
35213 -2.943193
35314 -2.4996295
35414 -1.8838811
35514 -1.4705615
35614 -0.8750415
35714 -0.1895237
35815 0.28323936
35915 0.85637283
36015 1.4773378
36114 1.9765434
36215 2.439105
36315 2.8584986
36416 3.0930128
36515 3.2418566
36616 3.3265781
36716 3.3689222
36817 3.442152
36917 3.446312
37016 3.3629627
37117 2.833436
37217 2.2125144
37317 1.7614899
37419 1.2894897
37517 0.8427353
37618 0.37639904
37718 -0.08155632
37817 -0.43861866
37917 -0.8510337
38019 -1.1827865
38118 -1.5212188
38218 -1.9105148
38320 -2.2088199
38419 -2.4897246
38520 -2.6612282
38619 -2.844569
38719 -2.962107
38819 -2.9736571
38903 -2.9703205
39003 -2.919641
39103 -2.7166295
39220 -2.251383
39304 -1.7978718
39404 -1.2703197
39504 -0.42203093
39604 0.54700756
39704 1.3044624
39804 1.8657913
39905 2.2060509
40006 2.3956704
40105 2.4932647
40205 2.5297546
40305 2.5515852
40405 2.5617752
40507 2.5659819
40606 2.5691848
40706 2.5495772
40809 2.33042
40906 1.9290934
41006 1.616847
41107 1.1866045
41206 0.8273134
41309 0.29157305
41409 -0.14296103
41509 -0.68108225
41609 -1.0775192
41709 -1.3192837
41809 -1.6223464
41908 -1.9900565
42008 -2.325235
42109 -2.5176532
42209 -2.7161567
42309 -2.8410316
42408 -2.8698583
42509 -2.8730466
42609 -2.8343482
42709 -2.7738423
42809 -2.6089208
42909 -2.2135005
43010 -1.3936744
43110 -0.6362362
43210 0.13956356
43311 0.9156375
43411 1.264617
43510 1.546968
43610 1.7325478
43711 1.8555441
43811 1.9082956
43914 1.9191236
44014 1.9258814
44114 1.9531012
44214 2.0087004
44314 2.0690393
44414 2.1387682
44514 2.308776
44614 2.3844843
44714 2.4246178
44814 2.0978994
44915 0.5592127
45013 -0.3858862
45114 -1.2848823
45213 -1.6751297
45314 -1.9764891
45414 -2.2078328
45514 -2.409429
45614 -2.5507016
45715 -2.6734872
45815 -2.7054076
45914 -2.7138886
46016 -2.6640887
46115 -2.1720064
46215 -1.3511753
46315 -0.4694767
46416 0.5255995
46515 1.299356
46616 1.8295426
46717 2.2451196
46816 2.6004372
46916 2.9526606
47017 3.2610226
47118 3.3534222
47217 3.1390686
47317 2.4144487
47417 1.7099671
47518 0.66146755
47617 0.01355648
47718 -0.6940956
47818 -1.1848006
47918 -1.7412353
48018 -2.3543215
48118 -2.6987019
48220 -2.8555894
48318 -2.8492093
48419 -2.6864848
48519 -2.4800858
48619 -2.0372798
48721 -1.4574428
48820 -0.8676157
48920 -0.20078182
49003 0.4735384
49103 1.1537085
49204 1.7851076
49303 2.293344
49404 2.7704124
49504 2.9949732
49605 3.05826
49705 3.0258646
49804 2.6731658
49905 1.9054589
50005 0.85018635
50105 0.10332298
50205 -0.6527705
50305 -1.2858245
50405 -1.8508253
50506 -2.2320704
50606 -2.5440445
50709 -3.1562374
50809 -3.4555051
50907 -3.4633348
51006 -3.3778503
51107 -3.0910208
51207 -2.6877167
51309 -1.9042599
51408 -1.1593494
51509 -0.6515207
51609 0.18045664
51709 1.0044885
51809 1.5228395
51909 1.9995203
52009 2.3960547
52108 2.6222954
52442 2.9138246
52542 2.8693495
52643 2.5653548
52743 1.8259497
52843 0.8625665
52944 0.016685009
53044 -0.70925903
53143 -1.3602474
53244 -1.8263621
53345 -2.302563
53444 -2.6704216
53544 -2.959023
53644 -3.0812566
53744 -2.9617844
53844 -2.4621282
53945 -1.5796192
54046 -0.7319083
54145 0.19829655
54245 1.0943995
54346 1.5688591
54446 2.051324
54545 2.393599
54646 2.5707903
54747 2.586029
55065 0.09603834
55165 -1.118829
55265 -2.0231624
55363 -2.7089124
55464 -3.045141
55564 -3.2538407
55666 -2.9109945
55764 -1.994756
55865 -0.8856268
55965 0.3038168
56065 1.341218
56165 1.8230715
56266 2.2923837
56366 2.7483926
56465 2.8993387
56566 2.7560778
56666 1.8729658
56766 0.5773225
56867 -0.68502235
56966 -1.5869288
57067 -2.335407
57166 -2.749851
57267 -2.8011274
57368 -2.2963033
57467 -1.3129287
57568 -0.14963055
57667 1.0538406
57768 1.9238777
57869 1.8180304
57968 2.1031036
58068 2.2481437
58169 2.1978745
58268 1.2905049
58369 0.14235687
58470 -0.8562803
58569 -1.7365861
58669 -2.2423255
58770 -2.7554305
58870 -3.0623808
58970 -2.7148314
59070 -1.5572724
59170 -0.4341383
59270 0.8403926
59370 1.6418467
59471 2.311306
59573 2.8944216
59671 3.4607773
59771 3.5326452
59872 2.942298
59971 1.8185987
60055 0.81157875
60155 -0.5226674
60255 -1.309588
60355 -2.3164964
60455 -2.942559
60556 -3.2867198
60656 -3.1481571
60756 -2.3149924
60856 -1.3745899
60956 -0.48652744
61057 0.45794773
61156 1.1257086
61257 1.731926
61357 2.1801252
61457 2.7375298
61558 3.0582857
61657 2.9553132
61760 1.8042588
61858 0.72735167
61961 -0.42003965
62061 -1.42314
62161 -2.3379786
62260 -3.0239866
62360 -3.18566
62461 -2.8747535
62561 -2.175728
62660 -1.2648797
62760 -0.3593421
62859 1.3627234
63493 2.316558
63596 1.2209578
63696 -0.17493391
63796 -1.212867
63894 -2.0659199
63995 -2.84687
64096 -3.1262984
64195 -2.8528984
64295 -1.5789447
64395 -0.43172312
64496 0.81047153
64599 1.801568
64696 2.5515432
64796 3.2186441
64896 3.5498219
64996 3.3456059
65097 2.5020666
65197 1.2928686
65297 0.1282835
65398 -1.0538228
65497 -1.909967
65598 -2.6677704
65699 -3.095559
65798 -2.5903745
65899 -1.6307919
65998 -0.6596098
66098 0.4896345
66198 1.314795
66299 1.8855758
66399 2.4322662
66498 2.7384043
66599 3.0407686
66700 3.0754566
66799 2.7022767
66900 1.5853133
67000 0.53069973
67100 -0.4915409
67202 -1.2525609
67300 -1.871901
67401 -2.4549146
67501 -2.8262274
67601 -2.318519
67700 -1.2864597
67801 -0.21932125
67903 1.0887222
68002 1.7531652
68102 2.365397
68203 2.8010178
68302 3.0430183
68402 3.1796007
68503 3.1636057
68602 2.296473
68703 0.81532955
68803 -0.28645992
68903 -1.0971913
69004 -1.6986618
69103 -2.726563
69203 -3.1933966
69304 -3.3253613
69404 -2.8545845
69504 -1.8374634
69605 -0.9514675
69705 0.058804512
69788 0.7775903
69888 1.3019776
69988 1.7686882
70088 2.268869
70188 2.8743262
70289 3.1655407
70389 3.2226439
70489 2.9602203
70589 2.1242433
70689 0.9363451
70789 -0.09874296
70890 -1.015903
70990 -1.828912
71090 -2.923685
71190 -3.5618036
71291 -3.395794
71390 -2.6148207
71490 -1.6685147
71594 -0.59152555
71693 0.63428545
71793 1.3365269
71891 1.9566336
71991 2.5363784
72091 3.0891562
72192 3.4642591
72292 3.6300917
72392 3.3585997
72492 2.4248695
72593 1.4121857
72693 0.28768015
72793 -0.80929375
72892 -1.6999211
72996 -2.510384
73093 -3.4313765
73196 -3.8862586
73296 -3.9744215
73394 -2.853479
73496 -1.463588
73596 -0.53248596
73696 0.6752157
73796 1.5559158
73895 2.2952943
73995 2.8026323
74094 3.384572
74195 3.5141478
74295 3.3423767
74395 2.7446265
74495 1.820591
74598 0.6739955
74699 -0.16625452
74798 -1.2830517
74897 -2.1072774
74996 -2.686831
11 3.082796
111 3.7849178
211 4.06427
311 4.091873
411 3.584856
510 2.5734215
610 1.4710112
710 0.41148663
810 -0.5864477
910 -1.6495411
1011 -2.6711595
1113 -3.22942
1211 -3.4590287
1313 -3.4771001
1413 -3.3367155
1511 -2.4970489
1611 -1.267194
1712 -0.21072435
1812 0.77736425
1912 1.4902506
2014 2.0263162
2113 2.46838
2213 2.8884263
2313 3.0856037
2413 3.127781
2514 2.6777673
2614 1.5763259
2713 0.5641937
2814 -0.3495531
2914 -1.2908425
3015 -1.9232993
3114 -2.651389
3216 -3.223671
3315 -3.2534118
3415 -3.2488985
3515 -3.006102
3615 -1.7546811
3716 -0.70659494
3816 0.40811634
3915 1.2782049
4015 2.0299988
4116 2.6997757
4217 3.0685406
4316 3.2525797
4416 3.4071283
4517 3.2943802
4834 0.36059904
4934 -0.7575722
5034 -1.5724502
5134 -2.404942
5234 -3.0920775
5336 -3.3517184
5435 -3.3189387
5537 -3.238681
5635 -2.5115411
5734 -1.003051
5836 0.24557972
5935 1.0993147
6037 2.0157256
6136 2.520091
6236 3.2573166
6337 3.2591257
6436 3.2823591
6537 3.2983522
6637 2.7787104
6737 1.6976905
6837 0.5388694
6937 -0.6853609
7038 -1.6540592
7138 -2.787063
7237 -3.258304
7338 -3.6875298
7438 -3.5065436
7539 -3.2831984
7638 -2.5626812
7739 -1.0972214
7839 0.1543765
7938 1.0439682
8040 1.9701681
8139 2.6665893
8239 3.0630198
8339 3.296608
8440 3.3281822
8541 2.6342535
8640 1.842763
8740 0.820806
8840 -0.16194105
8940 -1.0983462
9042 -1.8831179
9141 -2.6843143
9240 -2.9967053
9341 -2.9604015
9441 -2.745071
9542 -1.8847575
9641 -0.7046108
9741 0.47623968
9842 1.3754106
9942 2.1840682
10043 2.856286
10142 3.1919537
10243 3.2388096
10344 3.2446928
10443 2.4723053
10544 1.5638018
10643 0.511024
10743 -0.23397875
10827 -0.7175994
10927 -1.5160403
11027 -2.7504787
11127 -3.0414834
11227 -2.796249
11328 -2.0191483
11428 -0.8799181
11529 0.5077505
11628 1.2186623
11728 1.8449278
11828 2.3756967
11930 3.3252459
12029 4.235327
12129 4.2818737
12229 3.6386366
12329 2.0534391
12429 0.9166517
12529 -0.38045263
12633 -1.5257077
12732 -2.328479
12830 -2.973417
12933 -3.0994656
13032 -3.078675
13133 -2.907714
13232 -1.435643
13333 0.24514437
13433 1.4884439
13531 2.35258
13632 3.015482
13731 3.273962
13832 3.2500896
13935 3.098112
14032 2.213655
14135 1.079514
14232 -0.153584
14335 -1.1947277
14435 -1.8852115
14533 -2.7308476
14634 -3.1091301
14733 -3.0932777
14833 -2.9402819
14934 -1.7710571
15034 -0.49818373
15134 0.77018833
15234 1.6544876
15335 2.3245506
15435 2.4998565
15534 2.781231
15638 3.0033693
15735 2.9573822
15835 2.443553
15938 1.540515
16038 0.20729828
16138 -0.852118
16238 -1.5632038
16338 -2.219915
16437 -2.6492887
16537 -2.7293453
16636 -2.7390256
16737 -2.7579587
16837 -2.760355
16938 -2.588965
17039 -1.2687035
17138 -0.3445387
17238 0.8191519
17337 1.2015867
17438 1.7258196
17538 2.2983527
17639 2.6934776
17738 2.8336244
17838 2.9778051
17939 2.9974585
18038 3.0178566
18141 3.0217896
18240 3.024805
18340 3.027546
18440 3.0321121
18540 3.0401793
18640 3.0993805
18740 3.2364407
18840 3.2659798
18941 3.0710077
19041 1.5979233
19142 0.3359275
19241 -0.51453876
19342 -1.0225677
19441 -1.3832481
19542 -1.5857952
19643 -2.0816786
19743 -2.4430811
19842 -2.766869
19942 -2.9807599
20042 -3.0359142
20143 -3.0390196
20243 -3.059478
20343 -3.0939233
20443 -3.0297017
20543 -1.3100669
20644 0.042235374
20743 1.2741594
20827 1.8302383
20927 2.105668
21027 2.612937
21128 3.710371
21228 4.0185146
21328 4.2239857
21428 4.131856
21528 4.0802746
21628 4.079281
21728 4.0742645
21828 4.0694933
21929 4.0675097
22029 4.066493
22130 4.066887
22229 4.0668793
22330 4.066888
22429 4.0675383
22531 4.072398
22632 4.076769
22733 4.0805845
22833 4.086054
22933 4.090296
23033 4.0915394
23133 4.0973673
23233 4.102208
23333 4.1035986
23433 4.049551
23531 3.927371
23631 2.9725485
23731 1.9968324
23832 0.69779634
23935 -0.5811391
24035 -1.4502804
24132 -2.3403788
24236 -3.0563464
24335 -3.613664
24435 -3.8368816
24534 -3.6271534
24633 -3.5818748
24733 -3.531175
24833 -3.1313062
24934 -2.1378756
25034 -1.1580639
25134 0.14546299
25234 0.86410093
25335 1.404973
25435 1.7685852
25535 2.114882
25634 2.524732
25738 2.638236
25838 2.993712
25937 3.0813093
26038 3.347044
26138 3.6252356
26238 3.9555626
26338 3.9003525
26438 3.2363472
26538 3.1579762
26637 1.7074676
26736 0.73504925
26836 -0.28718376
26938 -0.720664
27038 -1.3022466
27137 -1.7394385
27238 -2.1161742
27339 -2.462462
27438 -2.6604114
27540 -2.8462806
27640 -2.8553567
27738 -2.728105
27839 -1.5435073
27939 -0.6630726
28040 0.6208887
28140 1.026948
28241 1.1103983
28339 1.392684
28439 1.9176674
28541 2.148284
28640 2.3272066
28742 2.5182662
28840 2.5667205
28940 2.327136
29041 0.9889579
29141 1.0453691
29241 0.8918357
29342 0.51342297
29441 0.28807974
29542 0.20201874
29641 -0.9645071
29743 -1.9808803
29842 -2.8704789
29942 -3.6188536
30042 -3.6271422
30142 -3.1573205
30244 -2.3277192
30343 -0.96049786
30444 -1.1045654
30543 -0.37995052
30644 0.71908283
30744 1.3946753
30827 1.8151999
30927 2.107409
31027 2.3697953
31127 2.2808852
31227 1.7673516
31328 0.2605033
31428 -0.7321048
31528 -1.4133506
31628 -1.9691727
31728 -3.0103645
31829 -4.433852
31930 -4.267553
32029 -3.9051747
32130 -3.54663
32229 -2.8768651
32329 -1.535913
32430 -0.5468416
32529 0.75059175
32630 1.4215102
32733 1.8865252
32830 3.234044
32933 3.246603
33030 3.253252
33133 3.3599806
33233 3.2842913
33333 2.375884
33433 1.4952455
33531 -0.06599569
33633 -0.5640178
33732 -1.4177556
33831 -2.2874513
33935 -3.0674136
34032 -3.3613768
34135 -3.5081718
34232 -3.5330472
34336 -3.2872238
34435 -2.462401
34532 -1.8558545
34633 -0.88660574
34733 -0.06599951
34834 1.0975761
34934 2.2085328
35033 2.8576903
35135 2.9943886
35235 2.999856
35334 1.8541594
35435 0.59071827
35535 -0.59807634
35635 -1.5611069
35738 -2.2690177
35838 -2.6049976
35938 -3.0717785
36037 -3.438091
36138 -3.6549482
36238 -3.6722014
36338 -3.6612804
36438 -3.2627635
36536 -2.6110728
36638 -1.8771701
36737 -1.1627452
36838 -0.4934373
36938 -0.31598234
37038 0.3450384
37139 1.0579057
37238 1.8420572
37340 2.5338888
37438 3.0745077
37538 3.642847
37639 4.1508493
37738 4.4590693
37839 4.547434
37939 4.4753113
38039 3.66191
38140 2.416294
38240 0.92392635
38340 0.062111855
38440 -0.76994276
38540 -1.3498161
38641 -1.9056809
38740 -2.375403
38840 -2.7271085
38940 -3.085241
39041 -3.9486508
39141 -3.9124506
39241 -3.434526
39342 -2.606903
39441 -1.9387305
39542 -1.3965008
39642 -0.8712354
39743 0.098727226
39843 0.7510228
39942 1.0083017
40042 1.2665229
40143 1.4999838
40243 1.9260645
40345 2.3383818
40443 2.5343614
40545 2.6238556
40644 2.6936774
40727 2.7575617
40845 2.8594742
40927 2.8677459
41027 2.8550234
41127 2.8499231
41228 2.8409195
41328 2.83117
41428 2.822988
41529 2.8182693
41628 2.853002
41729 2.8055177
41829 1.3372984
41929 0.44670582
42029 -0.5285616
42130 -0.88818884
42229 -1.409718
42332 -1.9557445
42429 -2.8543766
42530 -3.3300385
42630 -3.7994041
42730 -3.9662187
42833 -4.090025
42933 -4.12304
43033 -4.141345
43133 -4.1438966
43233 -3.9821875
43333 -3.5924983
43433 -3.2193966
43531 -2.8965523
43632 -2.5439262
43733 -1.8631024
43832 -0.6864376
43932 0.050597668
44032 0.5729723
44132 0.98703575
44232 1.3675385
44335 1.7891321
44436 2.0581274
44535 2.202054
44635 2.2726011
44736 2.6177917
44835 2.6741118
44935 3.1555462
45035 3.4257755
45134 2.8679504
45236 2.2302399
45334 1.8324556
45435 1.3172426
45535 0.97376204
45636 0.28679752
45737 -0.4497819
45837 -1.2140102
45936 -1.8108268
46036 -2.198375
46136 -2.5361114
46237 -3.1833973
46336 -3.7659316
46436 -3.0429595
46537 -1.7944081
46636 -0.15084076
46738 0.9702544
46837 1.9549837
46937 2.8294334
47037 3.5669556
47137 3.527216
47239 3.4520016
47339 2.7305923
47438 1.6279535
47538 0.38243198
47638 -0.6899624
47740 -1.4641423
47838 -2.228252
47938 -2.8293006
48040 -2.8829844
48140 -3.3116727
48240 -2.194512
48339 -0.7194414
48440 0.5177603
48540 1.5330782
48858 2.6206765
48957 1.1746893
49059 -0.0044255257
49157 -1.3813694
49258 -2.194063
49358 -2.8815022
49458 -3.603385
49559 -3.8218439
49658 -3.6747541
49759 -2.576922
49858 -1.3343437
49959 -0.0663743
50060 0.91195536
50159 1.6556296
50259 2.0788245
50360 2.3304396
50460 2.3387513
50560 2.1480103
50662 1.5459785
50760 0.49745274
50863 -0.53683805
50962 -1.2343216
51063 -1.7966046
51162 -2.807877
51261 -3.5489147
51362 -3.6885538
51462 -3.4343126
51563 -2.5553508
51662 -1.5977318
51762 -0.39914036
51864 0.8353677
51962 1.4765449
52063 1.863163
52162 2.5758486
52263 3.0513096
52363 3.1319056
52463 2.981916
52563 2.455639
52663 1.5952516
52763 0.80958796
52863 -0.27712727
52964 -1.4661222
53065 -2.4747336
53166 -3.8346543
53265 -4.4305563
53365 -4.30563
53465 -3.4226267
53565 -1.7914977
53665 -0.28213024
53767 1.0407801
53866 1.9439607
53965 2.788302
54066 4.0344954
54166 4.0646486
54268 3.7923603
54367 3.1913414
54467 1.827735
54567 0.4012518
54667 -0.85029507
54768 -1.709996
54869 -2.3238473
54967 -2.4912314
55067 -2.480126
55168 -1.8609185
55270 -1.0229938
55368 0.43950796
55468 1.0349197
55568 1.4504128
55668 2.5972834
55770 3.0058517
55852 3.010869
55953 2.8465018
56069 1.9281263
56153 1.1533895
56252 -0.34134197
56353 -1.6150861
56453 -2.5480738
56553 -3.261505
56653 -3.9380178
56753 -4.0693593
56853 -3.6221812
56954 -2.8132029
57054 -1.6292045
57155 -0.49885702
57254 0.53941536
57354 1.297101
57454 1.9304261
57554 2.8242621
57658 3.2002764
57757 3.236268
57858 2.5048065
57958 1.2081623
58057 0.19013071
58158 -0.9139414
58256 -1.9137764
58358 -2.8262885
58457 -3.454494
58557 -3.367505
58660 -2.4909258
58757 -1.3210602
58860 -0.20475292
58960 0.807436
59060 1.5951362
59157 2.1894164
59260 3.2600708
59360 3.7056751
59460 3.5796375
59558 2.392302
59659 0.69359493
59758 -0.48686123
59859 -1.6564808
59959 -2.8531222
60059 -3.8986812
60159 -3.7883506
60259 -3.6347075
60362 -3.6455142
60460 -2.163497
60563 -0.4984827
60663 0.77913046
60763 1.4632215
60863 2.1560493
60963 2.4787736
61062 0.0
61163 0.0
61263 0.0
61362 0.0
61462 0.0
61562 0.0
61662 0.0
61763 0.0
61862 0.0
61963 0.0
62062 0.0
62163 0.0
62264 0.0
62363 0.0
62464 0.0
62563 0.0
62664 0.0
62764 0.0
62864 0.0
62964 0.0
63064 0.0
63165 0.0
63265 0.0
63364 0.0
63465 0.0
63566 0.0
63666 0.0
63765 0.0
63866 0.0
63966 0.0
64066 0.0
64166 0.0
64266 0.0
64367 0.0
64466 0.0
64567 0.0
64667 0.0
64767 0.0
64867 0.0
64967 0.0
65068 0.0
65170 0.0
65267 0.0
65368 2.334043
65468 4.0787992
65568 1.0243502
65669 -3.2683651
65752 -3.47467
65852 -2.1650236
65952 -0.82917213
66052 0.34595776
66170 1.6475134
66254 2.1370301
66353 2.3705187
66453 2.067762
66553 1.1629887
66654 -0.038855076
66754 -1.1827462
66854 -2.118498
66954 -2.6303573
67055 -2.63884
67155 -1.8726335
67255 -0.6163454
67354 0.37419033
67458 1.2876215
67558 2.117897
67658 2.7398615
67757 3.0863428
67858 2.9176207
67957 2.076879
68058 1.0565901
68158 -0.123734
68257 -1.2578468
68358 -2.1935563
68457 -3.2382941
68557 -3.4792612
68656 -3.4441643
68757 -2.523881
68860 -0.95923376
68957 0.50881624
69060 1.9094214
69158 2.9074645
69260 3.7280588
69360 4.023547
69460 3.6493769
69559 2.4691744
69659 1.2510757
69758 0.028841972
69858 -1.1202083
69959 -2.0364776
70059 -2.674463
70160 -3.1885655
70263 -3.0514271
70359 -2.623009
70463 -1.9806728
70560 -1.5188701
70660 -0.5158186
70760 0.7776904
70861 1.4155631
70961 1.8416114
71061 2.032618
71161 2.1460342
71263 2.0954142
71362 0.6886792
71462 0.17751169
71561 -1.0340531
71662 -2.0946445
71763 -2.6904712
71862 -3.2246928
71963 -3.5539384
72063 -3.5788896
72163 -3.0362322
72263 -1.9293482
72363 -0.6265106
72463 0.8247876
72563 1.9372687
72664 2.8211641
72764 3.4622316
72864 4.02178
72964 4.096422
73065 3.4623642
73165 1.2036862
73265 -0.5691762
73364 -1.4768054
73464 -2.5146773
73566 -2.9402792
73665 -3.1403604
73765 -2.6459055
73867 -1.600312
73965 -0.6866479
74066 -0.41667652
74166 0.9108424
74266 2.2051315
74367 1.832757
74466 1.9549294
74567 2.0404177
74667 1.8189707
74767 1.7116938
74867 0.7840409
74967 -0.51182413
