1 -1.9536738
101 -2.4626653
201 -2.924784
301 -3.1857283
401 -3.4841175
501 -3.6097426
602 -3.5186088
701 -3.0207188
802 -1.8781211
901 -0.92669106
1001 0.06000614
1101 0.8580103
1201 1.5477266
1301 1.9899125
1401 2.290038
1501 2.451383
1601 2.5980554
1701 2.7384276
1801 2.8286505
1901 2.8479319
2001 2.6508512
2101 1.0282178
2201 -0.424726
2301 -1.3449855
2401 -1.8888938
2501 -2.5052364
2601 -2.9014223
2701 -3.1094694
2801 -3.1800792
2901 -3.1796875
3001 -3.066739
3101 -2.2422276
3201 -0.91879463
3301 0.12325001
3401 1.2927775
3501 2.0230117
3601 2.5737152
3701 2.9364104
3801 2.9566803
3901 3.054018
4001 3.2763863
4101 3.2944689
4201 2.896163
4301 2.0028753
4401 0.8657241
4501 -0.19604635
4601 -1.0211651
4701 -1.6880565
4801 -2.2723908
4901 -2.7387593
5001 -2.847489
5101 -2.9094934
5200 -2.8594422
5301 -2.4679623
5401 -1.2120807
5501 -0.23780823
5601 0.6778717
5701 2.0314965
5801 2.8320708
5901 3.1178741
6001 3.31215
6101 3.4225206
6201 3.4905405
6301 3.359785
6401 2.7216172
6501 1.7457733
6601 0.55510044
6701 -0.4580698
6801 -1.1406264
6901 -1.8924379
7001 -2.4143739
7101 -2.7009614
7201 -2.7886066
7301 -2.6032867
7401 -2.3368168
7501 -2.1543355
7601 -1.4014709
7702 -0.34747887
7800 0.5519738
7901 1.5092592
8001 2.5520148
8101 3.2381706
8201 3.5875282
8301 3.7330074
8401 3.7380762
8501 3.564577
8601 2.690998
8701 0.0
8801 0.0
8901 0.0
9001 0.0
9101 0.0
9201 0.0
9301 0.0
9401 0.0
9501 0.0
9601 0.0
9701 0.0
9801 0.0
9901 0.0
10001 0.0
10101 0.0
10201 0.0
10301 0.0
10401 3.2882318
10501 3.3162909
10601 3.5105972
10701 3.6142235
10802 3.1804943
10901 2.202217
11001 1.0019717
11101 -0.31989384
11201 -1.3402088
11301 -2.3133225
11401 -2.8059478
11501 -3.1191313
11601 -3.2743351
11701 -3.3320556
11801 -3.2348971
11901 -2.418121
12001 -1.1565845
12101 -0.042632103
12201 1.0896449
12301 1.9182396
12401 2.515532
12501 2.8790107
12601 3.105421
12701 3.2896843
12801 3.3265839
12901 3.0691595
13001 2.3988762
13101 0.8570452
13201 -0.18590832
13301 -1.0921936
13401 -1.8228002
13501 -2.1441565
13601 -2.6081653
13701 -2.867037
13801 -3.190334
13901 -3.24323
14001 -3.0141358
14101 -2.1433053
14201 -0.19323254
14301 1.1531706
14401 2.0466576
14501 2.8135557
14601 3.5663414
14701 3.789219
14801 3.8613129
14901 3.7806864
15001 3.2521229
15101 2.1846213
15201 1.1929522
15301 -0.06864071
15401 -1.4391842
15501 -2.319294
15601 -2.9520216
15701 -3.338069
15801 -3.5568137
15901 -3.6144516
16001 -3.5722904
16101 -3.330594
16201 -2.7491179
16301 -1.9396281
16401 -0.9604254
16501 -0.03264332
16601 0.94014454
16701 1.5448852
16801 1.794725
16901 1.9693503
17001 2.1546326
17101 2.2533522
17201 2.2718773
17301 2.220018
17401 1.1186557
17501 -0.3297348
17601 -0.9704304
17701 -1.4379039
17802 -1.8579185
17901 -2.0414279
18000 -2.125926
18101 -2.2319999
18201 -2.2480917
18301 -2.2365067
18401 -1.9319248
18501 -0.9107466
18601 0.012936115
18701 0.8063159
18801 1.5978203
18901 2.0625153
19001 2.5361047
19101 2.7977057
19201 2.9175138
19301 2.9727416
19401 2.9795885
19501 2.8662772
19601 2.271923
19701 1.2623811
19801 0.28763485
19901 -0.6305251
20001 -1.3710289
20101 -1.9408984
20201 -2.3398902
20301 -2.4922266
20401 -2.5423748
20501 -2.5752232
20601 -2.5876245
20701 -2.5762422
20801 -2.186007
20901 -0.7271023
21001 0.30439186
21101 1.250308
21201 1.9647536
21301 2.5281982
21401 2.8266993
21501 3.1494894
21601 3.2049627
21701 3.2263317
21801 3.2272558
21901 3.1623983
22001 2.6590781
22101 1.6254134
22201 0.42447615
22301 -0.4125886
22401 -1.0902755
22501 -1.6746757
22601 -1.873251
22701 -2.439611
22801 -2.6703389
22901 -2.712202
23001 -2.7314
23101 -2.6233494
23201 -1.8169303
23301 -0.84829044
23401 0.19671726
23501 1.1639605
23601 1.9698229
23701 2.4444551
23801 2.7138429
23901 2.916388
24001 3.0285578
24101 3.1000834
24201 3.1171627
24302 2.9817162
24400 1.8643684
24501 0.34858418
24601 -0.6297865
24701 -1.5112214
24801 -2.0197883
24901 -2.3814578
25001 -2.3933372
25101 -2.3975997
25201 -2.3970397
25301 -2.3986933
25401 -2.3919284
25501 -2.2348437
25601 -1.1455722
25701 0.11075735
25801 0.8539071
25901 1.7662001
26001 2.314292
26101 2.6544585
26201 2.8649902
26301 3.0130234
26400 3.1137905
26501 3.1611557
26601 3.1714554
26701 3.1573362
26801 2.948947
26901 2.0418487
27001 0.645946
27101 -0.18542147
27201 -0.685585
27301 -1.2053349
27401 -1.7384129
27501 -1.9293225
27601 -2.072728
27701 -2.1698263
27801 -2.2245398
27901 -2.2507303
28001 -2.2516675
28101 -2.0512655
28201 -1.2551262
28301 -0.4296322
28401 0.28527927
28501 0.8458309
28601 1.7424965
28701 2.1825042
28801 2.5737724
28901 2.8207521
29001 2.9434142
29101 2.9862037
29201 2.978026
29301 2.6490731
29401 1.3489118
29501 0.34445667
29601 -0.4128108
29701 -0.85902977
29802 -1.3817677
29901 -1.6317768
30001 -1.8580194
30101 -2.0426576
30201 -2.114136
30301 -2.1527221
30401 -2.148769
30501 -1.9410853
30601 -0.94216204
30702 0.13064909
30801 0.9887142
30901 1.6747575
31001 2.1314707
31101 2.5437584
31201 2.748394
31301 2.8517928
31401 2.922605
31501 2.9733605
31601 2.9450316
31701 2.1793709
31801 0.93267345
31901 0.17163801
32001 -0.4838643
32101 -0.9921751
32201 -1.518256
32301 -1.7463994
32401 -1.8666234
32501 -1.961021
32601 -2.0017116
32701 -2.0093179
32801 -1.9555469
32901 -1.4954212
33001 -0.58700657
33101 0.2806673
33201 1.0682931
33301 1.7088342
33401 2.1671762
33501 2.5789385
33601 2.72724
33701 2.845286
33801 2.9077058
33901 2.9535933
34001 2.9794188
34101 2.9824462
34201 2.8271294
34301 2.1881447
34401 1.1905313
34501 0.43879747
34601 -0.5117979
34701 -0.9938679
34801 -1.3158619
34901 -1.4748337
35001 -1.5142484
35101 -1.5508618
35201 -1.5941341
35301 -1.6261525
35401 -1.6390553
35501 -1.508384
35601 -0.5625763
35701 0.48910666
35801 1.1048803
35901 1.7447052
36001 2.0339098
36101 2.3559532
36201 2.5329847
36301 2.727744
36401 2.9489098
36501 3.1104507
36601 3.1746235
36701 3.1866798
36802 3.0033512
36901 2.0847611
37001 0.7785425
37100 0.2580862
37201 -0.354311
37301 -0.88215303
37401 -1.2662914
37501 -1.4887154
37601 -1.684195
37701 -1.8392537
37801 -1.9199574
37901 -1.947068
38001 -1.9153326
38101 -1.571389
38201 -0.2829399
38301 0.5408225
38401 0.86939716
38501 1.6481652
38601 2.1549277
38701 2.503831
38801 2.7969866
38901 3.0263624
39001 3.1971397
39101 3.3248396
39201 3.383957
39301 3.392027
39401 3.394372
39501 3.2700815
39601 2.467154
39701 1.2832193
39801 0.308609
39901 -0.6572714
40001 -1.2204571
40101 -1.517777
40201 -1.7277882
40301 -1.8093789
40401 -1.8438027
40501 -1.8454552
40601 -1.8219202
40701 -1.6841221
40801 -1.1557136
40901 -0.17345524
41001 0.662899
41101 1.4937654
41201 2.0525146
41301 2.3919306
41401 2.6070304
41501 2.708364
41601 2.7931657
41701 2.8146505
41801 2.8114357
41901 2.3346353
42001 0.9327698
42101 -0.08773613
42201 -0.7608018
42301 -1.4226441
42401 -1.7219052
42501 -1.7863197
42601 -1.7976875
42700 -1.8268228
42801 -1.8495317
42901 -1.8631516
43001 -1.859365
43101 -1.5002568
43201 -0.57957125
43301 0.43595123
43401 1.283083
43501 1.8529396
43601 2.380127
43701 2.7236266
43801 2.9173422
43901 3.0730839
44001 3.1272163
44101 3.1377277
44201 3.018015
44301 2.2243004
44401 1.1468687
44501 -0.017002106
44601 -0.8172555
44701 -1.408855
44801 -1.9308672
44901 -2.3723104
45001 -2.7066262
45101 -2.8122659
45201 -2.8306944
45301 -2.8106587
45401 -2.7315695
45501 -2.5153663
45601 -1.5272346
45701 -0.40641785
45801 0.5922394
45901 1.4433951
46001 2.048561
46101 2.4407206
46201 2.6602135
46301 2.7951174
46401 2.8476152
46501 2.8684378
46601 2.8213706
46701 2.3379927
46801 1.0755763
46901 0.23943043
47001 -0.45910788
47101 -1.0502586
47201 -1.5590165
47301 -1.9404826
47401 -2.0691035
47501 -2.1312585
47601 -2.160078
47701 -2.171421
47802 -2.1497436
47901 -1.7740848
48001 -0.6497936
48101 0.5151186
48201 1.3341689
48301 2.0186262
48401 2.4935303
48501 2.8018293
48601 2.9466944
48701 3.0178022
48801 3.0470295
48901 3.051343
49001 3.0245237
49101 2.3148642
49201 1.1005201
49301 0.12422466
49401 -0.7480254
49501 -1.4373183
49601 -1.9173353
49701 -2.1781116
49801 -2.4154463
49901 -2.5089278
50001 -2.6188426
50101 -2.6736884
50201 -2.6908
50301 -2.2676065
50401 -1.2043598
50501 -0.27675772
50601 0.63678837
50701 1.4772949
50801 2.183547
50900 2.6272683
51001 2.9117165
51101 3.0783176
51201 3.1332397
51301 3.1603823
51401 3.163828
51501 2.9816422
51601 2.3056312
51701 1.1165504
51801 0.21383476
51901 -0.6099534
52000 -1.3700111
52101 -1.9188876
52201 -2.3920436
52300 -2.7747958
52401 -2.9317455
52501 -2.9711027
52601 -2.9772182
52701 -2.8583198
52801 -2.1992242
53015 0.6056905
53114 1.6050925
53229 2.3706717
53329 2.9798594
53429 3.2309465
53529 3.4885178
53629 3.5983677
53729 3.6392508
53829 3.5924788
53929 2.9447646
54029 1.5542741
54129 0.3168459
54229 -0.6204829
54329 -1.3297539
54429 -1.8832386
54529 -2.335424
54629 -2.5380979
54729 -2.673243
54828 -2.6363442
54929 -2.531897
55029 -2.1714032
55129 -1.2102108
55229 -0.20735407
55329 0.78528404
55429 1.6365309
55529 2.2434893
55629 2.8371239
55729 3.2591667
55829 3.6225176
55929 3.7820501
56029 3.7854366
56269 2.1257296
56369 0.7690973
56469 0.073241234
56569 -0.48579836
56669 -1.0637023
56769 -1.4498782
56869 -1.6889567
56969 -1.8472338
57069 -1.9941378
57169 -2.0783055
57269 -2.1301064
57369 -2.1536536
57469 -1.9891963
57569 -1.2370064
57669 -0.27215385
57769 0.5089021
57869 1.1166191
57969 1.5468383
58069 1.8400445
58169 2.0489244
58269 0.0
58369 0.0
58469 0.0
58569 0.0
58669 0.0
58769 0.0
58869 0.0
58969 0.0
59069 0.0
59169 0.0
59269 0.0
59369 0.0
59469 0.0
59569 0.0
59669 0.0
59769 0.0
59869 0.0
59969 1.648191
60069 1.9791551
60169 2.7973518
60269 3.2145805
60369 3.3522835
60469 3.3315325
60569 2.8749566
60669 1.6246848
60769 0.7435789
60869 -0.16013622
60969 -0.92878723
61069 -1.3926778
61169 -1.8105805
61269 -2.0798297
61369 -2.277882
61469 -2.384211
61569 -2.4221363
61669 -2.4042954
61769 -1.908956
61869 -1.0913754
61969 -0.059305668
62069 0.68080425
62169 1.3228226
62269 2.2555327
62369 2.6775537
62469 3.0809135
62569 3.3732967
62669 3.4245014
62769 3.25002
62869 2.608973
62969 1.5017958
63069 0.23918486
63169 -0.7237649
63269 -1.5381851
63369 -2.233237
63469 -2.6076274
63569 -2.812138
63669 -2.8719776
63769 -2.8691568
63869 -2.5953584
63969 -1.8195424
64069 -1.0072434
64169 -0.03513956
64269 0.61001873
64369 1.3887262
64469 1.9200201
64569 2.332199
64669 2.5793495
64769 2.73067
64869 2.7596383
64969 2.6259413
65069 1.8700151
65169 0.96911716
65269 0.21346378
65369 -0.709939
65469 -1.1997838
65569 -1.5887585
65669 -1.8586457
65769 -1.986973
65869 -2.0130134
65969 -1.8235536
66069 -1.3948815
66169 -0.53867626
66269 0.2224741
66369 0.94329166
66469 1.6451731
66569 2.3009825
66669 2.9070826
66769 3.0405989
66869 3.0969791
66969 3.075163
67069 2.9932532
67169 2.7392159
67269 1.9220076
67369 0.74524975
67469 -0.13082027
67569 -0.9389205
67669 -1.4977164
67769 -2.0442147
67869 -2.379221
67969 -2.6521416
68069 -2.7327175
68168 -2.6819701
68269 -2.172816
68369 -1.2956734
68469 -0.22022963
68569 0.7673912
68669 1.6071992
68769 2.4404778
68869 3.1340399
68969 3.7153416
69069 4.1184216
69169 4.146309
69268 3.7935867
69368 2.7443924
69469 1.5184526
69569 0.40442705
69669 -0.4495964
69769 -1.1833835
69869 -1.5936408
69969 -1.8777115
70069 -2.0306396
70169 -2.097684
70268 -2.1033406
70369 -1.8281541
70469 -1.0656116
70569 -0.37680864
70669 0.52203274
70769 1.1789918
70869 1.9742813
70969 2.647565
71069 3.0551567
71169 3.2174997
71269 3.257535
71369 3.0778475
71469 2.0726929
71569 0.99153423
71669 0.0600605
71769 -0.9109211
71869 -1.4848435
71969 -1.8590238
72069 -2.0903838
72169 -2.202774
72269 -2.2671404
72369 -2.273808
72469 -2.1874175
72569 -1.4080296
72669 -0.38058758
72769 0.5279741
72869 1.3738604
72969 2.213201
73069 2.7900581
73169 3.1782265
73269 3.2517185
73369 3.2324953
73469 3.1490622
73569 2.8042326
73669 1.8165445
73769 0.57929564
73869 -0.24192333
73969 -1.0864387
74069 -1.7222645
74169 -2.1687963
74269 -2.4203289
74369 -2.512672
74469 -2.5449817
74569 -2.5434508
74669 -2.363876
74769 -1.7324169
74869 -0.5803194
74969 0.62009287
