9 3.3452015
110 3.4149141
210 3.439207
310 3.4371452
411 3.3882694
511 3.020977
612 2.30822
711 1.4964609
812 0.88635015
911 0.10841131
1013 -0.48525
1112 -0.9501872
1213 -1.6275566
1313 -2.0811007
1413 -2.1686623
1514 -2.1540155
1614 -1.9785056
1714 -1.5971749
1814 -0.9493952
1915 -0.22929192
2014 0.32143164
2116 1.0267563
2216 1.5489569
2315 2.0285707
2417 2.4503784
2517 2.9040232
2616 3.098297
2716 3.1392717
2817 3.1042566
2917 2.710865
3017 2.1918464
3118 1.3743067
3218 0.5441699
3319 -0.010924339
3418 -0.5888157
3502 -1.0104008
3602 -1.7553859
3703 -2.2195964
3804 -2.4692276
3904 -2.5431151
4004 -2.36735
4104 -1.4645069
4204 -0.5270419
4305 0.26455784
4404 0.9494066
4504 1.8116674
4606 2.4425764
4706 2.9272623
4806 3.133482
4906 3.2675428
5007 3.2873688
5107 3.1196308
5206 2.7118402
5308 1.926642
5408 1.2069445
5507 0.39024973
5608 -0.24193859
5709 -0.79503155
5809 -1.3571575
5909 -1.8059223
6009 -2.0887666
6110 -2.2229035
6210 -2.284473
6310 -2.224865
6410 -1.9820142
6511 -1.2755978
6611 -0.35466814
6710 0.3659153
6811 0.98095655
6912 1.3894291
7012 1.7144523
7112 2.0275764
7212 2.20291
7313 2.385604
7412 2.422698
7513 2.2798629
7614 1.5659475
7713 0.8724928
7814 0.12425089
7914 -0.6095505
8015 -1.4389234
8115 -2.06676
8215 -2.7105417
8315 -3.0750597
8415 -3.2247393
8515 -3.136513
8615 -2.7670264
8716 -2.0806546
8816 -1.3040206
8916 -0.24087715
9017 0.6187568
9118 1.2367458
9217 1.7938232
9318 2.3714132
9419 2.8509436
9519 3.0247507
9618 3.073514
9719 3.014018
9803 2.8410172
9902 2.208991
10004 1.24858
10104 0.41005898
10204 -0.4131074
10303 -1.3794284
10403 -2.066243
10504 -2.7239728
10604 -3.288078
10705 -3.9023242
10804 -3.7796206
10906 -3.5225005
11006 -3.0451941
11106 -2.6314242
11207 -1.8348708
11307 -0.6224518
11406 0.13472462
11506 0.8395524
11608 1.4094872
11707 2.038826
11807 2.4099197
11908 2.7603483
12008 2.9232569
12109 2.9401002
12209 2.8336592
12309 2.504199
12410 1.8482971
12510 1.1765361
12611 0.4066763
12710 -0.2685995
12810 -0.8654289
12911 -1.5015247
13011 -2.0635352
13112 -2.5297296
13211 -2.5713673
13312 -2.5850174
13412 -2.5659037
13512 -2.2365777
13612 -1.4951293
13712 -0.48082447
13813 0.2583456
13914 1.1683602
14014 1.8366823
14114 2.3826942
14214 2.7668662
14314 2.96832
14415 3.1655798
14515 3.2221813
14615 3.1993732
14716 2.8388228
14816 1.990982
14917 1.3077555
15017 0.45046806
15117 -0.25580692
15217 -0.75409603
15318 -1.2976246
15417 -1.82729
15518 -2.381301
15618 -2.8205898
15718 -2.9533153
15819 -2.7898192
15919 -2.55479
16002 -2.3151135
16102 -2.0153964
16203 -1.657206
16304 -1.0948322
16404 -0.32354784
16503 0.44635868
16603 1.1873722
16705 1.9330268
16804 2.4475493
16905 2.6467285
17005 2.733224
17105 2.743575
17206 2.729196
17306 2.6956606
17406 2.5913262
17506 1.8543496
17607 0.915679
17706 -0.00522089
17807 -0.74798775
17908 -1.4203324
18008 -1.713016
18107 -1.9169421
18208 -1.9463716
18308 -1.9387648
18408 -1.7168202
18509 -0.7543831
18610 0.5246725
18710 1.4967299
18809 2.1855445
18910 2.6740432
19011 2.8309617
19111 2.7880845
19212 2.6709838
19311 2.5587568
19411 2.3993483
19511 1.8889685
19612 1.1950397
19712 0.38026524
19813 -0.36933374
19913 -1.1778374
20012 -1.845747
20113 -2.33499
20214 -2.5530972
20314 -2.6008375
20414 -2.5602262
20515 -2.5288858
20615 -2.464169
20715 -1.9203203
20816 -0.92769575
20916 0.040224075
21015 0.9703245
21115 1.7731123
21217 2.204122
21317 2.4995546
21417 2.6166167
21517 2.6626725
21618 2.6677542
21718 2.6582794
21818 2.6352553
21919 2.5357285
22018 1.9376502
22118 1.0008059
22203 0.16155338
22302 -0.7504406
22402 -1.677155
22503 -2.27227
22604 -2.3705375
22703 -2.35616
22804 -2.336759
22904 -2.3235095
23004 -2.3203342
23105 -2.1379228
23204 -1.6266334
23306 -0.7107878
23406 0.23742485
23506 0.9959345
23606 1.6985626
23707 2.21176
23807 2.4294753
23906 2.5061593
24007 2.5312858
24108 2.54638
24208 2.5485091
24308 2.4589386
24408 2.1370711
24509 1.4840889
24608 0.6440258
24709 -0.1634264
24810 -1.0585847
24909 -1.9421136
25009 -2.4257612
25110 -2.485108
25210 -2.4083722
25310 -2.2760057
25411 -2.1125035
25511 -1.9658248
25611 -1.6423256
25711 -0.81466484
25812 -0.019544125
25913 0.9171891
26012 1.6177278
26113 2.2108269
26213 2.5333548
26313 2.6260085
26413 2.6211982
26514 2.5817804
26614 2.520833
26714 2.4850912
26814 2.4181314
26915 1.8862824
27016 1.0044599
27115 0.20435667
27215 -0.4727726
27315 -1.1117454
27417 -1.4647026
27516 -1.8106275
27616 -1.988766
27717 -2.0866194
27817 -2.11059
27917 -2.100108
28018 -1.9749513
28118 -1.3452442
28218 -0.32963467
28318 0.4747181
28402 1.2072477
28502 1.8610764
28603 2.2804604
28703 2.449655
28804 2.503343
28903 2.5206022
29004 2.5233169
29105 2.5236306
29204 2.5018983
29304 2.0672708
29404 1.1340818
29505 0.12829256
29606 -0.7295003
29706 -1.4941216
29806 -2.1112711
29906 -2.402864
30007 -2.5361097
30107 -2.6018653
30207 -2.6406703
30307 -2.6330814
30407 -2.5279272
30508 -2.0103488
30608 -0.7369938
30708 0.2680483
30808 1.0005579
30909 1.7304392
31009 2.0332022
31110 2.2607546
31209 2.349813
31310 2.3686142
31410 2.3709831
31510 2.3572664
31610 2.323289
31711 2.2362313
31811 2.0034652
31911 1.286943
32012 0.38571262
32111 -0.5209017
32213 -1.4053025
32312 -2.0299275
32413 -2.1698606
32513 -2.1798139
32613 -2.1604443
32713 -2.1144166
32814 -2.0508397
32915 -1.7784138
33015 -1.0235741
33114 -0.39915657
33215 0.31036472
33315 1.1020355
33415 1.8982077
33515 2.369452
33616 2.6455994
33717 2.7259712
33817 2.7506037
33917 2.7532616
34018 2.7014418
34118 2.531363
34218 2.2645445
34318 1.6416435
34418 0.9192405
34519 0.13849163
34618 -0.7261944
34719 -1.6157298
34802 -2.182446
34902 -2.3892794
35003 -2.517839
35103 -2.372972
35204 -2.230022
35304 -2.1227243
35405 -1.926944
35504 -1.45279
35604 -0.560689
35705 0.47002363
35805 1.223916
35906 1.7796226
36005 2.0996666
36106 2.2807593
36207 2.3527617
36307 2.4081216
36407 2.4263105
36508 2.419889
36607 2.3613424
36707 2.2959266
36808 2.2692556
36909 1.7646499
37009 0.7663412
37108 -0.2826109
37208 -0.9587765
37310 -1.7446334
37409 -2.1310248
37510 -2.2718356
37611 -2.345922
37711 -2.349881
37811 -2.3521817
37910 -2.3282037
38011 -1.6490371
38111 -0.7498255
38211 0.0069947243
38311 0.8129358
38413 1.9609108
38513 2.1756134
38612 2.3845916
38712 2.4633589
38813 2.4814653
38913 2.48034
39013 2.4743586
39114 2.46346
39215 2.4525757
39314 2.422091
39415 2.3278284
39515 1.9773393
39616 0.93625164
39715 -0.14078474
39815 -1.0185928
39915 -1.5531235
40017 -2.0341191
40116 -2.1697335
40217 -2.16998
40317 -2.103936
40418 -2.0300016
40517 -1.9146907
40618 -1.6943631
40719 -0.9095812
40819 0.10457802
40919 0.883163
41002 1.4744596
41102 1.910955
41203 2.091558
41303 2.1180763
41404 2.091134
41503 2.051468
41604 2.0352526
41705 2.0104089
41804 1.5600953
41904 0.36235905
42005 -0.744153
42106 -1.4459229
42206 -1.9500303
42306 -2.2418923
42406 -2.4416833
42507 -2.7423882
42607 -2.7814012
42707 -2.7740972
42808 -2.7168918
42908 -2.5749328
43008 -2.1519952
43109 -1.1447315
43208 -0.101014614
43309 1.0019727
43409 1.6406898
43509 2.2407846
43609 2.406209
43710 2.4684439
43809 2.4584923
43911 2.4180427
44010 2.3937187
44111 2.372715
44211 2.0936813
44312 0.99464846
44412 -0.039308548
44511 -0.8591609
44612 -1.3768153
44713 -1.8014398
44813 -1.9741921
44913 -2.0151467
45014 -1.9938023
45114 -1.9310527
45213 -1.8532076
45313 -1.7582524
45415 -1.6254184
45515 -1.3904502
45615 -0.6605158
45715 0.1361537
45816 0.99307775
45916 1.7243233
46016 2.273542
46116 2.5599685
46217 2.6786675
46316 2.692687
46417 2.6989975
46518 2.7028985
46618 2.723567
46717 2.7172227
46818 2.4707174
46919 1.9093499
47019 1.0124993
47119 0.0077810287
47202 -0.8051672
47302 -1.4579659
47402 -1.7089496
47503 -1.7786946
47604 -1.7462459
47704 -1.6645455
47804 -1.5776248
47905 -1.5215554
48005 -1.4967301
48105 -1.0788848
48205 0.0817523
48306 1.0299349
48405 1.5217247
48506 1.8955393
48606 2.295844
48706 2.6955857
48807 2.9974594
48906 3.0781403
49008 3.0942335
49107 3.037593
49208 2.7877035
49308 1.9223733
49409 0.95275354
49509 0.14674377
49609 -0.6866026
49709 -1.3902123
49810 -2.0410523
49910 -2.6594243
50010 -3.0197122
50111 -2.9456553
50210 -2.6117387
50310 -2.2808232
50411 -1.7562747
50511 -1.2064598
50612 -0.65051556
50712 -0.106491566
50812 0.43911743
50912 1.0332141
51012 1.6520538
51113 2.0069075
51214 2.2135558
51314 2.3714347
51414 2.4670234
51513 2.5201592
51615 2.5038328
51714 2.257267
51815 1.3855448
51915 0.70024014
52015 0.09411192
52116 -0.2561655
52216 -0.9066191
52317 -1.4026527
52417 -1.9961109
52517 -2.394039
52617 -2.5837262
53603 2.2176757
53703 2.4756556
53804 2.5157294
53903 2.3664918
54004 1.9480476
54104 1.2474751
54205 0.49293518
54304 -0.31499577
54404 -0.9374771
54505 -1.6353321
54606 -2.163241
54706 -2.4774208
54807 -2.6158886
54906 -2.5847187
55007 -2.281632
55107 -1.6293316
55207 -0.9385805
55307 -0.3192954
55408 0.28534174
55508 0.97069216
55608 1.625205
55709 2.0767164
55809 2.2730951
55909 2.3581634
56009 2.358738
56327 1.245614
56427 0.39496946
56527 -0.47165108
56627 -1.3159833
56728 -2.0663648
56828 -2.447046
56928 -2.6948667
57028 -3.2422743
57128 -3.0869784
57229 -2.5671177
57330 -1.682569
57429 -0.67150545
57530 0.18979931
57631 1.1585236
57731 1.9267869
57831 2.3392973
57932 2.8441496
58031 3.1786795
58132 3.2425375
58232 3.131999
58332 2.7420073
58433 1.8464394
58533 0.98081064
58633 0.036099434
58734 -0.9175625
58834 -1.8822701
58934 -2.5510447
59034 -2.9813375
59134 -3.1931043
59234 -3.238476
59334 -2.9288235
59435 -2.352261
59536 -1.3132076
59636 -0.40561485
59736 0.38197613
59837 1.1187887
59937 1.8471766
60037 2.5117278
60137 2.9415078
60238 3.1891403
60337 3.2904625
60437 3.2498837
60538 3.0362282
60638 2.4338822
60739 1.5283899
60839 0.4028616
60922 -0.53221464
61022 -1.3033504
61123 -2.310497
61224 -3.3280404
61324 -3.5186272
61424 -3.6073031
61523 -3.411136
61625 -2.7205307
61725 -1.6239953
61824 -0.20319843
61925 0.7982521
62026 1.8583541
62126 2.522606
62226 2.8101144
62327 2.996436
62427 3.1297112
62527 3.147459
62628 3.0625172
62727 2.5859733
62827 1.4696417
62928 0.43009663
63028 -0.46506786
63129 -1.3599324
63228 -2.1527467
63329 -2.896027
63429 -3.3231487
63529 -3.7099786
63630 -3.7086594
63730 -2.7785003
63831 -1.7922306
63930 -0.9437351
64031 -0.10248518
64131 0.68374157
64232 1.380723
64332 2.1900263
64432 2.7922754
64532 2.9274
64632 2.7786422
64733 2.3459272
64833 1.4427743
64932 0.6753893
65034 -0.3755827
65134 -1.3636487
65233 -2.2069159
65334 -2.9933357
65434 -3.586586
65534 -3.9165163
65635 -3.725744
65735 -2.9823394
65835 -2.1784997
65936 -1.3634942
66035 -0.54241085
66136 0.21845484
66237 1.5387726
66337 2.2613893
66438 2.87465
66538 3.1162252
66638 3.1836348
66738 3.0887356
66838 2.9000459
66938 2.4430642
67039 1.7449732
67122 0.9422078
67222 -0.14267826
67322 -0.8921633
67423 -1.5839133
67524 -2.3371437
67624 -2.6486185
67723 -2.7583282
67824 -2.7924094
67924 -2.7017267
68025 -2.357246
68125 -1.3916664
68226 -0.54695225
68326 0.22737026
68425 1.0369577
68526 1.7769446
68627 2.2880945
68727 2.6848617
68827 2.8472967
68926 2.8847709
69028 2.8628082
69128 2.6121964
69227 1.9573426
69329 1.2061915
69429 0.30509233
69529 -0.6036353
69629 -1.4282722
69729 -2.1577973
69829 -2.485311
69930 -2.6504433
70030 -2.6584039
70131 -2.643981
70231 -2.532192
70331 -1.6939647
70431 -0.6908698
70532 0.19153786
70631 1.0453978
70732 1.7385788
70833 2.3619895
70932 2.7186165
71032 2.8824959
71132 2.9555922
71233 2.9984374
71334 2.9502306
71434 2.3998747
71534 1.7129011
71634 0.9589968
71734 0.06602812
71835 -0.7045746
71935 -1.6052902
72036 -2.3938482
72136 -2.8059583
72236 -2.8855784
72336 -2.9296203
72436 -2.9382076
72536 -2.7524812
72637 -1.9376082
72738 -1.1205387
72838 -0.06820774
72938 0.7323098
73038 1.5935669
73138 2.403482
73239 2.9848876
73338 3.3823957
73422 3.5375385
73523 3.586402
73622 3.5232744
73723 3.3222609
73823 2.7316027
73924 1.7555933
74023 0.80549717
74125 0.0911417
74225 -0.7886057
74325 -1.7354984
74425 -2.4800162
74526 -2.8654392
74625 -3.1169825
74726 -3.0890882
74826 -2.8330762
74927 -2.2315576
