37 -1.6469417
137 0.31271505
238 1.5839524
336 2.4447403
438 2.3881927
537 3.1415663
638 3.4425945
737 3.3466368
838 3.2016058
938 2.000886
1039 0.778708
1139 -0.13430071
1239 -1.5319355
1340 -2.749042
1439 -3.577763
1540 -4.168823
1639 -4.3067904
1740 -4.1824546
1840 -3.4601746
1940 -2.4507442
2040 -1.4028015
2140 0.97895527
2241 1.1365623
2340 2.2005615
2441 3.5690546
2541 3.717638
2641 3.906827
2741 3.910534
2841 3.8415565
2941 3.2951832
3041 2.9487433
3141 2.071209
3242 0.9624758
3342 0.41668034
3442 -0.75149107
3542 -1.8572097
3642 -2.482241
3743 -2.8096874
3846 -2.794154
3943 -2.5670428
4045 -1.3445792
4143 -0.38529873
4243 0.5886936
4344 1.5195746
4445 2.7734613
4544 3.260415
4644 3.8950157
4744 4.0978994
4844 4.0146084
4945 3.9204588
5045 3.2175436
5145 2.6821365
5245 1.4604063
5345 0.58765316
5446 -0.22964573
5545 -1.3483334
5646 -2.3345208
5746 -2.8122537
5846 -2.9957752
5946 -2.9266703
6046 -2.487747
6146 -1.2655232
6247 -0.26870298
6347 0.64009
6447 1.6795411
6547 2.923153
6647 3.6216946
6747 4.5703526
6847 4.6603336
6948 4.6389227
7048 4.1859303
7151 3.2930202
7248 1.8643274
7349 0.7367983
7448 0.210742
7548 -0.81319475
7648 -1.9076369
7749 -2.6091633
7849 -2.9321141
7949 -3.027149
8049 -2.9012418
8367 0.34922504
8468 2.3621569
8567 3.4024553
8667 4.4549084
8767 4.9031744
8868 5.0
8968 4.7505207
9068 4.249172
9167 3.277008
9268 2.079136
9367 0.7332716
9468 0.025241852
9570 -1.2220047
9668 -1.7604098
9769 -2.4607348
9869 -2.7246287
9969 -2.8421006
10069 -2.9685493
10169 -2.5722466
10269 -1.7215123
10370 -0.74628973
10472 0.39303064
10571 2.0699844
10670 3.0174828
10771 3.739025
10871 3.9651852
10971 3.9388933
11071 3.5007954
11171 2.952052
11272 1.5950303
11376 0.5044861
11472 -0.7376261
11572 -2.0251257
11672 -2.7677362
11772 -3.4406843
11873 -2.4377584
11972 -2.2785287
12073 -2.128722
12172 -1.5487938
12274 -1.377645
12373 -0.2571888
12473 0.7521038
12573 1.3478584
12674 2.832007
12774 3.4968548
12874 3.4972782
12974 3.3493805
13074 3.0086002
13175 2.1713052
13274 1.338748
13374 -0.46921253
13475 -2.6005185
13576 -3.8592668
13675 -4.0802155
13776 -4.302156
13876 -4.195693
13976 -3.8609471
14075 -2.235352
14176 -0.35643673
14276 0.6681528
14376 1.5354881
14477 2.1536703
14576 2.619175
14678 2.9209394
14777 3.0475101
14877 3.0705547
14978 3.0088062
15077 2.798468
15177 2.1405745
15278 0.8292217
15378 -0.79067326
15478 -2.551889
15579 -3.5062718
15679 -3.801235
15780 -3.815836
15879 -3.6773937
15980 -3.1057484
16064 -2.368625
16179 -0.8266783
16280 0.13524723
16363 0.6111083
16464 1.548729
16563 2.044805
16663 2.497538
16763 2.7868643
16864 2.9612312
16964 2.9618163
17064 2.9247627
17165 2.5905814
17265 1.7889662
17365 0.9919486
17465 0.22400665
17566 -1.1977284
17665 -2.6750457
17766 -3.665466
17866 -4.3306503
17966 -4.598026
18067 -4.6080656
18167 -4.404687
18268 -3.8361158
18367 -2.8339846
18467 -1.5029438
18567 -0.33970833
18667 0.69360495
18767 1.3283286
18868 2.0252433
18968 2.505494
19067 2.8354025
19170 3.034996
19268 3.0410366
19369 2.9697762
19468 2.833725
19568 2.3840065
19669 1.7827959
19769 0.985703
19869 -0.16258955
19969 -1.4874527
20070 -2.5419583
20169 -3.197602
20271 -3.6500309
20370 -3.922359
20471 -3.9734485
20570 -3.9517453
20671 -3.6978486
20770 -2.5254974
20872 -1.5156617
20971 -0.25488234
21070 0.6942892
21174 1.618537
21271 2.3411245
21372 2.7379332
21472 3.0730495
21572 3.2593098
21672 3.3282976
21772 3.2500496
21872 2.903376
21972 2.4947977
22072 1.5908165
22172 0.7739172
22274 -0.38743734
22372 -1.8244007
22474 -2.8661075
22573 -3.4660792
22674 -3.8034713
22774 -3.8360395
22874 -3.7770448
22974 -3.2975173
23074 -1.6975265
23174 -0.14325047
23275 0.8429942
23375 1.636528
23475 2.1691499
23575 2.571519
23675 3.002903
23776 3.2770882
23875 3.3983593
23976 3.4039078
24075 3.3372068
24410 1.9401293
24512 0.8889165
24610 0.019266129
24710 -1.3086231
24810 -2.1151314
24910 -2.7779186
25011 -3.170671
25111 -3.5992513
25211 -3.7423074
25311 -3.5544076
25412 -3.0077012
25512 -2.3423448
25612 -1.5147843
25712 -0.32382202
25813 0.8521452
25913 1.6478453
26013 2.1996946
26113 2.799521
26212 3.0997505
26312 3.2624063
26413 3.3408442
26515 3.3623352
26613 3.360303
26714 3.3217802
26814 3.1950254
26914 3.0160751
27014 2.4392142
27114 1.6259522
27215 0.477952
27314 -1.1670532
27414 -2.4974797
27515 -3.1677785
27617 -3.3476446
27714 -3.6246567
27815 -3.6415818
27916 -3.579587
28016 -3.2129054
28115 -2.7432017
28216 -1.8474269
28316 -0.67817736
28416 0.54830074
28518 1.3941565
28617 2.1164026
28718 2.6478424
28817 2.9839363
28918 3.1191902
29017 3.1376228
29118 3.1354609
29217 3.0866737
29318 2.899888
29418 2.3189383
29518 1.5939913
29619 0.19824266
29718 -1.0015101
29819 -2.179604
29919 -3.02453
30019 -3.6100945
30119 -3.8396974
30219 -3.8460884
30320 -3.6543229
30419 -3.0407226
30520 -1.3216629
30619 0.07538986
30720 1.0832119
30804 1.6939917
30905 2.3709502
31004 2.6303864
31121 2.8703055
31204 2.9417405
31321 2.9782038
31406 2.9807978
31505 2.9377837
31606 2.5393052
31704 1.95401
31806 1.3888412
31905 0.7939215
32005 -0.30834293
32105 -1.408175
32206 -2.0109887
32306 -2.7001336
32406 -3.1364055
32508 -3.3040605
32607 -3.3153863
32708 -3.226258
32807 -2.7363093
32908 -1.8953805
33007 -1.0847499
33108 -0.08159304
33208 0.62099934
33308 1.3794689
33409 1.9606323
33509 2.2555494
33609 2.631559
33708 2.7948837
33809 2.907958
33909 2.932283
34009 2.9329567
34110 2.9226508
34209 2.8069258
34310 2.4424562
34409 1.9169655
34511 0.89972734
34610 -0.27663136
34710 -1.7884393
34810 -2.6459908
34910 -3.2116
35010 -3.536325
35111 -3.7761035
35210 -3.7646217
35311 -3.6591687
35410 -3.3445468
35512 -2.914128
35612 -1.7834172
35711 -0.60612774
35813 0.43175364
35912 1.2686124
36013 1.8802009
36113 2.4611373
36213 2.7120485
36313 2.8292055
36413 2.903554
36514 2.9409819
36613 2.9455047
36713 2.9456587
36813 2.9449387
36914 2.9139762
37013 2.6598358
37114 2.045555
37216 1.2201915
37314 -0.09221697
37414 -1.5371425
37515 -2.262112
37614 -2.8856091
37715 -3.251702
37816 -3.3667383
37915 -3.372747
38016 -3.1999047
38115 -2.818802
38215 -2.424107
38316 -1.5183125
38416 -0.2753353
38518 0.43489456
38617 1.2630315
38717 1.849122
38818 2.317212
38917 2.5534887
39017 2.6188178
39117 2.644744
39218 2.654512
39318 2.651548
39418 2.5896301
39517 2.3974862
39619 2.032823
39718 1.5336151
39819 0.20519543
39919 -0.98342705
40018 -2.2235484
40119 -3.0941348
40436 -3.1387868
40536 -2.6448874
40637 -1.7642353
40737 -0.1955924
40837 1.0904856
40937 1.8824158
41037 2.2951407
41138 2.5803285
41237 2.6681242
41337 2.72406
41438 2.78795
41538 2.8137307
41639 2.7831335
41738 2.7462945
41839 2.553958
41938 1.9883089
42038 0.85584116
42139 0.0981884
42239 -0.9701829
42342 -2.122693
42439 -2.841842
42540 -3.1019528
42640 -3.2177184
42740 -3.2339308
42839 -3.2047892
42940 -3.0372777
43040 -2.1945515
43141 -0.6805558
43240 0.4042697
43341 1.3751974
43441 2.1464586
43541 2.505887
43642 2.6393151
43742 2.6868834
43842 2.7014933
43943 2.6988134
44042 2.6611152
44142 2.5690918
44242 2.382721
44342 2.1962214
44442 2.063573
44543 1.5526376
44643 0.13519382
44744 -1.3707974
44844 -2.7452931
44943 -3.4146762
45044 -3.630154
45144 -3.6348834
45244 -3.6282656
45344 -3.5737996
45444 -3.150869
45545 -1.9627461
45646 -0.61333513
45745 0.3923192
45845 1.0983891
45946 1.8049212
46046 2.2261477
46146 2.6082535
46246 2.8928843
46345 2.969912
46446 2.931651
46530 2.8288088
46630 2.4930038
46747 1.4008994
46830 0.8489008
46931 -0.08557415
47030 -1.8450418
47148 -2.073903
47230 -2.54067
47331 -2.8720043
47431 -2.954568
47532 -2.9509773
47631 -2.7653937
47731 -2.5305653
47831 -1.0613103
47932 -0.25077915
48032 0.77134895
48132 1.8445015
48232 2.6523466
48332 3.243082
48433 3.567484
48534 3.663906
48634 3.7081747
48735 3.665618
48833 3.4090137
48934 2.411189
49033 1.6787872
49134 0.30823088
49234 -0.90204954
49335 -2.0069087
49434 -2.5921893
49535 -3.0219762
49635 -3.5221798
49735 -3.5924633
49836 -3.3666902
49935 -2.6786299
50035 -1.565232
50136 -0.38127327
50235 0.33756542
50335 1.0992336
50436 1.9590926
50536 2.6419816
50636 2.9992614
50737 3.2206135
50836 3.3146973
50937 3.3398695
51037 3.2781897
51138 3.014925
51237 2.2067041
51337 1.2883215
51440 -0.24495745
51538 -1.4744754
51639 -2.083671
51738 -2.6297395
51840 -3.2941883
51939 -3.6385627
52038 -4.1921487
52139 -3.1797624
52239 -2.666176
52339 -1.0694871
52439 0.084168434
52539 1.0499506
52639 2.0612564
52741 2.850749
52840 3.3264065
52940 3.5549374
53040 3.621972
53140 3.605299
53241 3.4367914
53341 3.079671
53440 2.144311
53541 0.7190747
53642 -0.595768
53741 -1.834207
53842 -2.5560515
53941 -3.1534894
54042 -3.5260444
54142 -3.4868731
54242 -2.8384109
54342 -1.3925102
54443 -0.10034466
54544 1.0123696
54643 1.758193
54744 2.6241255
54843 3.1681957
54944 3.4389477
55043 3.415946
55144 3.129178
55244 2.5711594
55344 1.7192664
55444 0.6049528
55546 -0.6546011
55646 -2.0420394
55745 -2.9119406
56345 0.46046972
56446 1.1931219
56546 2.05157
56646 2.9702148
56747 3.8348818
56846 4.17309
56947 4.186533
57047 3.5788898
57148 2.9651465
57247 2.117589
57347 0.9229574
57448 -0.506577
57548 -1.891578
57648 -2.6499949
57748 -3.0028253
57849 -3.0912127
57948 -3.0395083
58049 -2.6592414
58149 -1.8690295
58248 -0.7580013
58349 0.32042217
58449 1.0769739
58551 1.9759393
58649 2.6283813
58751 3.0221958
58850 3.224906
58951 3.248125
59050 3.0859356
59150 2.6547518
59250 1.8181372
59351 0.6267519
59451 -0.69805765
59551 -1.9705186
59652 -2.799068
59751 -3.1710062
59852 -3.2764223
59952 -3.2059474
60052 -2.8373935
60151 -1.6770759
60253 -0.0858407
60352 0.95926
60452 2.015036
60554 2.9067245
60654 3.526455
60753 3.7091074
60853 3.7370262
60953 3.6219635
61054 3.2287893
61153 2.3463478
61254 1.2898421
61354 -0.09880543
61454 -1.5976913
61554 -2.6481438
61654 -3.5877457
61754 -3.9396114
61855 -4.203205
61955 -4.022031
62055 -3.8263037
62139 -3.0016146
62255 -1.2469716
62341 -0.24612856
62439 0.84162617
62540 1.8834648
62639 2.960599
62740 3.5323715
62840 3.908536
62940 3.9810715
63040 3.940877
63140 3.64052
63240 2.9444747
63340 2.0601912
63442 1.0486169
63541 0.069179535
63641 -1.2733116
63742 -2.4728541
63842 -3.305586
63941 -3.9102426
64042 -4.0246215
64142 -3.8222446
64243 -2.8347087
64343 -1.3789196
64442 -0.019360542
64542 1.3632808
64642 2.5509086
64744 3.3210163
64843 3.709858
64943 3.737894
65044 3.51577
65143 2.963015
65245 1.7962899
65345 0.61972904
65444 -0.8606944
65544 -2.1678677
65645 -2.8547711
65745 -3.5373366
65846 -4.128704
65945 -4.4741654
66046 -4.1317043
66145 -3.4224963
66246 -2.060559
66346 -0.677402
66446 0.6799593
66547 1.7473288
66646 2.717883
66747 3.3129597
66847 3.6619177
66946 3.7718897
67047 3.6048365
67147 3.0254211
67249 1.9565101
67348 0.7084136
67448 -0.84847975
67547 -2.2909255
67649 -3.1282372
67748 -3.911892
67849 -4.3699822
67948 -4.336798
68049 -3.794844
68149 -2.3558252
68248 -1.072551
68349 0.37285137
68449 1.5493827
68549 2.687509
68649 3.1491375
68749 3.3088017
68850 3.314272
68950 3.1935482
69050 2.8467011
69150 2.04878
69250 0.8728008
69350 -0.28631496
69452 -1.9973407
69552 -2.8726451
69651 -3.3663456
69751 -3.4938855
69853 -3.8163214
69951 -4.067197
70052 -3.9452977
70151 -2.4574254
70252 -0.82693386
70353 0.80466795
70452 2.0057945
70554 3.0203543
70653 3.5540485
70753 3.8022766
70853 3.7612877
70953 3.4688158
71054 2.996007
71153 2.2808342
71255 1.2763467
71353 0.106369495
71455 -1.5519872
71554 -2.5796454
71655 -3.51704
71755 -3.961236
71854 -4.1410413
71954 -3.5980582
72055 -2.8477464
72155 -1.5120976
72255 -0.55719185
72356 0.43008327
72455 1.507554
72556 2.5531106
72656 3.380455
72757 3.7910223
72856 3.8640728
72957 3.8442574
73056 3.7043324
73156 3.367794
73257 2.2442179
73357 0.8806386
73458 -0.5642395
73558 -2.0324204
73658 -3.0379803
73758 -4.0021205
73859 -4.4947877
73958 -5.0
74058 -5.0
74159 -3.9517138
74258 -2.6720836
74361 -1.1898372
74459 0.12062168
74544 1.1672974
74643 2.0940948
74759 2.8685966
74843 3.3341064
74960 3.5311556
