4 0.0
105 0.0
205 0.0
305 0.0
405 0.0
505 0.0
606 0.0
706 0.0
806 0.0
906 0.0
1006 0.0
1106 0.0
1206 0.0
1307 0.0
1407 0.0
1507 0.0
1607 0.0
1707 0.0
1807 0.0
1908 0.0
2008 0.0
2108 0.0
2208 0.0
2308 0.0
2408 0.0
2508 0.0
2610 0.0
2709 0.0
2809 0.0
2910 0.0
3010 0.0
3110 0.0
3210 0.0
3310 0.0
3411 0.0
3510 0.0
3611 0.0
3711 0.0
3811 0.0
3912 0.0
4012 0.0
4112 0.0
4212 0.0
4312 0.0
4412 0.0
4512 0.0
4613 0.0
4713 0.0
4813 0.0
4913 0.0
5013 0.0
5113 0.0
5214 0.0
5313 0.0
5414 0.0
5514 0.0
5614 0.0
5715 0.0
5815 0.0
5915 0.0
6015 0.0
6115 0.0
6215 0.0
6316 0.0
6416 0.0
6515 0.0
6616 0.0
6715 0.0
6817 0.0
6916 0.0
7016 0.0
7116 0.0
7217 0.0
7317 0.0
7418 0.0
7518 0.0
7618 0.0
7718 0.0
7800 0.0
7900 0.0
8000 0.0
8100 0.0
8200 0.0
8300 0.0
8401 0.0
8502 0.0
8603 0.0
8703 0.0
8803 0.0
8903 0.0
9003 0.0
9104 0.0
9204 0.0
9304 0.0
9404 0.0
9504 0.0
9604 0.0
9704 0.0
9804 0.0
9905 0.0
10005 0.0
10105 0.0
10205 0.0
10305 0.0
10405 0.0
10506 0.0
10606 0.0
10706 0.0
10806 0.0
10906 0.0
11007 0.0
11106 0.0
11206 0.0
11307 0.0
11407 0.0
11507 0.0
11607 0.0
11707 0.0
11807 0.0
11908 0.0
12008 0.0
12108 0.0
12208 0.0
12309 0.0
12408 0.0
12509 0.0
12610 0.0
12709 0.0
12809 0.0
12910 0.0
13009 0.0
13110 0.0
13210 0.0
13310 0.0
13411 0.0
13510 0.0
13611 0.0
13711 0.0
13811 1.485405
13912 2.9699173
14011 4.2370024
14111 4.9273405
14212 5.0
14312 4.7225246
14412 3.7813902
14513 2.7153435
14613 1.4282951
14713 0.5905366
14813 -0.35079288
14913 -0.9134321
15013 -1.2345748
15114 -1.3807635
15214 -1.3850739
15314 -1.1436448
15413 -0.632813
15514 0.15308285
15615 1.033206
15714 1.6683235
15815 2.4076128
15915 3.366438
16014 3.6598759
16115 3.743657
16215 3.7085876
16316 3.5643177
16415 3.210496
16516 2.335898
16616 1.7192564
16716 0.9148555
16816 -0.20585299
16916 -0.99211025
17016 -1.7107697
17116 -2.2560914
17217 -2.61405
17317 -2.8334634
17417 -2.928534
17518 -2.9473054
17618 -2.867911
17717 -2.4768326
17800 -2.058647
17900 -1.1099803
18000 -0.1253624
18100 0.8908515
18200 1.7467079
18300 2.40792
18401 2.7901087
18502 2.9914103
18603 3.0616798
18703 3.0585566
18803 2.8685389
18903 2.475257
19003 1.5292101
19104 0.4855547
19204 -0.33169842
19304 -1.1240392
19404 -1.5142026
19504 -1.8768437
19604 -2.2240703
19705 -2.5009828
19804 -2.6354618
19905 -2.6918685
20005 -2.6843622
20105 -2.5155768
20205 -1.8368793
20305 -0.88955307
20405 0.17173052
20505 1.0630922
20606 1.7136855
20706 2.3870783
20807 2.8061132
20906 3.1756153
21006 3.5756073
21106 3.655981
21206 3.6355839
21307 3.320816
21407 2.5086203
21507 1.75913
21608 0.87929106
21707 0.02020502
21808 -0.6971617
21909 -1.4014077
22009 -1.7670205
22108 -2.0104716
22208 -2.189826
22309 -2.2495968
22408 -2.2555478
22508 -2.143084
22609 -1.7306602
22710 -1.072084
22809 -0.19424152
22909 0.7081785
23010 1.6473403
23109 2.3837342
23210 2.8915243
23310 3.271616
23410 3.4411926
23511 3.5125647
23610 3.4804087
23711 3.2184315
23812 2.7182322
23912 1.6384034
24011 0.66250277
24112 -0.37924576
24212 -1.4422164
24312 -2.0620217
24412 -2.587419
24513 -2.925362
24613 -3.0124173
24712 -3.0180097
24813 -2.960752
24913 -2.6741283
25013 -2.291256
25113 -1.739685
25214 -0.6678562
25313 0.289186
25414 1.241065
25514 1.9542971
25614 2.7022996
25715 3.080634
25814 3.3244686
25915 3.4726639
26015 3.540391
26115 3.5291805
26215 3.2969627
26316 2.2134886
26415 0.903584
26516 -0.17992496
26616 -1.2652023
26716 -1.8724515
26816 -2.3986976
26916 -2.7507439
27017 -2.9220855
27117 -2.9668193
27217 -2.9069598
27317 -2.6733952
27417 -2.3742278
27517 -1.8350263
27618 -0.9321985
27700 -0.018903732
27800 0.82135296
27900 1.4023294
28000 2.0974183
28100 2.594842
28200 2.8899355
28300 3.0654888
28402 3.1166134
28736 2.221826
28836 1.0205107
28936 0.01713419
29037 -0.84246016
29136 -1.4723358
29237 -1.9845614
29337 -2.1489275
29438 -2.1521928
29538 -2.0481896
29638 -1.923526
29737 -1.6521599
29838 -1.2143369
29938 -0.65720224
30038 0.028231144
30138 0.79939365
30238 1.3481321
30339 1.7340074
30439 2.1367035
30540 2.396708
30640 2.5797334
30740 2.7153459
30840 2.8203568
30939 2.8509316
31040 2.8297272
31141 2.543991
31240 1.634294
31341 0.7133336
31441 0.13495874
31541 -0.5974841
31641 -1.2723548
31741 -1.7079461
31841 -2.0164862
31942 -2.1746016
32042 -2.2326586
32141 -2.215225
32241 -2.0130095
32342 -1.5747895
32443 -0.976367
32543 -0.10898399
32643 0.76460934
32743 1.3410254
32843 1.717505
32943 1.903552
33044 2.0146308
33144 2.0534067
33244 2.0541945
33344 2.020495
33444 1.8591528
33544 1.4554558
33645 0.79129314
33745 -0.08975077
33844 -0.8143711
33927 -1.2449818
34027 -1.6681399
34127 -2.0600193
34227 -2.23945
34327 -2.2943625
34429 -2.3265493
34529 -2.3584905
34630 -2.3967338
34730 -2.3501334
34830 -1.7348142
34930 -0.8514633
35030 -0.14562416
35130 0.5018754
35230 1.0237737
35331 1.2910414
35431 1.5522842
35531 1.76793
35631 1.9574738
35731 2.073924
35831 2.129428
35932 2.1589675
36032 2.1795335
36132 2.169074
36232 1.4998536
36332 0.60843277
36432 -0.11914444
36532 -0.5470934
36632 -0.84293556
36733 -1.06815
36833 -1.2777762
36933 -1.4700863
37033 -1.6550517
37133 -1.7528834
37233 -1.7777507
37334 -1.7805214
37434 -1.7793651
37535 -1.6973851
37634 -1.4283745
37735 -0.76827097
37834 -0.011459827
37934 0.5642481
38034 1.1305323
38135 1.4235253
38235 1.6510673
38335 1.849402
38436 2.0988755
38535 2.2333155
38635 2.3098817
38736 2.349298
38836 2.3702407
38936 2.3220205
39036 1.4459677
39136 0.3441534
39237 -0.3497963
39337 -0.8473091
39437 -1.1964786
39537 -1.4466958
39638 -1.5061002
39738 -1.5129628
39838 -1.5121522
39938 -1.4123065
40038 -0.9865637
40139 -0.37407875
40238 0.39325047
40339 1.1358652
40439 1.6351824
40539 1.9844604
40639 2.1793342
40739 2.2978706
40839 2.3857894
40939 2.4260206
41040 2.4357896
41140 2.372326
41241 1.9012423
41341 0.85732555
41440 0.2875986
41541 -0.25567818
41641 -0.6367502
41741 -0.931345
41842 -1.2831349
41942 -1.5180583
42041 -1.6506786
42142 -1.7081146
42241 -1.6637893
42342 -1.4898236
42443 -1.0818093
42543 -0.73846626
42643 -0.0722208
42742 0.70534515
42843 1.3500571
42943 1.8304458
43043 2.1500573
43144 2.2910552
43244 2.372386
43343 2.4020247
43444 2.417952
43544 2.3931527
43645 2.0809326
43744 1.2054324
43827 0.52046156
43927 -0.16804886
44027 -0.7204585
44127 -1.0535362
44227 -1.4488735
44327 -1.6047268
44429 -1.718504
44529 -1.7642169
44630 -1.7871189
44730 -1.791698
44830 -1.7478118
44930 -1.2395
45030 -0.39331007
45130 0.5311823
45230 1.2230253
45331 1.915904
45431 2.2965012
45531 2.4759355
45631 2.5463362
45731 2.6018457
45831 2.6487489
45931 2.6420226
46032 2.4282904
46132 1.7453756
46232 0.6732974
46332 -0.0947752
46432 -0.6040902
46532 -0.9198046
46632 -1.126859
46733 -1.314157
46833 -1.4394543
46933 -1.5193107
47033 -1.5426242
47133 -1.4709916
47233 -1.3074012
47334 -0.775403
47434 -0.17852688
47534 0.45506477
47634 1.0382967
47734 1.4345007
47834 1.7167025
47935 1.9121461
48035 2.0854073
48136 2.2433677
48235 2.4203935
48336 2.4716172
48436 2.3966446
48536 2.152401
48637 1.3561459
48737 0.34255457
48837 -0.17702436
48937 -0.6917629
49037 -1.1753285
49136 -1.613409
49237 -1.8941107
49338 -1.9774277
49437 -2.0024188
49537 -1.9383998
49637 -1.4887516
49738 -0.47663784
49838 0.60891676
49939 1.3961306
50038 2.001433
50139 2.4038682
50239 2.6476355
50339 2.7150679
50439 2.74471
50539 2.737442
50640 2.6957827
50739 2.3101473
50840 1.507637
50940 0.5557184
51040 -0.18341208
51140 -0.8065195
51241 -1.2344613
51341 -1.6726604
51441 -1.9147344
51540 -1.9551876
51641 -1.8654039
51741 -1.529351
51842 -0.96594095
51941 -0.2922945
52042 0.3416376
52142 0.83243465
52242 1.17801
52342 1.5375605
52443 1.8546691
52543 2.1456618
52642 2.3406172
52743 2.4216547
52843 2.2950616
52943 1.7237105
53044 0.73452663
53143 -0.051847935
53243 -0.6507788
53343 -1.1453514
53444 -1.3733897
53544 -1.4501457
53644 -1.4002426
53744 -1.1255698
53827 -0.72597027
53927 -0.11485577
54028 0.45209885
54127 0.9557543
54227 1.4427032
54327 1.6912637
54429 1.7918754
54529 1.8023505
54630 1.7068872
54730 1.0955272
54830 0.454607
54930 -0.19232464
55030 -0.5208621
55130 -0.77142906
55230 -0.9178834
55331 -0.973536
55431 -0.97000647
55782 -0.24576092
55881 0.12629509
55982 0.5072355
56082 0.895957
56182 1.2625914
56283 1.6983652
56382 2.0606093
56482 2.3148017
56582 2.4433112
56683 2.5100393
56783 2.4137154
56883 1.9208999
56983 1.1908846
57084 0.19431019
57183 -0.5317955
57284 -0.8771534
57384 -1.0655053
57484 -1.1606879
57584 -1.2062562
57684 -1.2089984
57784 -1.1538658
57884 -0.95008516
57985 -0.3054576
58085 0.50750494
58186 1.3867497
58285 2.020584
58385 2.2896528
58468 2.3999581
58568 2.4717293
58668 2.489234
58768 2.4828248
58868 2.4201188
58968 2.136911
59069 1.3799415
59170 0.20213318
59271 -0.59003925
59371 -1.3904634
59471 -1.8921216
59571 -2.1515496
59671 -2.235686
59771 -2.311598
59872 -2.3190753
59972 -2.0267224
60072 -1.145263
60172 -0.2866726
60272 0.5997448
60372 1.3052917
60472 1.7856855
60572 1.964653
60673 2.0264497
60773 1.9666686
60873 1.7112646
60973 1.1617618
61073 0.55948496
61173 -0.057622433
61274 -0.5768328
61374 -1.0208812
61474 -1.1567445
61574 -1.2214439
61674 -1.2177653
61774 -1.0693462
61875 -0.36241627
61975 0.32403517
62075 0.73066044
62175 1.0604486
62275 1.3689256
62375 1.5141144
62475 1.5608635
62576 1.4870806
62676 1.0281162
62776 0.40008736
62876 -0.1978507
62976 -0.8569832
63076 -1.2684243
63176 -1.5111661
63278 -1.5433342
63378 -1.4944396
63477 -1.2803161
63578 -0.782207
63677 -0.21164608
63778 0.47170925
63879 0.9246402
63979 1.3768358
64079 1.7106643
64179 1.8587942
64279 1.8553839
64379 1.6072617
64480 1.0139728
64580 0.37498713
64680 -0.15413761
64779 -0.57788515
64880 -0.9021869
64980 -1.0547829
65080 -1.0966256
65181 -1.048919
65281 -0.79147863
65380 -0.25939322
65481 0.15133238
65581 0.56853485
65681 1.0010824
65781 1.3270316
65882 1.4974236
65982 1.5207686
66081 1.2688808
66182 0.63440037
66282 0.07811022
66382 -0.28337002
66482 -0.57370615
66583 -0.779305
66682 -0.88747644
66782 -0.8928442
66883 -0.6254759
66984 -0.060079575
67084 0.53752184
67184 1.2382021
67284 1.6690378
67384 1.9019766
67484 1.9416823
67584 1.8593574
67684 1.5627851
67784 0.8538556
67885 0.09288788
67984 -0.43297005
68085 -0.91282034
68186 -1.2428174
68286 -1.3696046
68386 -1.3702438
68468 -1.340157
68568 -1.15095
68668 -0.4380808
68769 0.28708553
68868 0.8401332
68970 1.3608913
69070 1.6216216
69170 1.6496801
69271 1.4747443
69371 1.0082817
69471 0.4787135
69571 -0.08997345
69671 -0.48442507
69771 -0.8039031
69872 -0.8894725
69972 -0.7536001
70072 -0.27345705
70172 0.18401861
70272 0.74540377
70372 1.1788149
70472 1.4501967
70573 1.6167641
70673 1.6632729
70773 1.6322222
70874 1.3762465
70973 0.68963146
71073 0.119987965
71173 -0.30988216
71274 -0.526701
71374 -0.626194
71474 -0.6118517
71574 -0.33414745
71674 0.21298075
71774 0.66327953
71875 1.0144496
71975 1.3300428
72075 1.5942292
72175 1.719378
72275 1.7675543
72376 1.7331467
72475 1.2994418
72576 0.68000364
72676 0.12421703
72993 -0.8330693
73093 -0.8217478
73193 -0.49362516
73294 0.056116104
73394 0.56090355
73494 1.0115166
73594 1.4104042
73694 1.7656274
73794 1.9130735
73895 1.9099822
73996 1.6786652
74096 1.0679183
74494 -0.61463785
74596 -0.73129225
74697 -0.76861095
74797 -0.7754326
74897 -0.70646524
74997 -0.34517765
