3 -2.786482
106 -3.1975262
206 -3.2284436
306 -3.086824
406 -2.0713127
506 -0.7990465
606 0.60560465
706 1.4256835
805 2.1010933
906 3.056427
1005 3.362545
1107 3.1196136
1205 2.2457323
1306 0.9066558
1406 0.108174324
1506 -0.52816486
1606 -1.1155257
1706 -1.8321328
1806 -2.249518
1906 -2.5055382
2007 -2.5469546
2109 -2.2384024
2209 -1.0144336
2309 -0.5100241
2407 0.625546
2507 1.6368852
2608 2.3522758
2708 3.5650291
2808 4.338129
2908 4.492674
3008 3.7850628
3111 2.42101
3211 0.9925771
3311 -0.19564438
3410 -1.0617523
3511 -2.040309
3611 -2.985191
3710 -3.047269
3811 -3.2402477
3911 -3.2749267
4012 -3.020119
4110 -1.1388354
4211 0.091573715
4312 1.2398825
4411 2.0267906
4512 2.5286741
4612 2.870874
4712 2.9971533
4812 2.8601732
4913 2.392044
5013 1.8067446
5112 0.6317892
5212 -0.27723122
5313 -1.0418153
5413 -1.5163414
5513 -2.0269933
5614 -2.3682346
5713 -2.3422115
5813 -1.9549656
5915 -1.0141258
6015 0.19161844
6114 0.9528203
6214 1.7622147
6314 2.6447883
6415 3.3705559
6515 3.7496176
6614 3.863864
6716 2.8543153
6816 1.4042969
6916 0.37220192
7016 -0.44802332
7117 -1.3293037
7217 -2.026674
7316 -2.5660455
7417 -3.07567
7516 -3.326037
7617 -4.143573
7717 -4.2654247
7818 -3.5200315
7917 -0.94904995
8018 0.11756277
8117 1.1984463
8218 1.911437
8317 2.4966583
8419 2.8137245
8519 2.9048195
8618 2.2110672
8718 0.7807636
8818 -0.24584866
8918 -0.88065434
9018 -1.6965241
9119 -2.022823
9203 -2.1270752
9302 -2.6730592
9403 -2.7229013
9503 -2.4477382
9603 -0.9879923
9703 -0.18029737
9803 1.2466516
9903 2.3551064
10006 2.8057199
10106 3.1583157
10206 3.2592478
10306 3.2422104
10404 2.3276176
10504 0.67824984
10605 -0.09688187
10705 -0.75428486
10805 -1.1348233
10905 -1.7036586
11005 -2.3178847
11105 -2.566355
11206 -2.8572936
11306 -2.635007
11409 -1.5957062
11506 -0.35691738
11606 0.9964256
11709 1.8555741
11809 2.6601496
11908 3.623476
12008 4.218294
12108 4.2900524
12209 3.4245644
12308 2.4183745
12408 1.8435698
12508 0.59580374
12608 -0.57180166
12708 -1.6929283
12808 -2.5172145
12908 -2.6786056
13008 -3.2667396
13108 -3.648529
13211 -3.7003193
13311 -2.5964863
13409 -1.6232533
13509 -0.6245203
13610 0.31828785
13710 1.1651168
13810 1.7054429
13911 2.0669327
14011 2.3853974
14111 2.6135077
14211 2.7939138
14312 2.8279266
14411 2.4763594
14512 0.9665098
14613 0.08526993
14713 -1.0714004
14812 -1.9425154
14912 -2.753628
15012 -3.2559087
15112 -3.499317
15214 -3.6565251
15313 -3.6208339
15413 -2.7476356
15513 -1.6188595
15613 -0.64343786
15713 0.47051334
15814 1.3574538
15914 1.9387908
16014 2.171876
16115 2.3848243
16215 2.5538511
16314 2.6253257
16415 2.6476302
16515 2.6565566
16615 2.6486716
16715 2.5519586
16815 2.4674277
16915 1.7897615
17016 0.60296774
17116 -0.5194602
17216 -1.5472856
17316 -2.1373081
17417 -2.8922868
17517 -3.4188612
17616 -3.5923562
17717 -3.5391803
17817 -3.4875774
17918 -3.4736052
18017 -3.4578915
18117 -3.2576745
18218 -2.4444354
18318 -1.6756496
18418 -0.7994833
18518 0.23911238
18618 1.2262273
18719 2.192556
18819 2.9414735
18919 3.5500813
19019 3.9402695
19103 4.1134357
19220 4.208376
19303 4.198477
19403 3.927761
19503 2.8033853
19603 1.8521576
19703 1.2397118
19804 0.6415801
19906 0.09930849
20004 -0.51106024
20104 -1.23634
20206 -1.7505596
20304 -2.374523
20404 -2.8681288
20505 -3.203577
20607 -3.3420954
20707 -3.317151
20807 -2.9343963
20906 -1.9992008
21007 -0.7923608
21106 0.19695997
21206 1.2101564
21308 2.0419188
21406 2.5309792
21506 2.8940783
21606 3.1054401
21709 3.1686487
21809 3.1365385
21909 2.252427
22009 0.63311243
22109 -0.76768017
22208 -1.4558883
22309 -2.2595522
22408 -2.6969304
22508 -2.9691997
22609 -3.129726
22708 -3.1367736
22808 -3.149478
22909 -3.1431541
23011 -2.0650525
23111 -0.89640903
23209 -0.19733286
23311 0.68716574
23410 1.673162
23510 2.536252
23611 3.1527605
23710 3.4672318
23812 3.5875149
23910 3.5944843
24011 3.572009
24112 3.4094362
24211 3.0825977
24311 1.5731115
24412 1.015233
24512 0.26861095
24612 -0.7237139
24712 -1.3239083
24812 -1.8691943
24912 -2.4218278
25013 -2.9172146
25112 -3.2442431
25213 -3.379449
25313 -3.295153
25414 -3.1010938
25513 -2.7621517
25614 -1.9128232
25714 -0.43036556
25814 0.4616971
25914 1.2883778
26014 2.1165276
26114 2.544158
26216 2.9301658
26314 3.4361286
26415 3.491148
26514 3.449376
26616 2.9388552
26716 2.0271873
26815 1.0978179
26916 0.22794628
27015 -0.94878435
27116 -1.868752
27216 -2.68566
27316 -3.3129652
27417 -3.7023475
27517 -4.1042647
27618 -4.215025
27718 -4.2569265
27818 -4.073334
27917 -2.3213158
28018 -0.94415283
28118 0.35040188
28218 1.4595337
28318 2.2247763
28418 2.7437525
28518 3.2194004
28619 3.2566862
28720 3.2643557
28819 3.268856
28920 3.263445
29003 2.8961577
29103 2.2087464
29203 1.459291
29303 0.29410267
29403 -0.8264904
29502 -1.5956414
29604 -2.3130593
29706 -2.871669
29806 -2.8470035
29904 -2.838408
30004 -4.482931
30104 -4.36918
30207 -4.257912
30306 -3.9710753
30405 -3.3743243
30505 -2.5147414
30605 -1.3549912
30705 0.064893246
30805 1.1678228
30906 2.075593
31006 2.873263
31106 3.508356
31206 3.9071293
31306 4.394064
31406 4.512581
31509 4.1140966
31609 3.243164
31709 2.4844522
31806 1.8665109
31909 1.1142149
32009 0.354002
32109 -0.7441063
32210 -1.534123
32308 -2.0629802
32408 -2.3740926
32508 -2.7629116
32608 -2.9165115
32708 -2.8669558
32809 -2.1746216
32911 -1.4089847
33011 -0.29361534
33109 0.61366177
33212 1.4992838
33309 2.2749567
33410 3.1200647
33511 3.693884
33612 4.2231216
33710 4.363511
33810 4.1206675
33911 3.7989845
34011 2.8376107
34111 1.955327
34211 0.78165674
34311 -0.42585468
34411 -1.5666404
34513 -2.330445
34612 -2.6245646
34712 -2.7345462
34813 -3.4003706
34912 -3.4543843
35013 -3.6918006
35112 -3.614634
35213 -3.584302
35314 -3.374131
35413 -2.0198236
35513 -1.1743062
35614 -0.56316185
35716 -0.11028671
35816 0.48145056
35914 1.0602126
36014 2.0340052
36114 2.948934
36215 3.619893
36315 4.1891327
36415 4.385748
36515 4.4892673
36615 4.406596
36715 3.4972706
36816 2.4833593
36916 1.6074014
37017 0.7707639
37116 0.0056352615
37217 -0.8461747
37316 -1.3448818
37417 -2.0597968
37517 -2.3230944
37616 -2.593712
37717 -2.8561234
37817 -3.0530255
37917 -3.0876074
38018 -2.7670822
38118 -2.1270857
38219 -1.7005486
38319 -0.79510784
38418 0.2996564
38519 1.102529
38618 1.7587919
38718 2.2372942
38803 2.599668
38903 3.088457
39002 3.4748783
39103 3.574625
39203 3.5325966
39303 2.6042151
39403 1.641253
39503 0.89420986
39603 -0.11235142
39703 -0.9858918
39806 -1.613744
39906 -2.070657
40004 -2.287284
40104 -2.5522587
40207 -2.9193797
40307 -3.2253554
40404 -3.0526576
40505 -2.652766
40605 -1.5599594
40705 -0.4178233
40806 0.36037016
40906 1.2102804
41005 1.9061112
41106 2.0771217
41206 2.3009977
41306 2.4600587
41406 2.4392805
41506 2.3563051
41609 2.2068262
41709 1.6675749
41809 0.0082407
41908 -1.3163509
42008 -2.3669984
42109 -2.8156638
42208 -3.0841997
42309 -3.3039365
42408 -3.3550563
42508 -3.422268
42609 -3.4111896
42709 -2.387261
42808 -1.0620823
42912 0.24435568
43009 0.98409224
43111 1.5719848
43211 2.056697
43312 2.5254555
43410 2.9325333
43510 3.138836
43611 3.2324667
43710 3.248829
43810 3.2175913
43911 3.0254288
44011 1.9447985
44113 0.9239874
44211 -0.2368269
44311 -1.0234299
44411 -1.4720788
44512 -1.9435811
44612 -2.550799
44712 -3.2056317
44813 -3.4608183
44914 -3.4914389
45012 -3.4945178
45115 -3.2781024
45214 -3.0603604
45314 -2.7140787
45415 -1.4939868
45515 -0.6237483
45615 0.92368317
45715 1.9298463
45814 2.2294059
45914 2.3457208
46014 2.4177542
46115 2.188161
46215 1.7878318
46314 1.7243958
46416 -0.019209385
46751 -2.627132
46833 -2.8888655
46932 -3.3826683
47033 -3.3574493
47133 -2.4413812
47233 -1.6091938
47333 -0.6349802
47434 1.0012751
47534 2.198619
47634 3.200179
47734 3.7354803
47834 3.9053822
47935 3.8042316
48034 3.0924473
48134 2.03618
48235 1.2160673
48335 0.026406288
48435 -0.8617201
48538 -1.5508308
48638 -2.4117215
48738 -3.123537
48838 -3.4882653
48938 -3.6343167
49038 -2.7919497
49138 -1.8794527
49238 -0.1615572
49338 1.1624074
49437 2.0175753
49537 2.729638
49637 3.2739925
49737 3.600316
49837 3.6159964
49938 3.2028313
50038 2.2281885
50138 1.3071122
50238 0.3282113
50340 -0.3354001
50439 -0.7925601
50539 -1.3747604
50639 -1.7952874
50739 -2.0533354
50840 -2.2325077
50939 -2.2629752
51039 -2.2421134
51139 -1.6488233
51240 -0.32506752
51340 1.0690575
51440 2.0677557
51542 2.6973734
51640 3.4129105
51741 3.7141552
51841 3.747713
51941 3.5278902
52041 2.9554648
52141 2.0463142
52242 0.9217901
52342 0.034935474
52442 -0.42667103
52542 -0.53381586
52642 -0.84681845
52744 -1.1181602
52843 -1.2007535
52943 -1.1923242
53027 -0.7779579
53127 0.59001446
53227 1.8852196
53327 2.7226133
53427 3.1449356
53527 3.44485
53626 3.6081886
53728 3.552806
53828 2.8962593
53928 1.9054847
54028 0.8792505
54128 -0.09845734
54228 -0.7851572
54329 -1.8383698
54429 -2.4242225
54529 -2.9449155
54629 -3.1987424
54729 -3.2140346
54829 -3.223593
54929 -2.6407905
55030 -1.4733987
55130 -0.561357
55230 0.30693245
55330 1.0461302
55430 1.6382513
55530 2.1319342
55633 2.6166053
55733 2.9571676
55833 3.1483107
55930 3.0495186
56248 -0.1592331
56349 -1.0932794
56449 -1.9179435
56549 -2.644345
56649 -3.008181
56749 -3.602794
56850 -3.4539394
56949 -2.9493165
57050 -2.1502364
57150 -1.0434456
57250 -0.18989515
57351 0.817996
57450 1.785038
57550 2.681056
57651 3.3355083
57751 4.007725
57852 4.293803
57953 4.1195936
58053 3.2010288
58152 1.8610435
58251 0.872488
58352 -0.36952734
58452 -1.1003118
58552 -1.923002
58652 -2.7941391
58754 -3.550977
58852 -3.8284957
58953 -3.8737094
59053 -3.8712575
59154 -3.0075803
59253 -1.334769
59354 -0.14210033
59454 0.87483215
59554 1.8522196
59654 2.6803827
59754 3.2817926
59854 3.5224934
59955 3.5488873
60055 3.0556202
60155 2.0819883
60257 1.0255094
60356 0.18749428
60455 -0.5817919
60555 -1.5082023
60656 -2.2436137
60739 -2.5446649
60839 -2.586669
60939 -3.1623423
61040 -3.4637284
61140 -3.2992918
61240 -1.7142429
61340 -0.1386013
61440 1.0122128
61540 1.9086504
61641 2.56465
61741 3.0895557
61841 3.641451
61941 4.1823645
62041 4.373514
62142 4.0241756
62242 2.8246498
62342 1.4759665
62442 0.4160614
62542 -0.33580542
62642 -1.0971179
62743 -1.9235225
62843 -2.2127237
62943 -2.6625092
63043 -2.817533
63143 -2.7985203
63243 -1.9351366
63343 -0.5042429
63446 0.3962469
63546 1.4204497
63646 2.1811996
63746 2.9189863
63846 3.4884605
63945 3.6842432
64046 3.8481045
64146 3.7768307
64245 2.9682379
64346 1.5758348
64449 -0.016845703
64546 -0.4316225
64646 -0.9151635
64749 -1.7734761
64849 -2.6676135
64948 -3.3003109
65048 -3.6816204
65148 -4.157627
65248 -3.3290143
65347 -1.4961133
65447 -0.43598986
65547 0.65374994
65647 1.5032401
65748 2.0578575
65849 2.5917854
65948 3.049717
66051 3.3509045
66148 3.515606
66251 3.2146215
66349 2.046504
66449 0.9130764
66549 -0.009394169
66649 -0.45597744
66749 -1.0982563
66850 -1.8246331
66950 -2.7329884
67050 -3.3429446
67151 -3.585334
67250 -3.339349
67351 -1.5388763
67450 -0.019673824
67551 1.1062908
67651 1.8958831
67751 2.3975916
67851 2.8108544
67951 3.197856
68052 3.2816753
68152 2.713482
68251 2.0098524
68353 1.3537183
68453 0.25157213
68553 -0.651134
68653 -1.2322469
68753 -2.0617213
68853 -2.7545326
68953 -3.372863
69053 -3.9299626
69154 -4.066325
69254 -3.3804991
69354 -2.0083892
69455 -1.1278222
69556 0.19467592
69655 1.3094649
69755 2.048593
69854 2.7117972
69955 3.1293058
70055 3.4545345
70155 3.563346
70256 3.2705402
70355 2.3823862
70455 1.4874125
70540 0.7673712
70640 -0.18610954
70740 -0.79559326
70840 -1.5152233
70940 -2.4667773
71040 -2.9248757
71140 -3.2008183
71240 -3.4022708
71341 -3.1609244
71441 -1.5708423
71541 -0.49066162
71641 0.89121294
71741 1.7372451
71841 2.2194948
71942 2.6793175
72042 3.0876064
72142 3.5006428
72242 3.7361326
72342 3.7235518
72442 2.6285295
72542 1.4045119
72643 0.298069
72743 -0.6355014
72843 -1.2992141
72943 -2.1765656
73046 -2.841474
73143 -3.5548053
73243 -3.9232311
73346 -3.7799554
73446 -2.8667958
73546 -1.8327687
73646 -0.5711088
73746 0.21163225
73846 0.673821
73945 1.3127975
74047 2.119391
74146 2.5084457
74246 2.93508
74346 2.972445
74446 2.724862
74546 2.0266352
74646 0.8586812
74746 -0.14692402
74846 -1.2825055
74947 -1.8837819
