83 -1.3891945
184 -1.5350022
284 -1.5779667
384 -1.579298
484 -1.5801082
585 -1.5783825
684 -1.5614254
785 -1.3777416
885 -0.783453
985 0.11757231
1085 0.9015622
1185 1.3956671
1286 1.7039275
1386 1.8642058
1486 1.9022217
1586 1.9103346
1686 1.8952789
1786 1.7173362
1886 1.0493512
1987 0.14696741
2086 -0.5070276
2187 -1.0139103
2287 -1.3560288
2387 -1.5147824
2487 -1.5296273
2588 -1.5274653
2687 -1.5180118
2771 -1.4686742
2871 -1.1998425
2971 -0.5313115
3071 0.15596914
3171 0.66993713
3271 1.0386701
3372 1.279069
3472 1.3941522
3572 1.4059515
3672 1.3393755
3773 0.8811426
3873 0.06393194
3973 -0.702446
4073 -1.2123046
4590 -1.6004283
4691 -1.3575001
5125 1.1281376
5225 1.4377022
5325 1.5897369
5425 1.6116209
5525 1.6022692
5626 1.5816665
5726 1.4092512
5826 0.8611784
5926 -0.0054326057
6026 -0.84098816
6126 -1.5057347
6227 -1.887553
6326 -2.0941114
6427 -2.1498168
6527 -2.147635
6627 -2.118215
6727 -1.919908
6828 -1.469801
6928 -0.6823139
7345 1.9807558
7446 2.0535583
7545 2.0516176
7645 2.0347114
7745 1.9894667
7846 1.619143
7946 0.18356752
8347 -3.0122552
8446 -3.0684512
8547 -3.0407298
8647 -2.8794692
8747 -2.546516
8847 -2.4227302
8947 -1.8485065
9315 1.7543249
9415 1.9647775
9515 2.018485
9615 1.9821577
9715 1.8313093
9816 0.828012
9915 -0.9260645
10015 -2.246216
10116 -3.0357933
10216 -3.2020583
10316 -3.0170863
10416 -2.6525166
10517 -2.0615811
10616 -0.87566614
10717 0.37665462
10817 1.0550447
10917 1.0595713
11017 0.053387642
11117 -1.7043774
11217 -3.2895725
11318 -3.7187026
11635 -0.06177044
11735 1.0764332
11835 1.6336069
12253 -0.7572756
12352 -2.065363
12453 -2.548979
12554 -2.5484447
12653 -2.0476832
12754 -0.8524947
12854 0.2673974
12954 0.92431545
13054 1.3505468
13154 1.4518685
13254 1.3958802
13354 1.1075616
13455 0.2365799
13555 -1.2601285
13654 -2.433281
13755 -3.015411
13855 -3.0087645
13955 -2.295681
14055 -0.87304544
14155 0.20745993
14256 0.80865335
14356 1.1194906
14456 1.1786175
14556 1.1849618
14657 1.1712122
14756 0.98870087
14857 0.13676739
14957 -0.9787793
15057 -1.833859
15157 -2.267616
15257 -2.443956
15357 -2.466162
15458 -2.3333788
15557 -1.8462167
15658 -0.86478996
15758 0.24745417
15859 1.0493398
15958 1.5299721
16058 1.7021751
16159 1.8383131
16259 1.9416518
16359 2.0027442
16459 2.0349517
16559 2.0380425
16659 1.2193594
16759 -0.58406925
16860 -1.8871107
16960 -2.5057168
17060 -2.6361167
17160 -2.633754
17260 -2.6062114
17361 -2.5523598
17461 -2.4206274
17544 -1.9528458
17644 -0.6610875
17744 0.25146675
17844 0.825829
17944 1.4157104
18044 1.98807
18144 2.315371
18245 2.5801544
18345 2.8914595
18446 2.9885736
18546 3.0290508
18646 3.0459576
18746 3.0506916
18846 2.649366
18946 0.93245745
19047 -0.35077572
19147 -1.1132226
19247 -1.409832
19347 -1.4848361
19447 -1.4840426
19547 -1.4707189
19865 -1.4167094
19965 -1.1119332
20065 0.19113636
20165 1.1335597
20265 1.7000351
20365 2.0072393
20766 2.1563654
20866 2.1598449
20966 2.1616836
21066 2.1630678
21166 2.160314
21266 2.1232238
21367 0.98681974
21467 -0.49651432
21567 -1.3277068
21667 -1.600785
21767 -1.5916977
21868 -1.495224
21967 -1.4645877
22068 -1.4629638
22168 -1.4604194
22268 -1.4000695
22368 -0.80354595
22719 2.2357302
22819 2.6520357
22919 2.7246923
23019 2.759735
23120 2.7623572
23220 2.7573037
23320 2.7509565
23420 2.7466993
23521 2.6916437
23620 1.558361
23720 0.27927303
23821 -0.48697567
23920 -0.79475737
24237 -0.862937
24338 -0.86031437
24438 -0.85918474
24538 -0.85834694
24638 -0.8576031
24739 -0.8568311
25140 1.2304149
25240 1.6838989
25339 1.8910956
25440 1.9662771
25540 2.000338
25640 2.0102134
25740 2.0071259
25840 1.9999094
25941 1.9585481
26041 1.8472261
26141 1.6340189
26508 -0.9054222
26608 -1.2031283
26709 -1.2643783
26809 -1.2650342
26909 -1.2651641
27009 -1.2652423
27109 -1.265466
27209 -1.25155
27310 -0.882606
27410 0.23812199
27510 1.0159864
27610 1.5550146
27710 1.7147689
27810 1.7555604
27910 1.7559495
28010 1.7536173
28327 1.7486534
28428 1.6579218
28528 0.44081783
28862 -1.3611755
28962 -1.3517373
29062 -1.3482506
29163 -1.3459668
29262 -1.3408291
29363 -1.3292103
29463 -1.3141398
29563 -1.1718662
29997 2.2084146
30080 2.1292076
30180 2.0031395
30280 1.9457679
30380 1.9222922
30480 1.9082742
30581 1.9003153
30681 1.8224688
30782 1.1821523
30882 0.011723995
30982 -0.89685774
31082 -1.5365009
31182 -1.8859608
31282 -1.9538705
31382 -1.9119935
31483 -1.8710828
31583 -1.8627384
31683 -1.8583155
31783 -1.8507254
31883 -1.8375456
32200 -1.0342457
32301 0.009196281
32401 0.77130556
32501 1.1910129
32601 1.6448312
32701 2.420588
32801 3.085765
32902 3.6136208
33002 4.0437136
33102 4.2926006
33202 4.3629265
33302 4.4165
33402 4.421156
33502 4.366544
33603 3.864274
33703 2.221284
33803 1.2098112
34204 0.16144753
34304 0.0893445
34405 0.029351711
34504 -0.08984375
34604 -0.33565998
34705 -0.5198641
34804 -0.6084695
34904 -0.56444645
35005 0.43245983
35105 1.3866405
35205 2.1473494
35305 2.6173048
35405 2.8075118
35506 2.8352327
35606 2.8367605
35689 2.837068
35789 2.8371902
35889 2.8369699
35989 2.8319702
36089 2.6397347
36189 1.1815357
36289 0.096321106
36390 -0.72505856
36491 -1.2903748
36591 -1.5708053
36691 -1.5928168
36791 -1.5993962
36891 -1.5990906
36991 -1.5947521
37091 -1.5926068
37191 -1.5833201
37292 -1.3305428
37392 -0.32942867
37709 2.093464
37809 2.573481
37909 2.7872672
38010 2.8821516
38110 2.9268188
38209 2.9487166
38310 2.9367514
38410 2.4787965
38510 1.0746922
38611 -0.3185997
38711 -1.2958686
38810 -1.7406666
38911 -1.8890777
39011 -1.8710561
39111 -1.8481965
39211 -1.8128097
39312 -1.776933
39411 -1.7404759
39512 -1.7015572
39612 -1.4253247
39712 -0.07117462
39813 1.0442472
39913 1.7988243
40013 2.2779512
40113 2.4447832
40213 2.4851213
40313 2.489015
40413 2.4909697
40513 2.4903793
40830 2.4306312
40931 2.3992958
41031 1.9449081
41131 0.52670765
41231 -0.61169815
41331 -1.3474152
41431 -1.6239593
41532 -1.6872551
41632 -1.6942391
41732 -1.6943963
41832 -1.6943994
41932 -1.6928649
42032 -1.5888603
42133 -0.8188958
42233 0.15579939
42333 0.9223609
42433 1.3206854
42533 1.6622605
42633 1.9338012
42734 2.1651168
43051 2.6874213
43151 2.787055
43251 2.8410864
43351 2.856968
43451 2.8456812
43551 2.7321434
43652 2.1894698
43752 1.1835904
43852 0.36748552
43952 -0.5025749
44052 -1.0483756
44153 -1.4087791
44253 -1.5979257
44353 -1.6728234
44453 -1.715097
44553 -1.7443154
44653 -1.7624576
44753 -1.683033
44854 -0.8741665
44954 0.1996212
45054 1.0234432
45154 1.5148444
45254 1.9002953
45354 2.2994142
45454 2.6135101
45555 2.8419847
45655 2.9578505
45755 2.975463
45855 2.9714522
45956 2.552184
46056 1.3770304
46156 0.44910955
46255 -0.33631945
46356 -1.1002088
46456 -1.44309
46556 -1.5466607
46656 -1.5959065
46757 -1.5987694
46857 -1.6006436
46957 -1.5999951
47040 -1.5686817
47140 -0.88985157
47239 0.1659565
47340 0.911952
47440 1.5125389
47540 2.0174017
47641 2.4056244
47741 2.6885018
47842 2.8184614
47942 2.8494291
48042 2.8051062
48142 2.5048127
48242 1.9443994
48342 0.9781914
48442 0.066002846
48543 -0.74265623
48643 -1.2211277
48743 -1.4827468
48843 -1.5600057
48943 -1.5915046
49043 -1.6135032
49144 -1.6217217
49461 -0.25402975
49561 0.6078348
49661 1.3010693
49761 1.9978399
49861 2.4664383
49962 2.6490211
50062 2.7245178
50161 2.765306
50262 2.7822075
50362 2.772883
50462 2.2004967
50562 0.88988924
50663 -0.030659676
50763 -0.5597868
50863 -0.7729521
50963 -0.8353028
51063 -0.8916044
51164 -0.93858624
51264 -1.0090046
51364 -1.091579
51464 -1.1741567
51564 -1.2101753
51664 -1.1701801
51765 -0.007730961
51865 1.1416712
51965 1.9493599
52065 2.5264769
52165 2.689795
52265 2.7257333
52365 2.7367373
52465 2.725255
52799 -0.098353386
52899 -1.3500519
53000 -1.9216385
53100 -2.1377602
53183 -2.1316247
53283 -2.0052018
53383 -1.8854136
53751 0.5679927
53851 1.2697811
53951 1.7488799
54051 2.074523
54151 2.1965928
54252 2.2521353
54351 2.3217263
54434 2.360289
54535 2.3490462
54634 1.8017206
54969 -0.3752632
55070 -0.9292064
55170 -1.1441321
55586 -1.2010696
55686 -0.7566867
55787 0.18054008
56205 2.3848495
56304 2.4503899
56405 2.458973
56505 2.4576159
56605 2.4544716
56706 2.403473
56806 1.5562539
56905 0.43625593
57005 -0.4408369
57106 -1.149847
57206 -1.5220077
57306 -1.6578121
57406 -1.6779118
57507 -1.6566167
57607 -1.6032162
57707 -1.3839531
58040 1.0764747
58141 1.6909561
58241 2.0902991
58341 2.4466949
58441 2.6313772
58541 2.7172928
58642 2.6922455
58742 2.0357919
58842 0.7688298
58942 -0.35669613
59042 -1.1040027
59142 -1.4682221
59243 -1.5667992
59343 -1.5216866
59443 -1.4545586
59543 -1.3108406
60493 2.3218575
60595 2.3858957
60695 2.4283323
61062 2.1048307
61162 0.6001301
61263 -0.38630867
61363 -0.86137104
61463 -0.99681854
61563 -1.0406971
61663 -1.0511062
61763 -1.0200458
61863 -0.6768322
61964 0.2957468
62064 1.09624
62164 1.7348342
62264 2.1894064
62364 2.4611387
62464 2.5664454
62564 2.580243
62665 2.5515833
62765 2.1463003
62865 1.2065635
62965 0.14951372
63065 -0.8044591
63166 -1.3862712
63266 -1.6218097
63365 -1.6474853
63466 -1.6117129
63566 -1.5852745
63666 -1.5185485
63766 -0.7846513
63867 0.40170765
64184 2.4069471
64284 2.6217394
64384 2.6904893
64484 2.6785102
64584 2.5642748
64685 1.8837509
64785 0.6464081
64885 -0.42228127
64985 -1.2032459
65319 -1.8226347
65419 -1.7388268
65519 -1.5101669
65619 -0.78319645
65720 0.24560738
66036 2.160802
66137 2.3147721
66237 2.4278727
66337 2.4866247
66437 2.5071564
66537 2.5100884
66638 2.2728004
66738 0.48511982
66838 -0.69095993
66938 -1.3776124
67038 -1.6145205
67139 -1.6388161
67239 -1.5939584
67339 -1.4721928
67673 1.4954352
67773 2.1180296
67873 2.477086
67973 2.6540031
68356 2.4656334
68457 1.404355
68557 -0.20042944
68658 -1.3489921
68757 -1.9174676
68858 -2.0183287
68958 -1.8800173
69058 -1.7545598
69158 -1.5740523
69508 1.2943277
69609 1.9686089
69709 2.259272
69809 2.373446
69909 2.3877196
70009 2.3699012
70109 2.3436751
70210 1.7324829
70310 -0.043747902
70410 -1.314528
70510 -2.034274
70610 -2.1331904
70711 -1.916923
70811 -1.7123623
71128 -0.16343069
71228 0.69525814
71328 1.3247099
71428 1.8289499
71528 2.123384
71862 2.302579
71962 2.311194
72063 2.0633574
72163 0.2668934
72263 -1.1950004
72580 -1.8296397
72680 -1.6840558
72780 -1.4098523
72881 -0.6779156
72981 0.18360376
73081 0.9741473
73181 1.562902
73281 1.841979
73615 2.1415253
73715 2.0662103
73815 1.5936685
74216 -1.2859988
74316 -1.4926376
74733 -1.2655518
74834 0.14326811
74934 1.0798187
