147 1.659832
248 0.51479864
347 -0.6008353
448 -1.548423
548 -2.501515
647 -2.951267
748 -3.17702
849 -2.9919279
949 -2.5027738
1049 -1.6907775
1149 -0.7660384
1248 0.45964575
1349 1.5443954
1449 2.6936584
1550 3.4152966
1649 3.8171349
1749 3.8470411
1850 3.5424738
1950 2.609867
2051 1.4830465
2151 0.23759556
2251 -0.7751436
2351 -1.764466
2451 -2.4396539
2551 -2.86033
2651 -3.0153177
2751 -3.0450463
2852 -2.7094247
2951 -1.8153253
3051 -0.5279331
3151 0.34897137
3253 1.3944311
3353 2.2066522
3452 3.0352497
3553 3.4340925
3653 3.5571308
3753 3.463934
3853 2.8803759
3953 1.646482
4054 0.5667138
4154 -0.48745823
4254 -1.4197507
4354 -2.4188626
4454 -3.0335968
4555 -3.2895703
4655 -3.1752985
4737 -3.0172672
4838 -1.8150175
4937 -0.9005046
5037 0.11830759
5137 0.9667802
5237 1.6842093
5339 2.3194337
5439 2.7944336
5540 3.0608768
5640 3.156619
5740 3.1299458
5840 2.7323694
5940 1.5107331
6040 0.24569035
6140 -0.9069519
6241 -2.0537837
6341 -3.054878
6441 -3.6331038
6541 -3.8735456
6641 -3.8656375
6741 -3.5866473
6842 -2.8656983
6942 -1.8000884
7042 -0.65080404
7142 -0.06026268
7242 0.81499004
7342 1.9703283
7442 2.730958
7543 3.085493
7643 3.1846123
7743 2.939691
7843 1.7096224
7943 0.35368395
8461 -3.8484666
8561 -4.0802727
8661 -4.047445
8761 -3.6252508
8861 -2.975563
8962 -1.6842785
9062 -0.42640972
9162 0.5742464
9262 1.4634552
9362 2.1678605
9462 2.6836233
9563 2.9192076
9663 2.963675
9763 2.7896414
9863 2.1504683
9964 0.9902315
10064 -0.18098831
10163 -1.1107469
10263 -1.9882047
10365 -2.780237
10465 -3.303689
10565 -3.5717869
10664 -3.5712981
10765 -3.3978407
10865 -2.9075124
10965 -1.9675744
11066 -0.77925014
11166 0.2519555
11266 1.292284
11366 2.0283213
11466 2.6748366
11566 3.1278782
11666 3.4937649
11767 3.6096992
11867 3.4558477
11967 2.5674462
12067 1.4244666
12167 0.2580061
12268 -0.72206974
12367 -1.6457791
12467 -2.309618
12568 -2.6183171
12668 -2.75662
12768 -2.757777
12868 -2.472923
12969 -1.7603507
13069 -0.694942
13169 0.21912336
13268 1.4005127
13369 2.310759
13470 2.916768
13570 3.2689161
13670 3.3913832
13770 3.241537
13870 2.4520926
13971 1.3159132
14070 0.34653664
14171 -0.5600281
14271 -1.4894643
14371 -2.3320184
14471 -2.8030953
14572 -2.9189126
14671 -2.8786612
14772 -2.6839845
14872 -1.6728928
14972 -0.6231127
15072 0.24422169
15172 1.0337067
15273 1.9523988
15373 2.6243353
15606 3.3943253
15706 3.374073
15806 2.8235297
15906 1.6208129
16007 0.38358498
16107 -0.6200514
16207 -1.4623256
16307 -2.337531
16408 -2.8708143
16507 -3.1575997
16608 -3.1897237
16708 -2.9242404
16808 -2.415521
16909 -1.6881416
17008 -0.6550441
17109 0.13682032
17209 1.2473211
17309 2.1354752
17409 2.7270026
17509 3.1013145
17609 3.2398481
17710 3.2310514
17810 2.8389425
17910 1.7640214
18011 0.6147356
18110 -0.39355373
18211 -1.2668781
18310 -2.0652285
18411 -2.8232512
18511 -3.1173599
18611 -3.330583
18711 -3.1390567
18811 -2.5565882
18911 -1.6390312
19012 -0.540308
19112 0.20735025
19213 1.5529671
19312 2.5085511
19412 3.1510258
19513 3.655857
19612 3.7695522
19714 3.5233345
19813 2.679689
19914 1.5139532
20014 0.5175352
20113 -0.56073475
20214 -1.5195293
20314 -2.323177
20414 -2.9329696
20515 -3.2675052
20614 -3.3655314
20715 -3.0622306
20815 -2.4920619
20915 -1.5698547
21015 -0.4055152
21116 0.54222965
21216 1.3247595
21316 2.0520277
21416 2.7963934
21516 3.2705593
21616 3.3918476
21717 3.136218
21817 2.1024084
21899 1.0839915
21999 -0.1880722
22099 -1.2170377
22199 -2.1934235
22299 -2.794727
22399 -3.3681488
22499 -3.6042497
22601 -3.5026069
22701 -3.0878677
22802 -2.3932822
22902 -1.4798882
23002 -0.47449017
23102 0.5014758
23202 1.3762536
23302 2.1776695
23403 2.8524184
23503 3.2297478
23603 3.340146
23703 3.168188
23803 2.5012732
23903 1.452488
24004 0.35438442
24104 -0.7810068
24204 -1.848438
24304 -2.4944553
24404 -2.8572562
24504 -3.0295954
24604 -3.0735822
24705 -2.957608
24805 -2.2099764
24905 -1.2634468
25005 -0.24269724
25523 3.199195
25623 3.2114525
25723 2.8381147
25823 1.9205909
25923 0.79054356
26023 -0.15138721
26124 -1.2030842
26224 -2.0561976
26324 -2.5969863
26425 -2.8586419
26524 -2.8662868
26625 -2.8426032
26724 -2.5850492
26824 -1.7721539
26925 -0.7632084
27026 0.30471182
27126 1.3472605
27226 2.0898056
27326 2.690175
27426 3.1236029
27526 3.3038921
27843 1.4686265
28027 -0.17262888
28109 -0.86887455
28209 -1.6382911
28309 -2.2295804
28612 -2.7006686
28711 -2.547176
28812 -1.9200282
28912 -0.9983463
29012 -0.038596153
29112 0.8987446
29212 1.7036653
29345 2.554175
29446 2.836316
29546 2.8873491
29647 2.659513
29747 2.0551262
29847 1.095263
29947 0.06412029
30047 -0.88304186
30364 -3.3320403
30464 -3.3852131
30564 -3.3950474
30664 -3.353806
30747 -3.1302044
30847 -2.437165
30947 -1.4059494
31047 -0.29307318
31147 0.67570925
31533 3.0945225
31850 2.9409842
31951 2.2642503
32518 -2.2380717
32617 -2.6257348
32718 -3.0372396
32818 -3.3976796
32919 -3.5563264
33018 -3.5902395
33318 -1.6399746
33419 -0.40353298
33520 0.62516403
33620 1.6518326
33720 2.4550352
33820 2.9499078
33920 3.1370993
34020 3.2128544
34121 3.1686077
34221 2.7842245
34321 1.8644385
34421 0.6740017
34521 -0.45861292
34621 -1.5857322
34872 -3.1385746
34954 -3.202423
35054 -3.1145701
35154 -2.9253018
35873 3.3065271
35974 3.6620264
36074 3.820341
36174 3.8422518
36274 3.6951532
36374 2.7634187
36475 1.590291
36992 -2.8682003
37092 -3.2148662
37192 -3.31063
37293 -3.241497
37392 -2.9111028
37493 -1.8916869
37593 -0.9205942
37693 0.115777016
37794 1.2765675
37893 2.2491083
37994 3.0574408
38094 3.4937572
38193 3.6875553
38293 3.6212492
38394 3.3175087
38628 1.4028563
38729 0.5068064
38829 -0.3104868
38928 -1.3095193
39029 -2.1341627
39128 -2.725899
39345 -2.9317417
39446 -2.7658324
39546 -2.0808167
39646 -1.182385
39747 -0.18220901
39847 0.6616049
40063 2.6967325
40164 3.4891195
40264 4.0011578
40364 4.1932516
40465 4.1674404
40698 2.2210703
40932 -0.23788548
41032 -1.0414658
41132 -1.9052024
41232 -2.4852765
41332 -2.946153
41433 -3.2751336
41532 -3.254056
41633 -2.9477186
41733 -2.132923
41833 -0.93366337
41934 0.06517315
42033 1.1445894
42133 1.8738451
42233 2.5764909
42335 2.998938
42434 3.1770687
42535 3.1704235
42634 2.8555923
42735 2.1955347
42835 1.6234422
42935 0.90495634
43035 -0.045545578
43135 -1.0208652
43236 -1.7089431
43335 -2.4837408
43436 -2.9512825
43537 -3.2378907
43636 -3.2381048
43736 -3.0935163
43837 -2.2291644
43936 -1.3832645
44037 -0.31197405
44138 0.7134867
44238 1.8018188
44337 2.6103182
44438 3.3388777
44537 3.7208319
44638 3.9489975
44738 3.9662523
44839 3.7087803
44939 2.7077093
45039 1.5499048
45139 0.39116764
45239 -0.6540704
45340 -1.4047668
45439 -2.112721
45540 -2.6629956
45640 -2.9895504
45739 -3.1590476
46040 -1.320631
46141 -0.35070324
46240 0.80060005
46341 1.4894958
46441 2.4683542
46541 3.2629652
46642 3.883875
46741 4.08716
46842 3.9452648
46942 3.3294392
47175 1.2852554
47276 0.31913757
47376 -0.70332336
47477 -1.5385063
47576 -2.3126702
47676 -2.7962532
47777 -2.9551713
47859 -2.9669752
47959 -2.873395
48059 -2.651108
48159 -2.0204391
48259 -0.9462023
48359 0.10135174
48461 1.0517192
48561 1.9633203
48662 2.724679
48762 3.2351131
48862 3.5153208
48962 3.5985432
49062 3.4284153
49162 2.9000297
49263 1.9667463
49363 0.82063437
49463 -0.30343962
49563 -1.4723096
49663 -2.1957848
49763 -2.9203036
49863 -3.2233915
49964 -3.3750584
50064 -3.3363025
50164 -3.048414
50264 -2.3784504
50364 -1.4580951
50464 -0.5482178
50565 0.504076
50665 1.648572
50765 2.3635879
50865 3.009678
50965 3.3904972
51065 3.6137257
51166 3.6778784
51265 3.6145477
51366 3.15584
51466 2.2596426
51566 1.2336106
51666 0.33364916
51766 -0.76315594
51866 -1.8034346
51967 -2.6839216
52067 -3.0075898
52168 -3.1590576
52267 -3.3214605
52368 -3.3479075
52468 -3.1468368
52567 -2.495481
52668 -1.4913974
52769 -0.51528883
52868 0.31159496
52969 1.044858
53286 3.0489902
53386 3.4364338
53487 3.4841957
53587 3.3742514
53686 2.8055625
53787 1.633193
53887 0.56283
53987 -0.55975103
54088 -1.5294864
54188 -2.4506679
54288 -2.963481
54388 -3.221776
54488 -3.2056162
54588 -3.052481
54689 -2.750502
54789 -2.1252837
54889 -0.911705
54989 -0.106126785
55089 0.82625675
55189 1.683455
55289 2.4145308
55389 3.1116085
55490 3.4795475
55589 3.6330414
55690 3.6570044
55790 3.4511242
55891 2.7824621
55991 1.7595167
56091 0.75329256
56191 -0.18484974
56273 -0.93959904
56373 -1.713279
56473 -2.559735
56573 -2.9837556
56908 -3.3940482
57009 -3.1944249
57109 -2.0670583
57209 -0.8673177
57310 0.07974529
57409 1.3803301
57509 2.0901175
57609 2.6724153
57710 3.0227299
57810 3.2793121
57910 3.4266815
58010 3.4619017
58110 3.223775
58211 2.338994
58310 1.1569233
58411 -0.057984352
58512 -1.2763753
58612 -2.1256385
58712 -2.797566
58812 -3.190267
58912 -3.5050654
59012 -3.5851238
59112 -3.5939302
59212 -3.321257
59313 -2.1420536
59412 -0.9333048
59513 0.04031372
59613 1.2568345
59714 2.1085038
59814 2.9057503
59913 3.4180546
60014 3.6785555
60113 3.9146547
60214 3.996376
60314 3.8908358
60415 3.3680592
60515 2.204783
60614 1.0998602
60715 0.08689022
60815 -0.9146433
60915 -1.7550883
61016 -2.6916535
61115 -3.053808
61216 -3.323646
61316 -3.4370234
61416 -3.4199595
61517 -3.2113001
61617 -1.9905496
61717 -1.133604
61817 -0.01858902
61916 0.8884144
62017 1.7830367
62118 2.60526
62218 3.087656
62318 3.4891968
62417 3.73489
62517 3.7228928
62619 3.4268246
62718 2.3593092
62819 1.431819
62919 0.36825895
63019 -0.57794285
63119 -1.6508689
63219 -2.536791
63319 -3.33735
63420 -3.542292
63520 -3.7490866
63620 -3.679697
63720 -3.376758
63820 -2.7635894
63920 -1.9091785
64020 -1.0302238
64120 -0.3596201
64203 0.3392315
64303 1.2672634
64403 1.9601097
64503 2.6667528
64603 3.074109
64703 3.4106493
64805 3.4937525
64905 3.4157763
65006 2.7871332
65106 1.76584
65206 0.7107334
65306 -0.13350058
65406 -0.9023266
65506 -1.6473897
65607 -2.4038692
65707 -2.8311915
65807 -3.1045809
65907 -3.1885483
66007 -3.0978754
66107 -2.2747436
66208 -1.1831703
66307 -0.14162922
66408 0.91908026
66508 1.8750687
66608 2.5604753
66708 3.1483364
66809 3.4981728
66908 3.769228
67009 3.8350964
67109 3.754283
67209 2.8078537
67309 1.6803384
67410 0.6394472
67509 -0.24877834
67609 -1.3096707
67710 -2.1436565
67810 -2.7522821
67910 -3.131925
68010 -3.2978888
68111 -3.2980754
68210 -3.220047
68311 -2.8869996
68411 -1.9339812
68511 -0.78266096
68611 0.14090014
68711 1.0174918
68812 1.8536363
68912 2.6287966
69012 3.1035528
69113 3.5077457
69212 3.9813309
69312 4.264658
69413 4.2971134
69513 3.778408
69614 2.6349678
69713 1.5816298
69813 0.5328455
69913 -0.44657803
70014 -1.3727098
70114 -2.2359836
70215 -2.85254
70314 -3.3157449
70414 -3.5365424
70515 -3.563963
70614 -3.3064299
70715 -2.786695
70816 -1.7492142
70915 -0.87053394
71016 -0.10070324
71116 0.7531462
71216 1.6045036
71316 2.453878
71416 3.048315
71516 3.473528
71616 3.6067944
71717 3.6032553
71817 3.4640598
71917 2.8339972
72017 1.8041382
72117 0.6047745
72218 -0.4094324
72318 -1.3927047
72417 -2.2536235
72518 -2.9297423
72618 -3.410895
72719 -3.8427792
72818 -3.8778055
72919 -3.582308
73019 -2.949934
73118 -1.8896072
73219 -0.74310446
73319 0.3174181
73420 1.2777572
73520 2.0970535
73619 2.8038778
73720 3.3124619
73820 3.6133118
73920 3.7475224
74021 3.615466
74121 3.0772038
74203 2.237606
74304 1.3170781
74404 0.35150433
74503 -0.8156991
74604 -1.6641986
74703 -2.4974914
74804 -3.0449123
74906 -3.332009
