36 0.0
135 0.0
236 0.0
336 0.0
436 0.0
537 0.0
637 0.0
737 0.0
837 0.0
937 0.0
1038 0.0
1138 0.0
1238 0.0
1338 0.0
1438 0.0
1538 0.0
1639 0.0
1739 0.0
1839 0.0
1939 0.0
2039 0.0
2140 0.0
2242 0.0
2340 0.0
2440 0.0
2540 0.0
2640 0.0
2741 0.0
2841 0.0
2941 0.0
3042 0.0
3143 0.0
3242 0.0
3342 0.0
3442 -4.2508755
3542 -4.7940507
3642 -5.0
3745 -4.284666
3843 -2.5312786
3942 -0.9591465
4043 0.4343109
4143 1.2521119
4227 1.6495275
4327 2.0395784
4427 3.393054
4527 2.2599397
4627 -0.059338093
4727 -1.543972
4827 -2.5553062
4928 -2.8379252
5028 -2.209424
5129 -0.5064554
5228 1.4124918
5328 2.9651947
5429 4.0375795
5528 4.4710064
5629 4.490979
5729 3.6651058
5829 1.9057693
5929 0.24701977
6029 -0.6973295
6129 -0.9092474
6229 -0.71308136
6330 0.48578358
6430 1.7989793
6530 2.6216555
6633 3.0952168
6733 2.8423052
6833 1.2859187
6933 -0.57989216
7033 -2.3974276
7133 -3.553227
7232 -3.7271287
7332 -2.5517783
7433 -0.6296916
7532 1.3178053
7632 2.907916
7732 3.8406286
7832 4.146003
7932 4.190152
8033 4.1060915
8135 3.0982037
8235 0.9604869
8335 -0.85167027
8435 -2.0315127
8535 -2.378274
8634 -2.2604332
8733 -1.2129178
8834 0.0033388138
8934 1.2736363
9034 2.5000138
9135 3.2952976
9235 3.467085
9335 3.020033
9435 1.6227617
9538 -0.27083874
9635 -1.5649877
9737 -2.8600903
9835 -3.3151596
9938 -3.3382535
10038 -3.0218863
10138 -2.0571494
10238 -0.6901665
10337 0.7714453
10437 1.9342127
10537 2.5039606
10637 2.15773
10737 0.95769167
10837 -0.3873706
10937 -1.4881153
11038 -2.00722
11137 -2.2415147
11238 -2.325478
11339 -2.3467858
11440 -2.266605
11539 -1.8157089
11639 -0.8094845
11739 0.26151896
11839 1.4860649
11939 2.1989236
12040 2.4424071
12140 2.3891625
12240 2.3350801
12340 2.3254652
12440 2.321847
12540 2.2672434
12640 2.2247567
12741 2.2122946
12841 0.92847824
12941 -0.7037754
13041 -1.8832095
13141 -2.3698208
13242 -2.1750746
13343 -1.4508252
13442 -0.5738516
13542 0.12857342
13642 0.78322506
13742 0.95449734
13843 1.0246129
13943 1.0269294
14026 0.9968672
14143 0.75886965
14227 -0.498147
14327 -2.24837
14427 -3.4871335
14527 -3.7421367
14627 -3.0600166
14945 0.7538457
15045 1.6356392
15145 2.0627046
15245 1.8981829
15345 0.23933315
15445 -1.2080147
15545 -2.417663
15645 -2.860392
15746 -2.5650496
15846 -1.4924493
15946 -0.29115343
16046 0.7198992
16146 1.5483294
16247 2.1371956
16347 2.2921777
16447 1.9955292
16547 0.84259987
16647 -0.34268188
16748 -1.559793
16848 -2.5193737
16948 -3.0062766
17048 -2.984685
17148 -2.3042283
17248 -1.3647244
17348 -0.39363384
17451 0.5711489
17551 1.4367537
17651 1.854754
17751 1.8583155
17851 1.0354042
17951 -0.1889801
18050 -1.4696088
18150 -2.4627235
18250 -3.1225257
18350 -3.2564063
18450 -3.2713661
18551 -2.735557
18650 -1.1315389
18751 0.09261465
18852 1.1088743
18951 1.8107119
19051 1.964057
19151 1.7277145
19252 0.7312722
19352 -0.28648806
19452 -1.238543
19552 -2.1263552
19652 -2.7108777
19752 -2.974012
20070 -0.8746767
20170 0.29160023
20271 1.4996719
20371 2.3867707
20470 2.7789106
20570 2.7820702
20671 2.4872446
20771 1.7247696
20871 0.5011697
20971 -0.64459467
21071 -1.5989518
21171 -2.3893325
21272 -2.755653
21371 -2.6460247
21473 -1.7959449
21572 -0.9266591
21672 0.017533302
21772 0.9365611
21873 1.602459
21973 1.8548584
22057 1.861351
22157 1.4030294
22257 0.49855852
22357 -0.33736324
22457 -1.1082752
22557 -1.6952603
22658 -1.7806888
22758 -1.731736
22857 -1.6256409
22958 -1.5467827
23058 -1.5017352
23158 -1.4869027
23258 -1.4740529
23358 -1.435662
23459 -1.3851991
23559 -1.354686
23659 -1.3136265
23759 -1.1997838
23859 -0.5901561
23960 0.56230974
24060 1.5129595
24160 2.244132
24260 2.4861436
24359 2.5180502
24460 2.3917565
24560 1.9523249
24660 0.83423805
24763 -0.3748331
24863 -1.3566215
24963 -2.0490499
25063 -2.2379303
25162 -2.247751
25263 -1.8242464
25362 -0.5666776
25462 0.24413443
25562 0.7546091
25662 1.170845
25763 1.422349
25863 1.0055332
25963 -0.28286695
26063 -1.5249805
26163 -2.5738392
26263 -2.8335242
26364 -2.9857278
26464 -2.9417293
26564 -2.7162585
26664 -2.169454
26764 -0.4125309
26865 0.85044
26964 1.9353571
27065 2.8413262
27165 3.2152624
27265 3.1632137
27368 2.3863478
27466 1.2371478
27568 -0.038889885
27666 -1.0703475
27766 -1.8253922
27867 -2.0131657
27967 -1.9954038
28067 -1.733752
28167 -1.318687
28267 -0.17766094
28368 1.0679936
28467 2.0351434
28568 2.7342062
28668 2.9901762
28767 2.8585777
28868 2.1008863
28968 1.2963877
29068 0.23499823
29169 -0.053923607
29269 0.004881859
29369 0.43452024
29469 1.4658651
29569 2.8047562
29669 3.4198093
29770 3.4336882
29870 2.905509
29970 1.9959846
30070 0.9541311
30170 0.30974483
30271 -0.3225484
30370 -0.88817215
30471 -1.0554874
30571 -0.869287
30671 -0.12144327
30771 0.47959805
30871 0.9399266
30973 1.5172563
31072 1.7977142
31172 1.8438568
31272 1.6197739
31372 1.055901
31472 0.2483263
31572 -0.58681107
31672 -1.3260474
31772 -1.5527172
31873 -1.2821383
31973 -0.13048553
32073 0.49689388
32174 0.6035733
32274 0.24354076
32374 -0.5576725
32475 -1.2694721
32574 -1.4372604
32674 -1.2075729
32775 -0.12194157
32875 0.8149643
32975 1.4444747
33075 1.7704024
33175 1.9691896
33277 2.0817537
33609 1.6320963
33709 0.72155523
33810 -0.19232559
33910 -0.85210466
34010 -1.2518916
34110 -1.3139672
34211 -1.0112922
34310 -0.09961748
34411 1.0007868
34511 1.9300718
34611 2.5025406
34711 2.7555885
34811 2.7319298
34912 2.333146
35013 1.2851171
35112 0.12200785
35596 -2.3277898
35730 -2.1150484
35829 -1.1142242
35930 -0.042500496
36029 0.83428574
36131 1.6006403
36230 2.2640123
36331 2.7445946
36432 2.9117136
36532 2.8868828
36631 2.1609068
36735 0.8146763
36832 -0.048279285
36931 -0.7686205
37032 -1.2662816
37131 -1.4561913
37232 -1.4112201
37332 -1.2631836
37432 -1.1263447
37534 -0.88813114
37634 -0.16623497
37733 0.36467266
37833 0.61484337
37934 0.69842005
38033 0.76601124
38134 0.9871626
38234 1.5197358
38334 2.2204857
38434 2.6070967
38536 2.8639994
38635 3.0038624
38736 3.0392017
38836 2.8773394
38935 1.295682
39035 0.060188293
39136 -0.64784
39235 -0.88958836
39336 -0.6511502
39436 0.017193794
39536 0.5284281
39636 0.9722185
39736 1.2119598
39837 1.329598
39936 1.3809185
40038 1.4035583
40137 1.4063072
40237 1.4064703
40337 1.4070115
40437 1.4081717
40538 1.2120872
40638 0.46418667
40722 -0.17838573
40821 -0.3217144
40921 0.27105522
41022 1.30861
41122 2.0542488
41222 2.563398
41322 2.8332686
41422 2.7746134
41522 2.028932
41623 0.67222166
41723 -0.4231844
41823 -1.3548324
41923 -2.0281866
42023 -2.2499332
42123 -2.1194637
42224 -1.3628292
42324 -0.104953766
42424 1.08599
42524 2.229782
42624 3.0636911
42724 3.5196
42825 3.6984005
42925 3.6669664
43025 3.0099525
43125 1.8341737
43225 0.7156992
43325 -0.3505311
43425 -1.3186443
43528 -1.7303898
43628 -1.6280091
43728 -0.8709564
43828 0.4416361
43927 1.4805465
44028 2.406756
44127 2.709867
44227 2.5791955
44328 1.5192137
44428 0.26782513
44528 -0.27779245
44628 -0.36971426
44729 -0.12075901
44828 0.77851963
44928 1.744031
45029 2.1170588
45128 2.2079897
45229 2.1720033
45329 2.0861673
45429 2.0249357
45529 1.9879532
45630 1.9514647
45730 1.5063334
45829 -0.23592854
45930 -1.6141601
46030 -2.426725
46130 -2.4947145
46233 -2.172726
46333 -1.0371189
46433 0.41056728
46533 1.8046823
46631 2.852305
46731 3.157961
46831 2.7538948
46932 1.4341383
47032 -0.07116413
47132 -1.4995828
47233 -2.8368495
47333 -3.9804907
47433 -4.9256544
47534 -4.484579
47633 -3.3571522
47733 -1.459327
47833 -0.1845355
47933 0.86338043
48033 1.6914244
48134 1.8986602
48234 1.7764945
48336 1.2189951
48434 0.18354416
48768 -3.4514782
48852 -3.5634162
48952 -2.655688
49052 -1.1350102
49152 0.66130304
49252 2.0229545
49353 2.6276002
49453 2.6955323
49553 2.1412253
49653 0.9864583
49753 -0.71119213
49854 -2.4692163
49953 -3.3404756
50054 -3.4163175
50154 -2.2724094
50254 -0.9561844
50354 0.3649764
50454 1.3037233
50554 1.3238592
50654 0.28769684
50757 -1.1208482
50855 -2.5881746
50958 -3.8351808
51055 -4.438208
51158 -4.1269975
51258 -2.4540207
51358 -1.4164958
51458 -0.6446128
51558 0.4380765
51657 1.4682326
51757 1.9252305
51857 1.8874297
51956 0.9698224
52057 -0.3763504
52158 -1.5185304
52260 -2.4798596
52357 -3.4188378
52457 -3.949441
52560 -3.9663205
52660 -3.2072186
52760 -1.8439705
52860 -0.60945606
52960 0.71016216
53060 1.7877808
53160 2.524209
53260 2.5854912
53361 2.0830169
53461 0.8755579
53560 -0.7754216
53660 -1.962384
53760 -3.1672008
53863 -3.8309126
53963 -3.650833
54294 0.1809969
54396 1.223742
54496 1.902307
54594 2.2381692
54694 2.29038
54795 2.1516519
54895 1.4873304
54995 0.34205627
55096 -0.85293436
55196 -2.2759004
55296 -3.244909
55396 -3.5602643
55496 -3.4149628
55598 -2.6054637
55697 -1.3016968
55797 0.19220352
55897 1.4965401
55997 2.3402991
56097 2.6587038
56199 2.564176
56299 1.871798
56398 0.6596079
56498 -0.59820604
56582 -1.6918709
56682 -2.3225217
56782 -2.32593
56882 -1.5879223
56981 -0.27948284
57081 0.94437265
57183 1.8952522
57283 2.311512
57383 2.2434921
57483 1.4595156
57583 0.15619755
57683 -1.283397
57783 -2.6270719
57883 -3.1442845
57984 -2.9093633
58084 -1.9657607
58184 -0.7441244
58284 0.5921397
58384 1.806138
58484 2.6971865
58588 3.063366
58688 3.0515137
58788 2.5412192
58885 1.6813993
58985 0.47027683
59087 -0.94182396
59187 -2.3383136
59288 -3.3474147
59388 -3.493857
59488 -3.0341897
59588 -2.1739955
59686 -0.9304924
59787 0.51862526
59887 1.7613692
59987 2.574553
60087 2.8165727
60190 2.520915
60290 1.6047897
60390 0.30920362
60490 -1.0760071
60590 -2.436873
60689 -3.3695245
60789 -3.5130172
60890 -3.1420703
60989 -2.210875
61089 -0.95654964
61189 0.43005705
61289 1.5873704
61390 2.4147086
61490 2.6768785
61590 2.5938768
61693 1.9229355
61790 0.9369135
61893 0.1709156
61993 -0.8268595
62093 -2.0552814
62193 -2.5739398
62293 -2.3224604
62393 -1.061095
62493 0.68240404
62593 1.9963036
62691 2.9084907
62791 3.1563568
62892 2.833219
62992 1.8965058
63092 0.5043845
63192 -0.9970341
63293 -2.5296674
63393 -3.3540683
63493 -3.4593244
63594 -2.292427
63693 -0.93278456
63793 0.30780792
63894 1.3509879
63995 1.8483009
64094 1.8916807
64194 1.1933656
64295 -0.09126377
64395 -1.4255695
64497 -2.6410842
64595 -3.137753
64695 -2.7377045
64795 -1.6351554
64895 -0.40958166
64996 0.86179113
65096 1.7521181
65196 2.1410055
65296 2.1276617
65397 1.67097
65497 0.674675
65597 -0.44480038
65696 -1.5009568
65799 -2.9715908
65898 -3.3504024
65999 -2.8016217
66097 -1.5781887
66198 0.047945976
66298 1.3689847
66398 2.3036776
66482 2.7340975
66581 2.8205805
66681 2.5466247
66782 1.6465073
66882 0.36000013
66982 -0.9812441
67083 -2.4522452
67182 -3.3738627
67283 -3.6219313
67383 -2.9433105
67483 -1.7448983
67583 -0.3894081
67683 0.91538715
67783 2.0360632
67884 2.8145027
67984 3.080575
68084 2.8989725
68184 1.9273438
68285 0.5967035
68385 -0.97044706
68487 -2.5243316
68585 -3.4801886
68685 -3.5211189
68785 -2.4985397
68885 -1.241265
68985 0.113842964
69088 1.3495541
69188 2.210322
69288 2.641881
69388 2.6257033
69488 2.029592
69587 0.865325
69687 -0.48924446
69787 -1.8217862
69887 -3.0428302
69987 -3.623333
70087 -3.5004275
70187 -2.626127
70290 -1.7178555
70390 -0.21463823
70488 1.1837411
70590 2.1903787
70688 2.6763754
70789 2.7003403
70889 2.183631
70989 1.2353368
71089 0.08466911
71190 -1.0536494
71290 -2.1381059
71390 -2.8846793
71490 -3.0320277
71593 -2.2325654
71690 -1.1582253
71793 0.059492588
71890 1.0393682
71993 1.835968
72093 2.1007104
72193 1.9459114
72292 1.1908703
72393 0.09869671
72493 -1.0109768
72592 -1.6109211
72694 -1.6983495
72792 -1.2887039
72893 -0.28621244
72992 0.8620782
73093 1.9355669
73193 2.868013
73293 3.2538643
73394 3.2457638
73493 2.6155024
73593 1.2280159
73694 -0.06558132
73794 -1.2700114
73894 -1.8811641
73994 -1.8762562
74095 -1.1209862
74195 0.011588097
74295 1.1944327
74395 2.3607397
74495 3.0410805
74595 3.1960964
74695 2.5899124
74795 1.3253002
74896 -0.07414341
74996 -1.3157184
