62 0.74632835
162 1.6073632
262 2.6559677
362 3.5637627
463 4.109976
564 4.366576
664 4.0212374
763 2.5121284
864 1.4062638
964 0.33701706
1064 -0.7570734
1163 -2.1791966
1264 -3.5235922
1364 -4.3445587
1464 -4.41864
1564 -4.284152
1665 -3.773043
1765 -2.8858726
1866 -1.766381
1965 -0.60241556
2066 0.750834
2165 2.1683435
2266 3.1706982
2368 3.8316526
2466 4.158455
2567 4.017927
2667 3.1983738
2767 1.7686553
2866 0.7347808
2967 -0.5092044
3067 -1.6173813
3167 -2.4372063
3267 -3.4663699
3368 -4.1097507
3469 -4.334392
3567 -4.0980086
3669 -3.3827012
3768 -2.130143
3868 -1.1428084
3968 -0.0937109
4069 1.143611
4168 2.1610236
4269 3.0512772
4354 3.6319246
4469 3.9810247
4554 3.8057013
4654 3.3408346
4754 2.2424421
4854 1.16471
4954 0.10748434
5053 -1.5078125
5171 -2.9073691
5270 -3.6481035
5355 -3.7435303
5456 -3.6868298
5555 -2.7670758
5656 -1.6258786
5754 -0.53629255
5855 0.6811781
5955 1.7009592
6056 2.3051019
6155 3.3533926
6256 4.3156204
6358 4.348467
6456 3.8281317
6556 2.5174217
6656 1.251298
6757 -0.09379101
6856 -1.3026078
6957 -2.3316839
7056 -3.5086377
7157 -4.1958637
7260 -4.4561076
7374 -3.6946855
7458 -2.5513918
7557 -1.356055
7660 0.08394241
7758 1.2422771
7858 2.3360796
7958 3.5921478
8058 4.2549744
8158 4.43766
8259 4.480837
8358 4.334094
8459 2.5598998
8560 0.819613
8660 -1.1460433
8760 -2.556048
8860 -3.5011847
8961 -4.390563
9061 -4.6554227
9161 -4.4929447
9263 -3.723444
9361 -2.3209078
9462 -0.8941488
9561 0.26922512
9661 1.1816683
9762 2.2400627
9862 3.1782131
9962 3.8109646
10062 3.8354073
10162 3.5775719
10263 2.6085372
10362 0.3697319
10462 -1.1655159
10563 -2.7298255
10664 -4.0303526
10764 -4.5140333
10863 -4.5288334
10964 -3.4659755
11063 -1.8762598
11164 -0.58116436
11265 0.6633687
11364 1.8695021
11465 2.75066
11565 3.5944347
11664 4.0808125
11765 4.110982
11865 4.057418
11964 4.1871395
12065 3.4437466
12165 2.1192904
12266 0.67413616
12365 -0.15282965
12466 -1.0623851
12566 -1.8631043
12667 -2.536932
12767 -2.9457948
12867 -3.1860118
12967 -3.1598954
13067 -1.9546161
13167 -0.4816389
13267 0.9752021
13367 2.1991987
13467 3.1175413
13568 3.6410675
13668 4.2074146
13768 4.915642
13868 5.0
13968 4.673074
14068 3.2888498
14169 1.702868
14269 0.33290958
14371 -0.73637867
14470 -1.6796296
14569 -2.2447772
14670 -2.74534
14770 -3.0392852
14870 -3.6053693
14970 -3.3587303
15070 -2.2606525
15170 -1.0403671
15270 0.34740734
15371 1.2325411
15472 2.0349083
15570 2.5234618
15671 2.8878174
15771 3.090725
15872 2.968759
15972 2.287065
16072 1.3049812
16172 0.32257318
16272 -0.5173464
16372 -1.421812
16472 -2.2069554
16573 -2.9153037
16673 -3.4188128
16774 -3.6483297
16873 -3.527811
16974 -2.4583526
17073 -1.0934091
17173 -0.0102472305
17258 0.6901803
17358 1.599237
17457 2.2038565
17557 2.8395095
17658 3.222124
17759 3.3102036
17858 2.981698
17959 2.1333756
18059 1.3237252
18160 0.28195572
18259 -0.66416645
18361 -1.6904507
18458 -2.482134
18561 -3.1412992
18660 -3.3717544
18760 -3.3569121
18860 -2.7748122
18960 -1.5626233
19061 -0.08661604
19160 1.0063734
19262 1.9340782
19361 2.7261963
19461 3.1651
19561 3.3259459
19662 3.465578
19761 3.2903738
19862 2.0751867
19962 0.7136164
20061 -0.37674093
20162 -1.5398972
20262 -2.3702898
20363 -3.3443801
20462 -3.712209
20563 -4.029329
20662 -3.8805075
20763 -3.1503708
20863 -2.1906312
20964 -1.0204213
21066 0.061661243
21164 0.7464037
21266 1.4517684
21363 2.0238128
21464 2.7075157
21564 3.0565395
21665 3.313736
21765 3.3076792
21864 3.1250935
21965 1.7348571
22065 0.8419008
22165 -0.21101856
22265 -1.095366
22365 -1.978468
22465 -2.804274
22566 -3.3018117
22666 -3.4903815
22766 -3.6173205
22866 -3.4104578
22967 -2.5602582
23068 -1.486198
23167 -0.30126905
23267 0.5811672
23367 1.3077049
23469 1.9523706
23568 2.6930084
23668 3.2795506
23768 3.5920382
23868 3.6046162
23968 3.4814749
24068 2.8434167
24168 1.5043058
24268 0.25498295
24369 -0.76080227
24469 -1.6059232
24569 -2.5362082
24670 -3.1472516
24770 -3.4642174
24869 -3.5291343
24970 -3.5851684
25070 -3.3966138
25170 -2.418692
25272 -1.4978833
25371 -0.37663317
25472 0.47654247
25571 1.2490854
25671 1.7586403
25771 2.325583
25871 2.7519722
25971 2.9747949
26071 2.9745545
26173 2.6343718
26272 1.5432396
26373 -0.0645113
26472 -1.3283722
26572 -2.4566197
26673 -3.419086
26773 -3.889094
26873 -4.3988123
26973 -4.543316
27073 -3.9450388
27173 -3.081453
27275 -1.3510952
27375 -0.072312355
27474 0.7997751
27558 1.4091635
27674 2.5006332
27774 3.2524805
27874 3.536049
27960 3.5910358
28075 3.4248486
28159 2.8416266
28259 1.6002235
28360 0.41834307
28459 -0.8967085
28560 -1.944181
28659 -2.9345694
28760 -3.6710877
28860 -3.9582105
28977 -4.0861773
29062 -4.11787
29160 -3.8226886
29261 -2.6768026
29361 -1.4080975
29461 -0.30038738
29561 0.4749899
29661 1.0824237
29995 3.3193645
30095 3.414733
30195 3.421833
30295 3.3398457
30397 2.550827
30495 0.9685483
30596 -0.48777008
30696 -1.6374183
30796 -2.5782437
30897 -3.1372154
30996 -3.3611453
31097 -3.6798205
31197 -3.7353835
31298 -3.5362883
31397 -3.1663306
31497 -2.1836026
31599 -1.2803695
31698 -0.38156223
31797 0.41162062
31897 1.2647004
31998 1.902977
32098 2.5434847
32198 3.001727
32299 3.1322842
32399 3.2003632
32499 3.0745707
32600 2.280488
32700 1.1302557
32800 0.08187628
32900 -0.9354749
33000 -1.5401382
33100 -2.3358076
33200 -3.0541854
33300 -3.391371
33400 -3.650187
33551 -3.8222895
33651 -3.6324458
33751 -2.4857807
33851 -1.2109215
33952 -0.07663822
34052 0.78150654
34136 1.4771528
34236 2.3205123
34336 2.9176316
34435 3.1221457
34553 3.250328
34635 3.2055197
34753 2.1822128
34839 1.2482896
34936 0.14247656
35037 -0.8687053
35137 -1.8747468
35654 -4.4291015
35754 -3.7232263
36172 0.628201
36272 1.3371105
36372 1.9990301
36472 2.7713394
36573 3.1682796
36672 3.4554806
36773 3.5185595
36872 3.4267855
36974 2.6990647
37073 1.2858315
37173 0.23172474
37274 -0.74076796
37375 -1.326654
37474 -2.5297017
37574 -3.74079
37674 -4.3451138
37775 -4.458212
37875 -4.1257954
37974 -3.2073467
38075 -1.8509119
38176 -0.69844866
38275 0.23845339
38376 1.1036057
38475 1.762114
38576 2.2700133
38676 2.8131065
38777 2.8464293
38876 2.8196115
38976 2.6774802
39076 1.8330431
39176 1.0542936
39278 0.22520828
39377 -0.559505
39478 -1.4519143
39577 -2.3855908
39677 -3.1356406
39778 -3.7634072
39878 -3.8268485
39978 -3.641123
40078 -3.5638802
40179 -2.9831634
40278 -2.240827
40379 -1.1241658
40479 -0.22827101
40579 0.7974019
40679 1.8496542
40763 2.4505477
40879 3.2272358
40963 3.4609556
41064 3.7229786
41164 3.6433802
41264 3.0158443
41363 2.2102113
41464 1.5197463
41564 0.45999527
41664 -0.3036766
41764 -1.1227117
41864 -1.6659298
41967 -2.3044486
42065 -2.842225
42167 -3.0911696
42264 -3.1132312
42366 -2.8852224
42465 -2.1926918
42566 -1.0318246
42666 -0.069693565
42766 0.76921034
42866 1.568048
42966 2.2489786
43068 2.815339
43166 3.206912
43267 3.242343
43367 3.148017
43468 2.0991578
43568 0.8446455
43668 -0.394763
43768 -1.4366632
43867 -2.3700016
43968 -3.0485883
44067 -3.5055802
44168 -3.6788142
44268 -3.6687038
44369 -3.5853078
44469 -3.0257638
44569 -1.7112107
44669 -0.708333
44770 0.3466406
44871 1.3635845
44970 1.8314924
45069 2.5854583
45169 3.0754805
45271 3.446165
45371 3.487319
45470 3.0523748
45571 2.1049967
45670 1.3371501
45771 0.28762722
45871 -0.5605407
45972 -1.5426273
46071 -2.4443626
46171 -3.0565505
46271 -3.410173
46372 -3.6354127
46471 -3.6507883
46572 -3.4734905
46673 -2.110042
46772 -0.69087267
46872 0.60847616
46972 1.8362641
47073 2.7638626
47173 3.2457647
47274 3.5361853
47373 3.6150217
47473 3.435399
47574 2.64615
47674 1.4344163
47777 -0.028943062
47874 -1.3203595
47975 -2.5048356
48075 -3.7751937
48175 -4.6727996
48276 -4.657332
48375 -4.459056
48475 -4.056667
48575 -2.84036
48675 -1.2546573
48776 -0.10459852
48876 1.2300005
48976 2.3719406
49078 3.725072
49176 4.9690676
49276 5.0
49376 5.0
49478 4.6847744
49577 3.3418226
49678 2.083159
49778 0.9720259
49877 -0.34791088
49979 -1.6520646
50078 -2.5814672
50178 -3.4978883
50278 -3.6325412
50378 -3.6386478
50479 -3.6309626
50579 -2.9433084
50679 -1.6385632
50779 -0.43072605
50880 0.67785263
50979 1.7298188
51080 2.7220292
51179 2.3729362
51281 3.0294075
51380 3.517661
51480 3.550848
51564 3.294302
51681 2.461141
51781 0.7724581
51864 -0.3531556
51966 -1.4610286
52065 -2.2572591
52165 -3.2089298
52264 -3.749681
52366 -3.472432
52465 -3.3817527
52566 -3.2938151
52665 -2.9317663
52766 -2.6553464
52868 -1.5069153
52966 0.15635014
53068 1.3450575
53166 2.3307214
53267 3.2213974
53367 3.904974
53467 4.1425457
53567 4.1033783
53668 3.7198868
53767 2.846167
53867 1.6090765
53969 0.17366648
54068 -0.92442036
54168 -2.1368825
54268 -3.0209594
54369 -3.7299352
54468 -4.281548
54568 -4.4467416
54669 -4.3236494
54770 -3.750113
54870 -2.6273913
54969 -1.5174675
55070 -0.4776969
55169 0.51548624
55270 1.7648497
55370 2.5844307
55470 3.0971355
55570 3.5899477
55671 3.6088428
55770 3.6389103
55870 3.5143414
55972 2.9475527
56071 1.795968
56172 0.3364954
56272 -0.847095
56371 -1.7843952
56472 -2.8285785
56572 -3.400593
56671 -3.994827
56773 -4.1765943
56872 -4.11951
56972 -3.7127516
57074 -2.541582
57173 -1.3043303
57273 -0.3918314
57374 0.63840675
57474 1.5405822
57574 2.670498
57673 3.3117008
57773 3.6606636
57874 3.811427
57975 3.7428207
58075 3.4499168
58175 2.3940315
58275 1.2291479
58375 -0.09896183
58475 -1.0079505
58575 -1.8825495
58676 -2.7839072
58775 -3.3732855
58876 -3.8368611
58975 -4.0075955
59077 -3.956331
59177 -3.2594447
59276 -1.9927702
59377 -0.8004508
59477 0.31218624
59576 1.3585749
59677 2.2986498
59777 3.1496544
59878 3.8427048
59978 3.9984694
60078 3.9119549
60178 3.5625973
60278 2.7884088
60378 1.7414947
60478 0.4884658
60579 -0.552454
60679 -1.4708633
60779 -2.3356135
60880 -3.2674427
60979 -3.86098
61079 -4.1418347
61180 -4.17245
61280 -3.9692924
61380 -3.2262034
61480 -2.1712127
61580 -0.90675306
61680 0.4294629
61782 1.4721956
61880 2.5682883
61982 3.5731993
62081 3.9604988
62181 3.959278
62267 3.9239693
62381 3.8334684
62481 3.1956005
62581 2.1403184
62667 0.8018398
62766 -0.25863552
62867 -1.2014439
62965 -2.0225346
63066 -3.1110394
63166 -3.869092
63266 -4.5575128
63367 -4.6814303
63467 -4.5899386
63569 -3.835588
63667 -2.5402412
63768 -1.3035369
63867 -0.0025877953
63968 1.4310408
64067 3.0632296
64169 3.9865704
64268 4.871151
64368 4.2772703
64469 4.0775776
64569 3.6303425
64670 2.858307
64769 1.6259232
64870 0.31566143
64969 -0.69176006
65070 -1.5486016
65170 -2.3587434
65270 -3.1604211
65371 -3.9706395
65470 -4.489531
65572 -4.52423
65670 -4.345005
65771 -3.4146798
65871 -2.1222548
65971 -0.71052885
66070 0.505456
66172 1.6826568
66271 2.5049782
66372 3.3279305
66473 3.605688
66572 3.5834866
66673 3.58356
66772 3.3346653
66872 2.3564873
66974 0.73595333
67073 -0.16473007
67174 -1.1042056
67273 -2.0278132
67374 -2.907845
67474 -3.7534716
67573 -4.273926
67673 -4.5276165
67773 -4.1873083
67874 -3.5022144
67974 -2.0623183
68075 -0.8153968
68175 0.4857998
68275 1.6346731
68375 2.3630905
68474 3.3217993
68575 3.6780949
68677 3.7501783
68775 4.0422974
68876 3.9405003
68976 3.187417
69077 1.3239069
69176 -0.5013914
69276 -1.5626512
69377 -2.2800255
69476 -2.9067552
69579 -3.8047504
69676 -4.3782015
69779 -4.6323686
69878 -4.6471863
69978 -4.050102
70078 -2.927272
70178 -1.6295826
70278 -0.3784666
70379 0.8228049
70479 1.9550972
70578 2.9049578
70680 3.754714
70778 3.8592367
70880 4.2811937
70978 4.2634983
71080 3.9766722
71180 3.0877857
71280 2.0246382
71379 0.812974
71480 -0.31681538
71582 -1.4094265
71680 -2.108876
71780 -2.5901508
71881 -3.1429715
71981 -3.5343425
72081 -3.6730547
72181 -3.4141424
72281 -2.0924091
72382 -0.72028637
72482 0.48898935
72565 1.2499762
72666 2.4261193
72765 3.384428
72866 4.009514
72966 4.0855513
73066 4.0489025
73166 3.7055464
73266 2.2453246
73366 0.7216368
73466 -0.44226742
73567 -1.3742516
73666 -2.293067
73768 -3.2406764
73867 -3.8807023
73968 -4.433095
74068 -4.476614
74169 -4.320202
74268 -3.7303824
74369 -2.5929456
74470 -1.2668808
74568 -0.16375875
74669 1.0924954
74770 2.2871766
74870 3.1952686
74970 4.044136
