14 -2.7247894
114 -1.9235218
214 -0.7452359
315 0.33948612
415 1.7231584
515 2.3919487
615 3.532014
716 3.8450193
815 3.7799873
915 2.8758879
1015 1.5234632
1115 0.29176807
1217 -0.9915371
1317 -2.2034745
1416 -2.9030716
1517 -2.9589205
1617 -2.26409
1718 -0.96181726
1817 0.32880545
1917 1.6020622
2018 2.3292856
2117 3.3199368
2217 3.4010153
2318 2.470759
2417 1.7381997
2518 0.48003292
2619 -0.68433285
2718 -1.8815923
2819 -2.610556
2919 -2.7003589
3019 -1.9124036
3119 -0.8280716
3219 0.46469593
3319 1.6573472
3419 2.3895988
3519 3.1719189
3620 3.5223112
3721 3.097661
3820 2.0248184
3921 0.6888561
4021 -0.6477947
4103 -1.8166499
4203 -2.680901
4303 -3.0669382
4403 -2.9245818
4503 -2.0230658
4606 -0.8082137
4706 0.4184413
4806 1.5275507
4906 2.3625474
5006 3.2104254
5106 3.3180332
5205 2.4371948
5305 1.141717
5405 0.04701519
5505 -1.0232818
5605 -2.1788602
5705 -2.6941576
5809 -2.8361447
5906 -2.6225896
6009 -1.7615299
6109 -0.5689988
6208 0.6088481
6306 1.7106919
6407 2.380536
6507 2.4213781
6607 2.32611
6707 1.7621789
6807 0.33992863
6908 -0.95588493
7008 -1.9295471
7108 -2.5287175
7209 -2.903093
7309 -2.9544513
7409 -2.4939954
7509 -1.0875919
7608 0.14486313
7711 1.4699821
7811 2.3909287
7911 2.851087
8011 3.0900564
8111 2.080915
8211 0.82001877
8311 -0.352283
8412 -1.4535127
8512 -2.418245
8612 -2.8432946
8712 -2.811784
8812 -2.1564965
8912 -0.8710003
9012 0.3771658
9113 1.5549393
9213 2.2964005
9312 3.4199533
9412 3.2285433
9513 1.9204836
9614 0.48939085
9714 -1.0136001
9814 -2.3036554
9914 -3.1155434
10014 -3.68348
10114 -3.167906
10214 -2.1194065
10315 -0.72648954
10414 0.64567995
10515 1.8715773
10614 2.6342516
10714 3.2059612
10814 2.7093072
10916 1.3910518
11016 0.091146946
11115 -1.1605046
11216 -2.2664313
11316 -3.1777053
11415 -3.5190582
11516 -3.1661375
11616 -2.0529683
11716 -0.5427489
11816 0.8873606
11916 2.1045418
12017 3.0685472
12117 3.4425793
12218 2.8626318
12318 1.6421747
12418 0.26249456
12517 -1.2317948
12617 -2.6802502
12718 -3.54949
12817 -3.2409794
12917 -2.262031
13018 -0.62711763
13118 1.0561161
13218 2.245809
13321 3.466117
13420 3.6613426
13519 2.8109703
13618 1.5544076
13721 -0.041888237
13819 -1.510674
13919 -2.7558322
14003 -3.2706037
14103 -3.2341204
14203 -2.4458435
14303 -1.055722
14405 0.28484535
14504 1.6164145
14604 2.5035057
14704 3.4335804
14804 3.6417332
14904 3.1393948
15005 1.95718
15104 0.44451904
15204 -0.89628506
15305 -2.1744542
15405 -3.032566
15505 -3.1578107
15605 -2.6314015
15706 -1.4395211
15806 -0.31050062
15907 0.8131156
16006 1.8617043
16107 2.6657858
16206 3.2408428
16309 3.5209255
16409 3.4674282
16510 2.440979
16610 1.0447173
16710 -0.43737507
16809 -1.6295197
16909 -2.6443057
17009 -3.1777701
17109 -3.8601592
17208 -3.634414
17309 -2.659901
17408 -1.4534106
17511 -0.21647549
17611 0.9354105
17712 1.9037261
17812 2.3480988
17912 3.2919264
18012 3.089635
18112 1.9485221
18212 0.37183857
18311 -1.2623782
18410 -2.6837537
18510 -3.2400243
18610 -3.3252373
18711 -2.5404425
18811 -0.9990778
18911 0.5090046
19012 1.8080301
19111 2.684578
19214 3.3114634
19313 3.4307175
19412 2.9417672
19512 1.724144
19612 0.20136118
19713 -1.4008651
19813 -2.8136375
19913 -3.1896343
20013 -3.0652037
20113 -1.9876771
20214 -0.57659054
20313 0.89009523
20416 2.0053368
20513 2.7763014
20615 3.4082508
20715 3.0688305
20815 1.9024343
20915 0.48657513
21015 -0.8973131
21114 -2.1346552
21215 -2.914346
21315 -3.1457407
21415 -3.1917472
21515 -2.8246791
21616 -1.9054163
21717 -0.7744274
21816 0.48126984
21917 1.6669288
22016 2.2817926
22116 2.296823
22217 1.6371965
22317 0.56060266
22417 -0.70079756
22517 -1.9436634
22617 -2.8908877
22717 -3.5929856
22818 -3.7542808
22919 -2.8287635
23018 -1.8456264
23119 -0.48468113
23218 0.9169345
23318 2.0400033
23419 2.318509
23519 2.282032
23619 2.1986046
23719 1.7703309
23819 0.5422549
23919 -0.58858013
24003 -1.5325077
24103 -2.6328473
24203 -3.1882148
24303 -3.3255873
24404 -3.1024852
24504 -2.5675545
24604 -1.6036808
24704 -0.3612919
24804 0.9148054
24904 2.001958
25004 2.5314589
25105 3.0437698
25205 3.2438726
25305 2.6231537
25405 1.8557806
25505 0.7616606
25605 -0.59829855
25705 -1.743681
25806 -2.575848
25906 -2.824015
26006 -2.7119906
26106 -2.0368772
26206 -1.0976074
26309 -0.18794918
26409 0.8186798
26508 2.0293207
26609 2.5536294
26709 3.0904999
26809 3.1713934
26909 2.4572906
27008 2.2185936
27108 1.0687361
27208 -0.29106998
27308 -1.4869103
27408 -2.3373451
27509 -2.9486465
27609 -3.6653814
27710 -4.0656505
27809 -4.100616
27909 -3.1800308
28010 -2.030481
28109 -0.8875189
28210 0.16006184
28310 1.315762
28410 2.1919365
28644 3.0321627
28744 3.1143513
28844 2.963945
28944 2.5135546
29045 2.142508
29145 1.6854353
29246 0.27629757
29346 -1.0962739
29446 -2.2101684
29546 -2.6745362
29646 -2.644896
29746 -1.8394291
29846 -0.7000942
29946 -0.018295765
30046 0.6307144
30146 1.848001
30247 3.2392159
30347 3.59241
30447 3.420576
30548 2.986117
30648 1.8061762
30747 0.46264935
30850 -0.83568907
30950 -2.107023
31050 -2.9373186
31150 -3.246385
31250 -3.0577261
31349 -2.2953544
31449 -1.6364758
31549 -0.8747525
31650 0.14100695
31750 1.4778061
31850 2.471377
31949 3.1653528
32050 3.8376026
32149 4.2955523
32250 4.2811937
32350 3.7062082
32450 2.109774
32551 1.2148867
32651 0.28405666
32753 -0.6173258
32852 -1.4515438
32953 -2.1258435
33052 -2.2606266
33153 -1.9564509
33369 0.367496
33470 1.4354682
33569 2.1446023
33669 2.26867
33769 2.7630892
33870 2.9015665
33970 2.219709
34069 1.6636057
34170 0.26248312
34271 -1.0638957
34371 -2.1426759
34470 -2.8518355
34570 -3.143461
34671 -3.2818499
34771 -3.1738276
34872 -2.7186642
34972 -2.009839
35071 -1.3539703
35171 -0.55942726
35806 3.2265205
35907 3.3054123
36007 3.2886105
36107 2.9398088
36206 2.1416779
36307 0.83700085
36407 -0.33812284
36507 -1.2911987
36608 -1.9818788
36708 -2.3750088
36808 -2.4770815
36908 -2.3646524
37009 -1.603024
37109 -0.5880399
37209 0.40738392
37309 1.2807293
37409 2.1001916
37509 2.8997278
37609 3.4716377
37709 3.3243313
37809 2.6949396
38043 0.73223543
38143 -0.4594488
38244 -1.4942448
38344 -2.2006526
38444 -2.3989382
38544 -2.060602
38645 -1.0382798
38745 -0.112101555
38846 0.7262249
38945 1.3664522
39028 1.929873
39128 2.2246351
39228 2.3991675
39328 2.1065269
39428 0.99330807
39529 0.34240055
39629 -0.5053663
39729 -1.3544476
39830 -1.8635793
39929 -1.8905904
40029 -1.2547843
40130 0.16550493
40230 0.9803095
40330 1.4760756
40430 1.9726801
40530 2.1354852
40630 2.1467452
40731 1.7745657
40831 0.030719757
40932 -0.9256387
41034 -1.8079429
41132 -2.285598
41232 -2.4892352
41334 -2.4682908
41434 -1.7980018
41534 -0.6779909
41634 0.39115715
41734 1.4726348
41834 2.1647658
41935 2.9488473
42035 3.7527666
42135 4.05579
42234 4.0003233
42334 3.569705
42434 2.3205347
42537 1.2236743
42636 -0.046316624
42736 -1.1494725
42836 -2.1177132
42936 -2.7407749
43036 -2.9938936
43137 -2.9094825
43237 -2.5409272
43336 -2.0677269
43436 -1.3766124
43536 -0.7000942
43635 0.04621744
43736 0.9046035
43836 1.7793627
43936 2.146933
44036 2.697599
44139 3.2684994
44236 3.572237
44336 3.6491194
44439 3.408867
44539 2.2842455
44639 2.0479522
44739 1.08002
44839 -0.4021535
44939 -1.6467757
45039 -2.3844078
45139 -2.4520376
45238 -1.8459535
45338 -0.80507517
45439 0.27642727
45538 1.3499212
45639 2.3695846
45740 3.232273
45841 3.8235493
45940 3.906104
46040 3.6674213
46140 2.346713
46240 0.8160634
46340 -0.41785288
46441 -1.4960895
46540 -2.2884672
46641 -2.529365
46740 -2.484185
46841 -1.8500986
46942 -0.5256357
47043 0.8817363
47142 2.3885984
47242 3.5375795
47343 4.546339
47442 4.547085
47542 3.8003616
47642 2.3145294
47742 0.87681675
47842 -0.54731274
47943 -1.6079991
48043 -2.834993
48143 -3.0149753
48244 -2.468928
48344 -2.2015157
48444 -1.1269798
48543 0.37227106
48645 1.808249
48744 2.7892694
48844 3.3964605
48928 3.4044743
49028 2.24191
49128 1.3669906
49228 -0.3735814
49329 -1.5034289
49429 -2.3119915
49529 -2.9216933
49629 -3.0822537
49729 -2.5703006
49829 -1.6428738
49929 0.06111622
50029 1.5632782
50130 2.5904093
50230 3.2077322
50330 3.6253958
50430 3.2146502
50530 2.2674189
50634 1.2611628
50734 -0.21182871
50831 -0.80418587
50933 -1.7995639
51031 -2.185268
51134 -2.1323454
51231 -2.0507512
51332 -1.0691009
51432 0.23111773
51533 1.4165702
51633 2.4164214
51733 2.7762194
51833 3.028078
51933 2.3801203
52033 1.3993402
52133 0.5099516
52233 -0.46720743
52333 -1.6366093
52436 -3.2865644
52534 -4.1053815
52637 -2.679451
52737 -1.4003181
52836 -0.11576414
52937 1.2053232
53036 2.2254906
53137 2.987175
53236 2.9866014
53335 2.2805085
53435 1.8021789
53535 0.68052626
53636 -0.38432074
53739 -1.4498291
53839 -2.4595919
53936 -3.1562986
54039 -3.1560104
54137 -2.4066951
54239 -1.170629
54337 0.19298029
54437 1.3701301
54537 2.2496948
54637 2.828405
54737 2.9771605
54839 2.3191023
54938 1.2316523
55039 0.017764568
55139 -1.1638165
55240 -2.171719
55340 -2.7041278
55440 -2.7447593
55539 -2.1116781
55640 -0.9561906
55740 0.35872126
55840 1.7016206
55939 2.6613593
56040 3.189165
56140 3.3641262
56374 1.1152034
56457 0.010887623
56557 -1.325419
56657 -2.485782
56757 -3.0692804
56858 -2.8995996
56959 -2.0032024
57058 -0.84519863
57158 0.33559704
57258 1.6231904
57359 2.412973
57459 2.8712988
57559 2.762947
57659 2.0224714
57759 0.97606325
57859 -0.23884296
57963 -1.5233359
58063 -2.6383998
58163 -2.9134007
58394 -1.3430991
58494 -0.07155132
58594 1.2715287
58694 2.2989397
58794 3.307559
58894 3.5773277
58995 3.0931025
59095 1.6000404
59195 0.7123375
59295 -0.44225073
59396 -1.5455906
59479 -2.349074
59579 -2.6557536
59679 -2.7175598
59779 -1.9245172
59879 -0.35186672
59980 0.97824955
60080 2.110601
60180 2.840014
60280 3.163084
60380 2.6794953
60480 1.398593
60580 -0.04084301
60681 -1.4017735
60781 -2.4152493
60881 -2.8088863
60981 -2.5139146
61081 -1.5200322
61181 -0.23813868
61282 0.946805
61381 2.0039644
61482 2.7804694
61582 3.0392246
61682 2.81988
61785 2.0944605
61885 1.226738
61985 0.0058197975
62085 -1.5472031
62185 -2.5832458
62285 -3.0853198
62384 -2.7534537
62484 -1.6927395
62584 -0.37092113
62684 0.9659915
62784 2.1145477
62885 2.9727316
62984 3.185627
63087 2.8928232
63187 2.1195765
63287 0.67698574
63386 -0.5573888
63485 -2.0134726
63585 -2.8697298
63686 -3.0409632
63786 -2.44523
63886 -1.205019
63986 0.13935423
64086 1.5421906
64187 2.638761
64287 2.978939
64387 2.8695502
64487 2.1853323
64590 0.77875423
64687 -0.5768814
64790 -1.9052141
64890 -2.884469
64990 -2.9723554
65090 -2.1661165
65189 -0.9113178
65290 0.035305977
65388 1.4795136
65490 2.470347
65591 3.1347427
65690 3.169734
65789 2.6661463
65890 1.9429016
65990 0.65925694
66090 -0.6641464
66190 -2.0122783
66290 -2.9090204
66390 -3.0975115
66490 -2.27346
66590 -0.788434
66692 0.63001966
66791 1.8313818
66892 2.5908241
66993 2.7523355
67092 1.9421625
67192 0.61966467
67292 -0.7775049
67392 -2.0960171
67492 -3.2008877
67592 -3.783475
67692 -3.1342008
67793 -2.1082337
67895 -0.67719793
67994 0.74980974
68094 1.9004693
68193 2.6972275
68294 2.809207
68394 2.1819024
68494 1.1214023
68594 -0.10037041
68694 -1.2649274
68795 -2.4288905
68894 -2.9457886
68994 -2.8912091
69095 -2.0321126
69196 -0.8486967
69295 0.27774715
69395 1.4251261
69495 2.3676925
69579 2.8834062
69679 2.9944086
69779 2.245697
69879 1.2225313
69980 -0.3470292
70080 -1.5683417
70181 -2.4698968
70281 -2.870456
70380 -2.811745
70480 -2.1092527
70581 -0.9273424
70681 0.21063042
70781 1.3943605
70881 2.3324804
70981 2.8063517
71081 2.6021032
71181 1.4846244
71285 0.1964941
71385 -1.0913892
71485 -2.275183
71585 -2.953352
71682 -3.0790613
71785 -2.499352
71884 -1.2598941
71984 -0.016020775
72085 1.1865487
72185 2.1614304
72285 2.5713415
72383 2.465066
72483 1.5879946
72587 0.42288446
72687 -1.1014524
72784 -2.29326
72884 -3.3189545
72987 -3.4880373
73087 -2.5581083
73187 -1.343221
73287 -0.116438866
73385 1.1035633
73485 2.1498055
73585 2.7167969
73686 2.6959434
73787 1.97927
73887 0.8777132
73987 -0.56129503
74087 -1.8289895
74186 -2.874047
74287 -3.0637946
74390 -2.4955087
74490 -1.2752967
74589 -0.12653208
74690 1.1030865
74790 1.9089217
74890 2.1622782
74990 1.5854445
