11 3.0477905
112 3.3256826
212 3.3938608
312 3.2419434
412 2.7456613
513 1.1702662
846 -2.4009614
946 -2.5055182
1046 -2.3294964
1147 -1.7798171
1247 -0.98316383
1347 -0.09161615
1447 1.2569141
1547 2.451892
1647 3.1210623
1747 3.3360643
1847 3.33105
1948 3.1476688
2048 1.4800119
2148 -0.33727837
2248 -1.7912507
2348 -2.6745238
2448 -2.9273036
2549 -2.575317
2649 -1.284945
2749 0.3628497
2849 1.9621787
2949 3.3539524
3050 4.1019287
3150 4.362096
3250 4.156763
3350 3.2614956
3450 2.0088463
3550 0.7394419
3650 -0.9149952
3751 -2.1645465
3851 -2.8470743
3951 -2.9273245
4051 -2.6993694
4151 -1.8686936
4251 -0.48281097
4351 0.85075474
4452 2.3820906
4552 3.312254
4652 3.8496666
4752 3.8601274
4853 3.410327
4952 2.3132615
5053 0.6976938
5153 -0.9744463
5253 -2.2239442
5354 -2.8819594
5453 -3.0453582
5554 -2.7766726
5654 -2.1467748
5753 -1.380532
5854 0.077054024
5954 1.7628126
6054 2.9080324
6154 3.570198
6255 3.759575
6355 3.7501888
6456 3.2659721
6555 2.0465355
6655 0.40810347
6755 -1.0999146
6855 -2.1276162
6955 -3.0377765
7056 -3.1964004
7156 -3.122909
7256 -2.815061
7356 -2.0513084
7456 -0.77588224
7556 0.7334795
7657 1.9812608
7757 2.6725655
7857 3.1085052
7957 3.227747
8057 3.0738134
8157 2.4398246
8258 0.99333096
8358 -0.50925446
8625 -3.4554367
8725 -3.44702
8825 -3.137116
8925 -2.486566
9025 -1.3108964
9126 0.19139528
9226 1.5362916
9326 2.4554377
9426 2.9255195
9526 3.0761623
9626 3.020422
9726 2.5053315
9826 1.3259101
9926 -0.013349533
10027 -1.4998984
10127 -2.6400602
10227 -3.1892734
10328 -3.0665946
10427 -2.7596326
10528 -1.7917435
10628 -0.29494905
10728 1.1834955
10828 2.3238044
10928 3.190424
11029 3.5143108
11129 3.5496578
11229 3.1855774
11329 2.3702545
11429 1.0591135
11530 -0.40733957
11629 -1.643004
11730 -2.5768914
11830 -2.9521823
11930 -2.9932225
12030 -2.7230692
12130 -1.9492898
12231 -0.47053242
12331 1.0090256
12430 2.157331
12531 3.058611
12631 3.4623108
12731 3.5862894
12831 3.5469322
12932 3.102622
13032 2.0811439
13132 0.45769978
13232 -1.0170808
13332 -2.2266326
13432 -2.8699565
13533 -3.014962
13633 -2.8680341
13733 -2.3060765
13833 -0.93752766
13933 0.4573202
14033 1.7961245
14134 2.6922712
14234 2.9927874
14334 2.941134
14434 2.3870125
14534 1.2625566
14634 -0.113978386
14734 -1.5164967
14835 -2.4753857
14935 -3.0916853
15035 -3.1674533
15135 -2.8629518
15235 -1.7258868
15335 -0.035019875
15435 1.2943816
15536 2.405716
15636 3.0069237
15736 3.1979733
15836 3.0659971
15936 2.4479399
16036 1.1734581
16137 -0.041600704
16236 -1.2941978
16337 -2.3115468
16437 -2.8587327
16537 -3.0705173
16637 -3.027161
16737 -2.5793567
16838 -1.4904716
16921 -0.3200879
17021 0.8500948
17121 2.0539541
17221 2.911653
17321 3.2964468
17421 3.3471622
17521 3.279996
17622 3.052267
17722 2.5923967
17822 1.696373
17923 0.77743626
18023 -0.09595966
18123 -1.0938988
18223 -2.0794375
18323 -2.68556
18423 -2.9000983
18523 -2.797812
18624 -2.4441667
18724 -1.6860726
18824 -0.63915443
18924 0.57675457
19024 1.7240272
19125 2.6483588
19225 3.0073366
19325 3.1364937
19425 2.9934678
19525 2.6060553
19625 1.9671922
19725 0.92561436
19826 -0.10274029
19926 -1.1394947
20027 -2.056294
20126 -2.6692653
20226 -3.0068252
20326 -3.0322845
20426 -2.8659422
20527 -2.4044995
20627 -1.814156
20727 -0.9631643
20827 0.0016527176
20927 1.158618
21028 2.062735
21128 2.8519745
21228 3.446601
21328 3.7130423
21428 3.6720867
21528 3.4104843
21629 2.8845582
21729 1.9990525
21829 0.7694521
21929 -0.40808058
22029 -1.6084704
22130 -2.5493236
22229 -3.0856524
22329 -3.2593427
22430 -3.1082046
22530 -2.7644093
22630 -2.193114
22731 -0.84520006
22830 0.5273905
22930 2.2210946
23031 3.369071
23131 4.2097406
23231 4.417922
23331 4.30389
23431 3.7693577
23531 3.2984753
23632 2.7731667
23732 2.2330499
23832 1.2871332
23933 0.49802017
24033 -0.40438604
24132 -1.3444054
24232 -2.2155766
24333 -2.8152208
24433 -3.1614122
24533 -3.0838199
24633 -2.7401655
24733 -1.6983368
24833 -0.6497712
24934 0.50015545
25034 1.6374984
25134 2.5731325
25235 3.3789158
25335 3.7999973
25435 3.9525099
25535 3.892933
25635 3.5140858
25735 2.9118166
25835 2.0055237
25935 0.911973
26035 -0.18604183
26136 -1.2287784
26235 -2.1087022
26336 -2.688443
26437 -2.9125743
26536 -2.9145353
26636 -2.6161616
26736 -1.7371807
26836 -0.6879363
26937 0.35459948
27037 1.5535469
27137 2.521469
27237 3.4004955
27337 3.7726307
27438 3.8018198
27537 3.4870872
27621 2.7218695
27721 1.7766838
27821 0.35499287
27921 -0.6714406
28021 -1.7696834
28121 -2.6068084
28222 -3.135158
28322 -3.3349524
28422 -3.3223119
28523 -3.1607068
28623 -2.5520637
28723 -1.5877571
28823 -0.7105751
28923 0.34974337
29023 1.3819618
29124 2.5878892
29224 3.4458036
29324 3.8143225
29424 3.8427944
29524 3.8026962
29624 3.475196
29724 2.876737
29824 1.9024558
30059 -0.48938322
30158 -1.6832523
30259 -2.6855044
30359 -3.4110136
30459 -3.5372648
30559 -3.5537078
30659 -3.3777194
30760 -2.8929317
30859 -1.8566141
30960 -0.7478037
31060 0.36431217
31160 1.6559615
31260 2.546012
31361 3.3975277
31460 3.7558022
31560 3.8921337
31878 2.4362068
31978 1.4126015
32078 0.069814205
32178 -0.9036889
32279 -1.9532909
32379 -2.6774564
32478 -3.1366801
32579 -3.2617402
32679 -3.2536063
32779 -2.9656217
32879 -2.4465592
32979 -1.7681518
33080 -0.5999956
33180 0.5250783
33330 1.9947214
33430 2.669652
33530 3.2016478
33630 3.5025463
33731 3.5564327
33831 3.4750156
33931 3.1650734
34031 2.693863
34131 2.0787797
34231 1.1644049
34332 0.25224972
34432 -0.9279876
34532 -1.9449487
34632 -2.648071
34733 -3.0396276
34832 -3.1912224
34932 -3.1334252
35033 -2.8205574
35133 -2.1415684
35785 3.8651161
35884 3.916031
35984 3.8452787
36084 3.627264
36185 3.112053
36285 2.390348
36385 1.5295715
36485 0.33755207
36585 -0.35739422
36686 -1.2509875
36785 -2.0379817
36886 -2.6512463
36986 -3.1056652
37086 -3.339351
37187 -3.419855
37286 -3.293584
37386 -3.0105262
37487 -2.403133
37587 -1.3952897
37687 -0.18313932
37787 1.0307035
37887 2.0399337
37987 2.911725
38088 3.3586674
38188 3.53271
38271 3.5504131
38371 3.373866
38471 2.9516182
38571 2.223771
38671 1.139791
38771 0.21588755
38871 -0.87922144
38972 -1.813096
39072 -2.58805
39173 -3.0875247
39273 -3.3243368
39373 -3.2545428
39473 -2.9590747
39573 -2.4460654
39673 -1.3827152
39773 -0.20194149
39874 0.93150806
39974 1.8601456
40074 2.8102126
40174 3.371562
40274 3.7717648
40374 3.8835287
40474 3.8517952
40575 3.7253666
40675 3.346178
40775 2.5019083
41126 -1.0493042
41226 -1.9114149
41326 -2.5319881
41426 -3.0725906
41526 -3.4864273
41627 -3.6016252
41726 -3.545362
41827 -2.9410872
41927 -1.8206654
42027 -0.44322777
42127 0.8176508
42227 1.8093505
42327 2.7188768
42428 3.2158403
42528 3.3964596
42628 3.3837242
42728 3.2991362
42828 2.1525297
42928 1.0543432
43029 0.15998507
43129 -0.8159776
43229 -1.9201434
43329 -2.5803769
43430 -2.9734988
43529 -3.0724843
43630 -2.9205885
43730 -2.5351348
43830 -1.5442824
43930 -0.22124052
44030 0.81247425
44130 1.8691139
44231 2.7124443
44331 3.274788
44431 3.5083942
44532 3.5659962
44631 3.4649792
44732 3.3677168
44831 2.9203963
44931 1.971643
45032 0.5803089
45115 -0.3907423
45215 -1.6404445
45315 -2.558632
45415 -3.0803885
45515 -3.402362
45615 -3.3166366
45716 -2.9529903
45816 -2.0041912
45916 -0.6138425
46017 0.51472044
46117 1.6389627
46217 2.567936
46317 3.227416
46417 3.4645872
46517 3.543398
46618 3.3918037
46718 2.9737945
46818 2.0968199
46918 0.7872324
47018 -0.31353474
47118 -1.655648
47218 -2.6856933
47319 -3.4647057
47419 -4.075905
47519 -4.0426574
47619 -3.0933375
47719 -2.06985
47819 -0.49653816
47919 1.3241439
48020 2.6646166
48120 3.6524525
48220 3.8425846
48320 3.5126114
48421 2.852707
48520 1.8660064
48620 0.8221941
48720 -0.24177217
48821 -1.2997379
48921 -2.103191
49021 -2.557795
49121 -2.7236466
49221 -2.4848852
49322 -2.0064116
49422 -1.1037025
49522 -0.115899086
49623 1.0024729
49722 1.9999604
49823 2.799077
49923 3.357274
50022 3.5703287
50123 3.6140852
50223 3.5068693
50323 2.8197746
50424 1.9299974
50523 0.73222923
50624 -0.5108843
50724 -1.8316174
50824 -2.8938622
50925 -3.4192715
51024 -3.6372173
51124 -3.4398828
51225 -2.6002553
51325 -1.5606899
51425 -0.24278164
51525 0.7739687
51626 1.6485038
51725 2.3729744
51826 2.7424345
51926 2.813498
52026 2.7997942
52126 2.247304
52226 0.93515587
52326 -0.040776253
52427 -1.2989755
52526 -2.4140978
52627 -3.1162329
52727 -3.7125566
52827 -3.7489862
52928 -3.7366142
53028 -3.5297976
53128 -2.1580913
53228 -0.45793104
53328 0.90701103
53428 2.1176348
53528 2.910253
53628 3.3919077
53729 3.4604063
53829 3.325799
53929 2.8086257
54029 2.001668
54129 0.8023715
54229 -0.18812418
54330 -1.4332168
54430 -2.547129
54530 -3.4653382
54630 -3.8203688
54731 -3.57721
54831 -2.9959273
54930 -2.2145662
55031 -0.81889725
55131 0.4877429
55231 1.7778931
55331 2.909224
55431 3.6257782
55531 3.9134235
55632 3.7772732
55732 3.0311985
55815 2.255332
55915 1.2283792
56015 -0.17070866
56115 -1.5991821
56215 -2.7031372
56315 -3.3980145
56416 -3.7259736
56516 -3.4004035
56616 -2.7920241
56717 -2.1069634
56817 -0.9837389
56917 0.17940617
57017 1.1635313
57117 2.0498228
57217 2.985395
57318 3.4228916
57418 3.4970007
57518 3.4008827
57618 2.8791075
57718 1.9330397
57818 0.6792307
57918 -0.615911
58019 -1.9472659
58119 -3.0182755
58219 -3.603827
58319 -3.7369761
58419 -3.5016809
58520 -2.7718325
58619 -1.7094715
58719 -0.42947674
58820 0.9858408
58920 1.9941306
59020 2.7102532
59120 3.004305
59220 3.0366077
59321 2.8485832
59421 2.076518
59521 0.9461117
59622 -0.27496433
59721 -1.8398952
59821 -2.7921538
59922 -3.5551317
60022 -3.684295
60122 -3.454579
60222 -2.7318873
60322 -1.6545944
60423 -0.18062115
60523 1.0973845
60623 2.181511
60723 2.8796473
60823 3.0892277
60923 2.9351244
61023 2.3776941
61124 1.3283939
61357 -2.3234
61457 -3.204027
61557 -3.520408
61658 -3.5509841
61758 -3.4483607
61858 -2.8752985
61958 -1.8300099
62058 -0.4417734
62158 1.0030918
62259 2.2079964
62359 3.059702
62459 3.5031652
62559 3.6784973
62659 3.6775675
62759 3.354559
62860 2.510993
62960 1.0161638
63059 -0.5064182
63160 -1.9279697
63260 -2.8258467
63360 -3.2621686
63460 -3.291368
63560 -3.0279164
63661 -2.1113057
63761 -0.8536649
63861 0.6446886
63961 2.0587754
64062 2.933
64162 3.4941263
64262 3.6222706
64362 3.616169
64462 3.4384222
64562 2.6886244
64662 1.0862412
64762 -0.6976414
64863 -2.2696424
64963 -3.0682616
65063 -3.3804805
65164 -3.3090189
65263 -3.056139
65364 -2.090283
65463 -0.6018238
65564 0.6891842
65664 1.979249
65764 2.825232
65864 3.2951698
65964 3.3923588
66064 3.2289886
66165 2.4833336
66265 1.1824808
66365 -0.28673363
66465 -1.589037
66565 -2.376533
66666 -2.5357308
66766 -2.2235262
66866 -1.0834384
66966 0.4747591
67067 1.8939834
67166 2.7558556
67266 3.564087
67367 3.9185314
67467 3.9563465
67566 3.6837044
67667 2.8654509
67767 1.693438
67867 0.25503254
67968 -1.0903637
68068 -2.374532
68168 -3.2453237
68268 -3.5293803
68368 -3.39372
68468 -2.8893428
68569 -1.3236175
68668 0.18558407
68769 1.6193457
68869 2.789476
68969 3.4227276
69069 3.6200914
69170 3.5416307
69269 2.8854952
69370 1.7315316
69470 0.2631879
69570 -1.0885005
69670 -2.507879
69771 -3.3019185
69870 -3.5851133
69971 -3.3995428
70054 -2.7652204
70154 -1.661509
70254 -0.36734915
70354 0.953084
70454 2.0175753
70554 2.8984742
70654 3.2254639
70755 3.249855
70855 2.9782743
70956 2.3752341
71056 1.3503613
71156 0.13125181
71256 -1.354276
71356 -2.3165746
71456 -2.9153278
71556 -3.0335705
71657 -2.8087327
71757 -2.1083207
71857 -0.7744174
71957 0.6544719
72057 1.8547144
72157 2.8806624
72258 3.4138746
72358 3.5382137
72458 3.275835
72558 2.5673857
72658 1.4131036
72758 0.21169376
72858 -1.1502919
72959 -2.3449247
73059 -2.9146438
73159 -3.0824053
73259 -3.0624113
73359 -2.7660072
73459 -1.9201422
73560 -0.33546257
73659 1.0749469
73760 2.595584
73860 3.538312
73960 4.1881943
74060 4.2940893
74161 4.1616373
74261 3.9578533
74361 3.1592426
74461 2.2017326
74561 0.8578129
74661 -0.35939407
74762 -1.683337
74862 -2.7766573
74962 -3.2132113
