15 -0.102394104
115 1.6394958
214 2.3988543
316 2.5470872
416 1.4453421
516 -0.19334269
617 -1.9656913
717 -2.7965531
817 -2.5314357
917 -0.9819093
1018 0.9370699
1118 2.180973
1218 2.6281748
1317 2.052649
1417 0.30876827
1519 -1.5352912
1618 -2.54228
1702 -2.8539028
1803 -1.9924397
1903 -0.04792452
2003 1.8722343
2103 2.9545946
2203 2.9507837
2303 1.5364861
2404 -0.55235386
2505 -2.9923692
2605 -3.8159595
2704 -3.3928256
2805 -1.9329448
2906 0.5123162
3006 2.2212286
3106 2.877327
3206 2.6055884
3307 1.1478772
3406 -0.7976122
3507 -2.1176982
3607 -2.5173557
3708 -1.6244435
3808 0.47929764
3907 1.96277
4009 2.6655579
4108 2.263462
4209 0.8418975
4310 -1.0840192
4410 -2.2698936
4510 -2.4403768
4609 -1.391664
4710 0.8862543
4811 2.3129206
4910 2.7168565
5011 2.0999413
5112 0.4741807
5211 -1.5242722
5312 -2.6805162
5412 -2.8172057
5512 -1.4551842
5613 0.54415226
5712 2.2609162
5814 2.6796732
5913 2.2242026
6013 0.6898508
6114 -1.5470567
6214 -2.9925966
6315 -3.2419696
6415 -2.3158991
6516 -0.46819782
6616 1.5130248
6715 2.5522842
6815 2.6074114
6916 0.87743425
7017 -1.4786155
7116 -2.9708686
7218 -3.190989
7317 -2.4193928
7417 -0.90379715
7518 0.93568087
7619 2.3168616
7718 2.777341
7818 1.9525452
7918 -0.2643957
8003 -1.7038159
8102 -3.277674
8203 -3.2669072
8304 -2.1712768
8403 0.38820934
8503 2.2119703
8604 3.1281443
8705 2.9384928
8805 1.380189
8905 -0.7679429
9005 -2.4721856
9106 -2.9830015
9205 -2.4331002
9305 -0.4905157
9407 1.6323738
9507 2.8473296
9607 2.8930407
9707 1.4844527
9807 -0.68381214
9907 -2.4583588
10008 -3.562554
10109 -3.5676782
10209 -2.762161
10308 -0.12544537
10409 1.950202
10509 2.9802918
10609 2.9034286
10710 1.2505693
10809 -0.8087845
10910 -2.6177247
11010 -3.1261926
11110 -2.8524728
11211 -1.3105972
11311 0.38077354
11412 2.1473818
11511 2.6236467
11613 1.9035134
11713 -0.09268141
11813 -1.7540176
11913 -2.7602706
12014 -2.3804739
12113 -0.48642206
12214 1.5115027
12314 2.820571
12414 2.9534025
12515 1.4071441
12615 -0.7042589
12715 -2.2340345
12815 -2.7656114
12916 -1.9738007
13016 0.13708735
13116 2.148332
13217 2.809793
13317 2.6511545
13417 0.82107544
13517 -0.8448396
13618 -2.9477925
13718 -3.3863509
13818 -2.5863543
13918 -0.3432021
14019 1.5991888
14119 2.8502731
14202 2.6949553
14303 1.2337122
14402 -0.9746237
14503 -2.4396653
14604 -2.782472
14703 -1.4592476
14803 1.0392351
14903 2.6545706
15004 2.7725534
15104 1.4581594
15205 -0.4112401
15305 -1.9857049
15406 -3.1604009
15506 -3.0115464
15606 -1.4765835
15707 0.21697521
15806 2.138116
15907 2.6568346
16008 2.6506958
16107 1.5416083
16207 -0.015834808
16308 -1.4541936
16408 -2.494482
16509 -2.9818869
16609 -3.1765847
16710 -2.7970712
16809 -2.0439944
16910 -0.2316451
17010 0.88203335
17111 1.8276377
17210 2.435907
17311 2.7829185
17411 3.0332584
17511 3.237461
17612 3.450798
17711 3.5290813
17813 3.480586
17912 2.812027
18012 1.1381559
18113 -0.1628499
18214 -1.0867355
18313 -1.972198
18413 -2.6037974
18514 -2.9809337
18614 -3.201017
18715 -3.16398
18814 -3.0087044
18915 -2.8318913
19015 -2.6181648
19116 -1.3934255
19216 0.3713565
19316 1.4061966
19417 2.234282
19516 2.6975641
19617 2.9275665
19717 2.9343162
19818 2.7012873
19918 2.172048
20018 1.026833
20119 0.20539808
20219 -1.0479374
20319 -1.8397079
20418 -2.3195229
20503 -2.5779853
20602 -2.8828218
20703 -3.0349965
20804 -3.0465386
20903 -2.9949055
21004 -2.5554023
21104 -0.32137156
21205 1.3442106
21304 2.33681
21405 2.7962341
21506 2.8900118
21606 2.8205862
21706 2.6429152
21805 2.4774475
21907 2.1640549
22007 0.8870568
22107 -0.13359642
22207 -1.2183056
22308 -1.97085
22408 -2.6068623
22507 -2.9456081
22608 -3.1765184
22708 -3.24304
22809 -3.2381911
22909 -3.0701413
23010 -2.01718
23110 -0.28187895
23209 1.1060934
23310 1.9721756
23410 2.5340204
23511 3.0688162
23611 3.2231474
23711 3.251811
23812 3.2015839
23911 3.0193424
24012 2.543222
24112 1.6616259
24212 0.7847457
24313 -0.26883078
24412 -1.241921
24514 -2.1860096
24613 -2.745202
24713 -2.9838274
24814 -2.995997
24915 -2.9004943
25015 -2.8013644
25115 -2.6511352
25216 -1.8505635
25316 -0.35148096
25416 0.9207182
25516 1.830677
25616 2.2592316
25717 2.6494422
25817 2.9163613
25918 2.9841547
26017 2.9925957
26118 2.9920034
26218 2.9546342
26318 2.6501884
26418 1.8312287
26518 0.51934433
26618 -0.8235736
26702 -1.7244155
26803 -2.3986297
26903 -2.6670933
27004 -2.7938144
27103 -2.8132074
27204 -2.78701
27304 -2.495921
27404 -1.1503594
27505 0.3677969
27605 1.4560151
27706 2.0789285
27806 2.4270425
27906 2.6913414
28005 2.7669616
28107 2.7134528
28206 2.3283792
28307 1.274054
28407 -0.054265022
28507 -0.9737811
28608 -1.7220664
28708 -2.2502046
28808 -2.5914645
28909 -2.8341336
29008 -2.891423
29109 -2.890981
29210 -2.880024
29310 -2.7493935
29409 -1.9525306
29511 -0.21587849
29610 0.9944267
29711 1.8556852
29810 2.3205004
29911 2.678276
30012 2.7984939
30112 2.8011727
30212 2.7385154
30312 2.6558137
30413 2.4425607
30513 1.9765158
30613 0.37730122
30713 -1.0954392
30814 -1.9425006
30913 -2.4004836
31014 -2.7141914
31114 -2.8643885
31214 -2.9279752
31315 -2.9366953
31414 -2.908835
31516 -2.6044576
31615 -1.001739
31716 0.49695873
31816 1.6444817
31916 2.1667466
32017 2.6672106
32116 2.7811646
32218 2.8297644
32318 2.847393
32418 2.869967
32518 2.8504
32852 -0.96721935
32953 -2.0447614
33052 -2.6164215
33153 -2.8398688
33254 -2.9117792
33354 -2.9234688
33454 -2.9240932
33554 -2.9241319
33654 -2.8348675
33755 -1.8978395
33855 0.11488199
33938 0.91359806
34038 1.7274222
34140 2.265593
34240 2.6781492
34340 2.7524552
34440 3.098177
34540 3.2147064
34640 3.1690035
34741 3.0219574
34841 2.5811815
34940 2.1017523
35041 0.5288868
35142 -0.6655946
35660 -3.1286273
35761 -3.121117
35860 -3.0930152
35961 -2.8841863
36061 -1.6728966
36144 0.10794735
36244 1.2845182
36344 2.3706083
36446 2.822795
36546 3.0761938
36646 3.269537
36746 3.5205383
36847 3.6929054
36947 3.7559242
37047 3.378397
37146 1.8761988
37248 -0.04184866
37347 -1.3953681
37448 -2.1046453
37548 -2.5912488
37649 -2.863171
37749 -3.073917
37848 -3.1291378
37950 -3.154895
38050 -3.098442
38150 -2.6981397
38250 -1.153625
38350 0.4097662
38451 1.5577011
38551 2.4195414
38652 2.927446
38752 3.1395512
38851 3.149416
38952 3.0049229
39052 2.7856703
39152 2.4651785
39253 2.0381064
39352 0.67986774
39453 -0.48269558
39553 -1.6170292
39654 -2.221973
39753 -2.6890945
39854 -2.9178238
39954 -2.9504685
40055 -2.9023385
40155 -2.512586
40255 -1.3513272
40355 -0.22228241
40456 0.6897416
40556 1.5167503
40657 2.1422958
40757 2.5443473
40857 3.2045345
40957 3.3774605
41057 3.278387
41158 2.8077135
41258 2.263503
41358 1.3949118
41458 0.3544402
41558 -0.6873007
41659 -1.5911682
41760 -2.1572633
41859 -2.6342812
41960 -2.9269235
42060 -3.0676043
42161 -3.094253
42261 -3.0171766
42361 -2.66188
42444 -1.8581252
42544 -0.7712302
42644 0.2760725
42746 1.0362659
42845 1.763411
42946 2.2623186
43047 2.6276617
43147 2.9339533
43247 3.0763912
43346 3.1606083
43448 3.1544647
43548 2.9986558
43648 2.657412
43748 1.6909342
43849 0.41062117
43949 -0.56148815
44048 -1.3336589
44149 -2.0836856
44249 -2.4971468
44350 -2.7083197
44449 -2.7259524
44550 -2.612055
44650 -2.2215753
44750 -1.0675457
44851 0.5239415
44951 1.6442542
45052 2.368013
45152 2.8449593
45252 3.0511208
45352 3.1220264
45452 3.106721
45553 3.0147762
45653 2.909562
45754 2.7281175
45854 1.9584632
45954 -0.08159208
46054 -1.3686309
46155 -2.1445613
46254 -2.4298139
46355 -2.2830608
46455 -1.9649913
46556 -1.4732215
46656 0.2237215
46757 1.5041261
46856 2.3053331
46956 2.511094
47056 2.3038874
47157 1.3057251
47257 -0.10995197
47358 -1.285445
47458 -1.9311941
47558 -1.9968448
47658 -1.0210812
47759 0.6826358
47859 1.9601812
47959 2.5169005
48059 2.0775023
48160 0.5264778
48260 -1.2282424
48360 -2.3000877
48461 -2.3904757
48560 -1.1353085
48644 0.44129276
48744 2.0241232
48844 2.7592535
48946 2.474247
49046 1.0017776
49146 -0.87204504
49246 -2.2734895
49346 -2.766101
49447 -2.4415755
49547 -0.82331514
49647 1.4148569
49747 2.5320802
49848 2.7566786
49948 1.6633463
50048 0.118165016
50149 -1.1873717
50248 -1.668848
50349 -0.9141736
50450 0.9495311
50549 2.4492388
50650 3.0833511
50750 2.1576433
50851 0.47682285
50951 -1.2125034
51051 -2.7818027
51151 -3.1808367
51252 -2.1070437
51352 1.3826895
51452 3.2555943
51552 3.1601553
51652 1.9405756
51753 -0.27082253
51853 -2.1624587
51953 -3.2461095
52054 -2.7824686
52154 -0.7079878
52255 1.5902963
52355 2.6464586
52455 2.6232615
52555 1.4844499
52654 -0.38290596
52755 -1.6444473
52855 -1.9779978
52956 -0.6948471
53056 1.1556444
53157 2.3853407
53256 3.3250256
53356 2.3661666
53457 0.9928727
53557 -1.0944221
53658 -2.3158438
53758 -2.2686334
53858 -0.8774214
53958 1.3003168
54059 2.8291106
54159 3.306387
54260 2.7717943
54360 0.80632496
54460 -1.357074
54560 -2.7264543
54661 -2.8514023
54761 -1.51264
54861 1.3723416
54944 3.0240498
55044 3.4974089
55145 2.702787
55245 0.60226727
55346 -1.5112844
55445 -2.7890067
55546 -2.7942052
55647 -1.5760238
55746 0.57939816
55847 2.3393564
55947 3.0186882
56048 2.2076507
56148 0.3795867
56248 -1.4092755
56349 -2.7305279
56449 -3.0284114
56549 -2.0323658
56649 -0.26348686
56750 1.6436334
56850 2.9296942
56950 2.967855
57050 1.540834
57150 -0.81234694
57251 -2.7509463
57350 -3.2356272
57452 -2.3851264
57552 -0.31964207
57652 1.808465
57752 2.8119454
57853 2.1705337
57953 0.22434759
58053 -1.6987712
58153 -2.9680278
58253 -2.969396
58354 -1.5687625
58454 0.5450969
58555 2.0326004
58655 2.670329
58755 1.7742195
58855 -0.22120285
58956 -2.0526147
59056 -2.9764948
59156 -2.5831783
59256 -0.782475
59356 1.6975112
59456 3.44975
59556 3.4920454
59657 1.6716547
59757 -0.72250843
59858 -2.957027
59957 -3.8075807
60059 -2.9525855
60159 -0.8600278
60259 1.8069258
60359 3.1921644
60459 2.6335077
60560 0.64809084
60660 -1.5650444
60761 -3.0535238
60860 -3.269841
60961 -1.913007
61061 0.085237026
61145 1.4730263
61244 2.0127335
61344 1.5441637
61446 -0.055581093
61546 -1.4497886
61646 -2.4712405
61746 -2.344542
61847 -0.6736193
61946 1.067029
62047 2.0941124
62147 2.0612764
62247 0.53793716
62348 -1.1409931
62448 -2.4595208
62548 -2.643833
62649 -1.442204
62749 0.7186861
62848 2.139257
62949 2.6778665
63050 1.7574358
63150 -0.021044254
63250 -1.7217889
63350 -2.5410182
63450 -2.0925772
63551 -0.4982686
63652 1.2755795
63751 2.1159506
63852 2.020156
63951 0.56364393
64052 -1.1711705
64153 -2.5079005
64253 -2.7943769
64352 -1.6910279
64452 -0.026155949
64554 1.7053819
64654 2.4116035
64755 1.8344564
64854 0.050286293
64955 -1.4694588
65055 -2.7888877
65155 -3.00942
65256 -1.9418945
65356 -0.011609554
65456 1.7148194
65556 2.1051116
65657 1.4409752
65756 -0.4629016
65857 -2.054785
65958 -3.2049918
66058 -2.9585967
66158 -1.3334687
66259 0.99698067
66358 2.852703
66459 3.0661879
66558 1.6490793
66660 -0.41993952
66760 -1.790004
66860 -2.100413
66960 -1.1040292
67061 0.64410114
67160 2.3117013
67261 3.091341
67345 3.028349
67444 1.7499862
67544 -0.41269398
67646 -2.1022615
67745 -2.1160274
67845 -0.38847876
67946 1.9452219
68047 3.3825312
68147 3.384654
68247 1.8909388
68347 -0.31024504
68447 -2.2632375
68548 -2.8233716
68648 -1.7815464
68748 0.32231426
68848 2.1946783
68949 2.796464
69049 1.7030349
69149 -0.46322727
69249 -2.0843961
69350 -2.8025951
69450 -1.7712054
69550 0.35394907
69651 2.2386894
69751 2.7361784
69851 1.8932624
69951 0.1032877
70051 -1.9711928
70152 -3.2949803
70253 -3.3304763
70353 -1.7992306
70453 0.5575247
70553 2.0898905
70653 2.2231302
70754 0.7624955
70854 -1.2437077
70954 -2.9158626
71055 -3.616645
71155 -3.1515303
71255 -1.0370033
71355 0.9632554
71456 2.4001856
71555 2.3336205
71656 0.4251604
71756 -1.9839587
71856 -3.509696
71956 -3.5316753
72056 -1.9480805
72158 0.56895447
72257 2.1026406
72358 2.2917
72458 0.7923746
72558 -1.1283679
72658 -2.9097137
72759 -3.1253233
72858 -1.8483369
72959 0.3607664
73060 1.93824
73160 2.7695107
73261 2.7130766
73361 0.7903261
73461 -1.2382419
73560 -2.7400122
73644 -2.7634358
73745 -1.3208771
73844 0.6664829
73946 2.4681115
74046 3.1970015
74146 2.7857141
74245 0.6209078
74346 -1.6446595
74447 -2.8147993
74546 -2.277
74647 -0.18058252
74747 1.8221788
74847 2.8031592
74948 2.1651993
