17 1.2602258
116 0.568635
216 -0.01895523
318 -0.49326038
416 -0.839324
516 -1.3301952
617 -1.7519004
718 -2.1045518
817 -1.9683282
917 -1.7625701
1018 -0.77349186
1119 0.37429333
1219 1.1808066
1319 1.8219757
1419 2.2012277
1518 2.5337372
1618 2.5842566
1719 2.0250144
1819 1.627665
1919 1.0692091
2019 0.23093987
2120 -0.6086149
2219 -1.1939754
2319 -1.7935977
2403 -2.368003
2503 -2.740313
2603 -2.6959443
2704 -1.974724
2803 -0.907918
2906 0.083204746
3006 0.9766083
3106 1.7788062
3207 2.4089723
3307 2.9228106
3406 3.2311182
3506 3.130437
3606 2.278573
3706 1.2412381
3806 0.1939063
3906 -0.776289
4006 -1.5639393
4105 -2.2141569
4206 -2.798993
4307 -3.089866
4407 -3.0627952
4506 -2.7863245
4608 -1.7969463
4707 -0.7657232
4806 0.083301544
4907 0.9173012
5008 1.6850295
5107 2.2433271
5207 2.676107
5308 2.8370996
5408 2.8562746
5508 2.5003304
5608 1.987071
5709 0.99482775
5810 0.10417843
5909 -0.5979681
6011 -1.3384082
6111 -2.1797774
6211 -2.7194731
6311 -3.0777478
6411 -3.016358
6510 -2.6902971
6612 -1.7278011
6712 -0.5901966
6811 0.35110378
6911 1.1114511
7011 1.6842117
7110 2.2116804
7212 2.812284
7313 3.048007
7412 2.9865084
7512 2.4520178
7612 1.6216187
7712 0.57493114
7812 -0.32533026
7912 -1.1705964
8014 -1.8715825
8112 -2.4172432
8213 -2.615164
8315 -2.3865085
8415 -1.6174178
8515 -0.75235844
8614 0.10584736
8714 0.8950157
8814 1.5243249
8914 2.0858316
9016 2.6924644
9114 2.965621
9214 2.866076
9316 2.2698746
9417 1.6311216
9516 0.46173763
9616 -0.30713224
9716 -1.1221213
9816 -1.9620571
9916 -2.570011
10016 -2.9525912
10116 -2.955337
10216 -2.3266125
10317 -1.1183815
10416 -0.026537418
10517 1.1336145
10616 2.0432549
10718 2.6818514
10818 2.8819208
10918 2.8385391
11017 2.1225843
11118 1.071517
11217 -0.055160522
11318 -1.0855966
11418 -1.8106742
11518 -2.5827198
11619 -2.9254732
11719 -2.7840238
11819 -2.2219818
11921 -1.2307403
12020 -0.36061192
12120 0.61841345
12219 1.5949812
12319 2.410904
12403 2.9636984
12503 3.1248713
12603 2.8194985
12703 1.8372297
12804 0.7385802
12905 -0.29324627
13005 -1.2092197
13105 -2.0475593
13204 -2.621664
13304 -3.0110981
13404 -2.97018
13504 -2.327403
13605 -1.1882725
13705 -0.36164188
13805 0.59581566
13905 1.5307083
14006 2.1393957
14105 2.9027414
14210 3.2028646
14309 3.1325674
14409 2.373323
14509 1.1603537
14609 0.03388834
14709 -0.8881674
14809 -1.6355171
14909 -2.4133449
15009 -3.0561762
15107 -3.5046773
15208 -3.0930834
15308 -2.3511133
15409 -1.1805644
15509 -0.41075325
15609 0.3525095
15708 1.189096
15808 2.0164566
15909 2.6480932
16011 2.8733697
16111 3.2765207
16211 3.4172297
16312 3.2427006
16412 2.0434341
16512 0.49315214
16612 -0.9305215
16712 -2.0237508
16812 -2.7360606
16912 -2.9976945
17012 -2.7965581
17111 -1.8814282
17212 -0.33426762
17312 1.028388
17411 2.0889769
17515 2.625081
17612 2.8209014
17714 2.7288504
17812 2.0074577
17914 0.46421766
18014 -1.0304859
18113 -2.2135968
18213 -2.99702
18313 -3.5020292
18413 -3.6504042
18513 -3.5219576
18614 -2.5400462
18714 -0.9400892
18813 0.6205869
18914 1.9278879
19014 2.816207
19115 3.3755531
19216 3.5068216
19316 2.9638839
19415 1.9098258
19515 0.5074396
19615 -0.9595318
19716 -2.101072
19816 -2.961165
19915 -3.8867452
20015 -4.258303
20116 -5.0
20218 -3.6396496
20317 -3.038996
20417 -2.3714452
20516 -0.828001
20617 0.69950104
20718 1.7686777
20817 3.0184698
20917 3.471572
21018 3.388074
21118 2.5066428
21218 1.2251635
21319 -0.1224699
21419 -1.2784514
21519 -2.5950665
21619 -3.4832838
21718 -3.9941974
21819 -3.7224274
21921 -2.5892367
22020 -1.2356086
22119 0.16980171
22219 1.5535178
22303 2.231542
22403 3.0351925
22504 3.269514
22603 2.7651687
22704 1.5313034
22804 0.16402674
22904 -1.0444713
23004 -2.5338848
23105 -3.2085748
23204 -3.657129
23304 -3.9791188
23404 -3.693171
23505 -2.7573724
23605 -1.3756669
23706 -0.16031933
23806 1.2772875
23906 2.0825782
24006 2.6982589
24106 3.0352573
24209 2.8540354
24306 1.9563308
24406 0.65819836
24507 -0.6214838
24607 -1.7852407
24707 -3.060447
24806 -3.840308
24909 -4.121627
25009 -4.0876307
25108 -3.464102
25208 -2.1433759
25308 -0.89183426
25408 0.44530773
25508 1.5367112
25608 2.2016969
25708 2.903656
25812 3.1525602
25912 3.0966053
26012 2.2485657
26109 0.9891939
26210 -0.1446228
26310 -1.2435906
26410 -2.1922555
26510 -3.0233493
26610 -3.4028153
26711 -3.452462
26810 -3.121324
26910 -1.6431179
27010 -0.4730835
27110 0.45272493
27212 1.1329312
27312 1.6105185
27412 2.1588874
27512 2.417901
27614 2.251986
27715 1.358778
27814 0.048828125
27914 -0.95275784
28014 -2.0678282
28113 -3.0280497
28213 -3.4062188
28313 -3.310554
28413 -2.3921177
28514 -0.970736
28615 0.24376965
28715 1.2702055
28814 1.87434
28914 2.318016
29015 2.620387
29114 2.7332077
29215 2.1979156
29315 0.8484626
29414 -0.42507744
29515 -1.4621148
29615 -2.5414748
29715 -3.1034122
29817 -3.3469648
29917 -3.2692301
30016 -2.6909316
30117 -1.1547272
30217 0.30767345
30316 1.45362
30416 2.0488486
30517 2.4329147
30617 2.6010003
30718 2.6600199
30817 2.6329331
30919 1.9103584
31020 0.16225576
31118 -1.03129
31436 -3.2675517
31536 -3.2822633
31635 -3.1187396
31736 -2.3229997
31836 -0.7857027
31936 0.5530515
32036 1.5040522
32137 2.092463
32236 2.4148521
32336 2.5691805
32438 2.5005884
32538 1.6709275
32637 0.10477066
32738 -0.9793744
32838 -2.2462592
32938 -3.2875087
33037 -3.9232621
33137 -4.164458
33238 -3.7742698
33338 -3.1519158
33438 -1.5026221
33539 0.004090309
33640 1.150754
33740 1.9606981
33840 2.7026243
33941 3.0580149
34039 3.1805973
34139 2.7760634
34239 1.7171011
34340 0.3656292
34440 -0.66867065
34540 -1.5612266
34641 -2.618833
34741 -3.3476093
34841 -3.582212
34924 -3.3804991
35042 -2.2249117
35141 -0.7857833
35224 0.23727322
35324 1.35287
35425 2.068953
35525 2.6668496
35625 2.9545622
35725 2.850318
35825 2.027625
35927 0.890234
36027 -0.23942518
36126 -1.0926392
36226 -1.8881295
36327 -2.6749356
36426 -3.6098185
36526 -3.7566998
36627 -3.4405944
36726 -2.3003209
36827 -0.8670211
36927 0.4187932
37030 1.4039469
37127 1.9738417
37230 2.3163185
37330 2.5684152
37430 2.5581808
37530 2.237423
37630 1.1467161
37730 -0.004459858
37830 -1.0159378
37929 -2.0375476
38030 -2.7388492
38130 -3.452908
38229 -3.5864587
38330 -2.9242623
38433 -1.0420754
38533 0.36950016
38633 1.411757
38733 2.187294
38833 3.0533228
38932 3.7295961
39032 3.8131123
39131 3.363573
39231 2.1564636
39331 0.90505123
39431 -0.26926327
39532 -1.248476
39632 -2.365693
39732 -3.3809047
39832 -3.9801655
39933 -3.7860262
40032 -3.3336873
40132 -1.6732318
40235 -0.50275517
40335 0.57495594
40436 1.3119459
40536 1.885798
40635 2.1026292
40735 2.2018065
40834 2.0262017
40936 1.4246788
41035 0.16294909
41134 -0.7813935
41235 -1.687048
41335 -2.3119426
41434 -2.9207556
41535 -3.1766658
41635 -3.0827265
41735 -2.4061394
41836 -1.0963345
42170 2.3903556
42271 3.140541
42371 3.7115116
42470 3.9001255
42571 3.823923
42671 3.0803432
42770 1.6624503
42870 0.40804577
42954 -0.5048232
43054 -1.5034366
43154 -2.1090884
43254 -2.5596693
43356 -2.7490468
43456 -2.780333
43556 -2.1357036
43655 -0.29953766
43755 0.7120428
43856 1.4257708
43956 2.277687
44056 2.678627
44157 2.8842444
44257 2.9513602
44356 2.3602228
44456 0.93888474
44556 -0.35415363
44660 -1.6315358
44757 -2.650515
44860 -3.682446
44960 -3.8966193
45060 -3.737478
45157 -3.243428
45258 -1.8122404
45358 -0.5145235
45459 0.5605264
45559 1.4028511
45659 1.9346032
45758 2.357966
45859 2.5639
45959 2.51126
46060 1.5900679
46160 0.15064049
46259 -0.8987894
46362 -1.7104659
46462 -2.1469676
46562 -2.3067107
46662 -2.1340842
46762 -0.441422
46863 0.7246771
46963 1.7952766
47063 2.644351
47161 3.170885
47261 3.474553
47362 2.9504523
47462 1.3953094
47562 -0.34174538
47662 -1.6398177
47765 -2.4652438
47862 -2.626322
47965 -2.6235032
48065 -2.0447211
48163 -0.24739027
48263 1.035811
48363 2.1846185
48464 2.9331446
48564 3.2712002
48664 3.259118
48765 1.9159966
48863 0.22493982
48964 -1.0527394
49064 -1.9440286
49165 -2.4930234
49265 -2.6764
49367 -2.7765753
49466 -1.4839981
49565 0.06770134
49666 1.2613773
49765 2.152163
49866 2.6679177
49966 3.0338202
50066 3.1470299
50166 2.434617
50267 0.824831
50367 -0.4490571
50467 -1.6373546
50567 -2.5422747
50668 -3.0596042
50768 -3.4735456
50867 -3.4733243
50968 -2.4342866
51067 -0.75216055
51168 0.7457514
51268 1.9300642
51368 3.1609688
51468 4.0336485
51568 4.481904
51668 3.5914402
51769 2.1689425
51869 0.827147
51970 -0.411541
52070 -1.1820884
52170 -2.502282
52270 -3.8782268
52370 -4.2986712
52470 -3.9666853
52570 -2.305183
52671 -0.8832507
52770 0.26940584
52854 1.1595469
52954 2.0165215
53054 2.8235297
53154 3.0795736
53254 3.1057892
53355 2.6257796
53455 1.8388987
53555 0.6640086
53655 -0.5551224
53755 -1.6011233
53855 -2.5141673
53956 -3.1486406
54057 -5.0
54157 -5.0
54257 -4.500982
54356 -2.8984263
54457 -1.6859417
54557 -0.5648341
54660 0.66696644
54757 1.8015313
54860 2.4620805
54961 2.9808211
55060 2.7768722
55158 1.9031281
55257 1.1381288
55359 -0.49832964
55459 -2.893656
55559 -4.54323
55659 -5.0
55759 -5.0
55859 -4.5464625
55959 -3.4828658
56059 -1.0705001
56159 0.2653513
56259 1.3769445
56360 2.2774072
56460 2.8562365
56560 3.1851597
56662 2.8081245
56762 1.7635193
56862 -0.0076093674
56962 -0.5911083
57062 -1.8405223
57161 -2.6335723
57261 -2.9732313
57362 -2.905043
57462 -2.026538
57562 -1.1010013
57665 0.08478069
57765 1.0996046
57865 2.4178529
57962 3.7002268
58062 4.021182
58163 3.6178427
58263 2.9611158
58363 1.983213
58463 0.9895091
58563 0.23323393
58664 -0.3431096
58764 -1.6882281
58864 -2.3179796
58966 -2.261108
59065 -1.2313113
59164 -0.06757498
59264 0.40688038
59365 0.70863247
59466 2.261712
59567 4.176771
59665 4.116148
59765 3.6383047
59865 2.357751
59966 1.123385
60066 0.67932653
60166 -0.65179825
60267 -1.8055339
60367 -2.4731011
60467 -2.3632886
60567 -1.8076811
60668 -0.6303215
60768 0.5933447
60867 1.3626127
60968 2.6540918
61068 3.989334
61168 4.5287275
61268 3.8709936
61370 3.4470253
61469 1.9975457
61569 0.5258126
61669 -0.56192875
61769 -1.6809115
61869 -2.0396767
61969 -1.6737638
62070 -0.6691065
62169 0.3617859
62269 1.5214248
62370 2.9926138
62470 4.129159
62570 4.460065
62671 4.297574
62772 3.9851866
62871 2.3807955
62954 1.2590756
63054 -0.37175322
63154 -1.76403
63254 -2.73881
63355 -2.9521353
63455 -2.8387249
63555 -2.0111773
63656 -0.5079622
63756 0.84493303
63855 2.124794
63956 3.854025
64056 3.929779
64156 3.9110699
64256 3.6417341
64357 2.430935
64456 0.9071455
64557 -0.5446849
64657 -2.032814
64760 -3.0230258
64858 -3.6137197
64960 -3.0207312
65060 -1.9511497
65158 -0.6861725
65258 0.6763067
65358 1.772574
65458 3.1743708
65558 4.517622
65659 5.0
65759 4.415571
65859 3.6780405
65959 2.107564
66060 0.6834192
66160 -0.88469076
66262 -2.0404804
66362 -2.9557292
66462 -3.1254945
66562 -3.7795906
66662 -1.8958244
66762 -0.05103779
66862 1.3720503
66962 3.2709122
67062 4.3818254
67161 4.9953356
67262 4.7187347
67362 3.6377172
67462 2.2907767
67562 0.91476965
67665 -0.56249094
67762 -1.4440906
67862 -3.8067665
67962 -4.1099734
68065 -2.452907
68163 -0.9857707
68263 -0.309021
68364 0.6993408
68465 1.7961311
68565 2.408296
68665 2.5252252
68764 1.8771791
68864 0.5530782
68965 -0.17488003
69065 -1.2815578
69164 -2.3566442
69265 -2.7311254
69365 -2.5341651
69465 -1.9117417
69566 -0.6292553
69666 0.6214428
69766 1.6665163
69867 2.4110703
69967 2.420867
70066 2.4454002
70167 1.5184455
70267 0.39416218
70367 -0.02380848
70466 -1.1212411
70567 -1.5294662
70668 -1.6462727
70767 -1.3249962
70870 -0.32645035
70969 0.9893656
71068 2.41187
71168 3.8276653
71268 4.893981
71368 5.0
71469 4.7872334
71568 3.8491774
71668 2.4102058
71769 0.8476577
71869 -0.75197506
71969 -2.039443
72069 -2.7107756
72171 -2.2419267
72271 -1.1312828
72370 0.12690449
72471 1.4149923
72570 2.7425332
72670 0.0
72754 0.0
72854 0.0
72954 0.0
73054 0.0
73154 0.0
73256 0.0
73356 0.0
73455 0.0
73555 0.0
73656 0.0
73755 0.0
73855 0.0
73956 0.0
74056 0.0
74156 0.0
74256 0.0
74356 -0.74665356
74460 0.1492014
74560 0.87128925
74660 0.8354807
74760 -0.34441853
74860 -0.38555336
74957 -0.05423355
