29 -1.7527251
128 -0.21340656
228 1.089241
328 2.228067
428 3.0603333
528 3.5349045
628 3.569212
730 3.1976786
830 2.4773254
930 1.1210408
1013 0.017345428
1113 -1.19325
1214 -2.3171637
1330 -3.5074751
1414 -4.1334696
1531 -4.6160154
1615 -4.646799
1714 -4.3253427
1815 -3.628697
1914 -2.5771492
2015 -1.1599503
2115 0.44898748
2215 1.697216
2316 2.5654016
2415 2.6332755
2516 2.103222
2615 1.0986881
2716 -0.06808996
2816 -1.058353
2917 -2.5559897
3015 -3.8881435
3117 -5.0
3216 -5.0
3317 -5.0
3416 -5.0
3517 -5.0
3617 -4.797235
3717 -3.9558907
3818 -2.5377407
3918 -1.1318111
4018 0.32314587
4118 1.3100843
4218 1.7850595
4318 1.8527784
4419 1.4438562
4518 0.6814337
4619 -0.15332508
4719 -1.2995238
4819 -2.4451482
4919 -3.6003706
5019 -4.658035
5120 -5.0
5219 -5.0
5320 -5.0
5422 -5.0
5520 -3.9137414
5621 -2.63482
5721 -1.3528695
5822 -0.061611176
5921 0.9331522
6021 1.3287439
6120 1.0946836
6221 0.23709202
6322 -1.3100753
6422 -2.578011
6523 -3.6749103
6622 -4.4473143
6723 -5.0
6822 -5.0
6923 -5.0
7023 -5.0
7123 -4.9759464
7223 -3.806547
7324 -2.8024063
7425 -1.5066307
7523 -0.17378187
7623 1.4945288
7724 2.8846006
7823 3.7586384
7924 4.1190042
8024 4.1419125
8124 3.634408
8225 2.5793443
8324 0.9109793
8424 -0.5071459
8525 -1.9094002
8625 -3.2263215
8726 -4.1628494
8826 -5.0
8926 -5.0
9025 -5.0
9126 -5.0
9226 -4.6602573
9326 -3.580678
9426 -2.1114907
9526 -0.63178015
9628 0.84479
9727 2.3588958
9829 3.7498302
9927 4.4127674
10028 4.543288
10127 4.2347326
10228 3.5952253
10328 2.0096679
10428 0.54520893
10529 -1.0803921
10628 -2.3325942
10730 -3.5009165
10828 -4.4592557
10930 -5.0
11030 -5.0
11363 -3.6162322
11463 -2.0373714
11564 -0.5715475
11663 1.0640378
11764 2.3435073
11866 3.6774063
11964 4.630307
12049 5.0
12165 5.0
12248 5.0
12348 4.658807
12465 3.6675205
12564 2.07339
12665 0.7985296
12749 -0.38222122
12866 -2.1126084
12951 -3.28372
13049 -4.0399876
13151 -4.6404448
13249 -4.836859
13350 -4.5472393
13453 -4.0067163
13550 -3.0766983
13652 -1.9133801
13767 -0.6278839
13852 0.32000446
13951 1.411355
14053 2.5552225
14151 3.3009682
14252 3.934205
14351 4.0300617
14451 4.008958
14552 3.4574223
14653 2.374166
14752 1.2101288
14852 -0.017989159
14954 -1.1896915
15054 -2.356375
15154 -3.2694535
15253 -3.8182964
15353 -4.0966854
15454 -4.1132503
15553 -3.8347766
15654 -3.3293033
15754 -2.4100745
15855 -1.0048165
15955 0.196136
16056 1.2312613
16154 2.1975036
16255 3.119173
16355 3.4672966
16455 3.5535173
16555 3.5045853
16655 3.273903
16758 2.6269302
16855 1.3636522
16956 0.09596491
17056 -1.0599892
17156 -2.2499382
17256 -3.201919
17357 -3.6579056
17457 -3.9660451
17556 -4.196067
17658 -4.0308094
17757 -3.4532561
17858 -2.3054996
17958 -1.0565629
18058 0.33675718
18158 1.2196903
18258 2.0120401
18358 2.8915415
18458 3.2802057
18559 3.4954433
18658 3.472021
18759 2.954142
18859 1.7446823
18959 0.24355888
19059 -0.9099364
19159 -2.0253997
19259 -2.9401584
19360 -3.5328577
19460 -4.052418
19560 -4.3830624
19661 -4.4454865
19760 -4.19461
19861 -3.1043487
19961 -1.918055
20061 -0.6440697
20161 0.29827976
20261 1.2339964
20362 2.5395637
20462 3.0756426
20561 3.5282402
20662 3.841591
20762 3.926856
20862 3.7350855
20962 2.6630425
21062 1.4176588
21163 -0.009625435
21263 -1.4317212
21363 -2.4536407
21463 -3.389935
21563 -4.0761027
21663 -4.393316
21763 -4.5717773
21865 -4.524468
21965 -3.953693
22065 -2.8832562
22164 -1.4991429
22264 -0.19031048
22365 1.0588474
22466 1.9080505
22565 2.7437172
22665 3.1947613
22750 3.322856
22865 3.371173
22951 3.1347418
23050 1.8074784
23150 0.52524805
23249 -0.69071674
23350 -1.7358582
23449 -2.785802
23567 -3.509542
23650 -3.9930735
23751 -4.190445
23852 -4.2543454
23951 -4.1169004
24052 -3.7477655
24151 -2.9255564
24251 -1.737746
24352 -0.5522461
24452 0.45380783
24552 1.5345855
24651 2.353746
24753 2.9885063
24852 3.442976
24953 3.6799412
25053 3.7109537
25153 3.5868645
25253 2.739254
25353 1.5140066
25453 0.22624111
25554 -0.6955519
25656 -1.6850383
25755 -2.5292332
25855 -3.0817227
25954 -3.5052183
26054 -3.7877736
26154 -3.8318324
26255 -3.7145755
26355 -2.9444146
26455 -1.8056042
26555 -0.8156748
26655 0.05368328
26755 0.9792738
26855 1.7638426
26956 2.428584
27055 2.7862258
27156 2.9369392
27256 2.9983177
27356 2.7344842
27456 1.7230277
27557 0.54030514
27656 -0.39840412
27757 -1.2976863
27858 -2.0753777
27958 -2.8490448
28058 -3.4718752
28157 -3.7729049
28258 -4.0895276
28357 -4.177328
28458 -3.9850545
28558 -3.0253892
28659 -2.018271
28759 -0.84232044
28859 0.31515026
28960 1.1596923
29058 1.8600206
29159 2.5836878
29259 2.9656892
29360 3.1857233
29459 3.2138805
29560 2.8899293
29659 1.6223459
29760 0.46555042
29861 -0.6811409
29961 -1.6961792
30061 -2.5881066
30161 -3.431732
30261 -3.927685
30361 -4.204108
30461 -4.4282465
30562 -4.376774
30661 -3.9860194
30762 -2.9379659
30862 -1.7794178
30962 -0.8466296
31063 0.09396362
31163 0.9931259
31263 1.8916826
31363 2.550364
31463 3.1218128
31563 3.3211432
31665 3.41263
31764 3.3851433
31865 2.9805007
31964 2.187111
32064 0.9761286
32164 -0.16824579
32265 -1.1897106
32364 -2.2908864
32465 -3.3101678
32565 -4.0292544
32665 -4.4609013
32765 -4.680492
32866 -4.598874
32966 -4.167333
33066 -2.9384787
33166 -1.9293082
33266 -0.77640676
33366 -0.018042564
33466 0.7588167
33567 1.567872
33651 2.202362
33750 2.873258
33851 3.3256893
33951 3.695528
34051 3.629362
34150 3.1417694
34251 2.1622343
34352 0.81952
34468 -0.3553729
34552 -1.1448181
34652 -1.9488807
34753 -2.669764
34852 -3.1686873
34952 -3.476353
35052 -3.5809681
35152 -3.5158722
35253 -2.8829312
35352 -2.0492911
35454 -0.92401314
35554 -0.087911606
35654 0.7185955
35754 1.5811143
35854 2.2741075
35954 2.8799047
36055 3.0570593
36154 3.0563574
36255 3.0552692
36355 2.6683745
36454 1.2063379
36556 -0.048213005
36656 -1.0963981
36755 -1.8528914
36856 -2.5290313
36955 -3.077245
37055 -3.6406817
37156 -4.0620456
37256 -4.1370244
37356 -4.045121
37458 -3.4295704
37557 -2.4842024
37658 -1.6464386
37758 -0.4329729
37857 0.63255024
37957 1.631485
38058 2.0981064
38157 2.518046
38258 2.8965597
38359 3.0776634
38458 3.0005932
38559 2.261199
38658 1.1623297
38760 0.17953348
38859 -0.8194957
38959 -1.5633729
39059 -2.2175593
39159 -2.6727333
39259 -3.1768608
39360 -3.5805302
39460 -3.7743723
39559 -3.7271042
39660 -3.3616211
39760 -2.5846908
39860 -1.429594
39961 -0.3162918
40061 0.53229
40161 1.5864701
40261 2.3007011
40361 2.747786
40461 2.990182
40563 3.0666504
40662 3.0692902
40761 3.0237408
40862 1.303679
40962 -0.051245213
41062 -1.2486358
41162 -2.0524423
41262 -2.838707
41363 -3.5074089
41464 -4.012039
41563 -4.282555
41663 -4.21611
41764 -3.4242625
41864 -2.5159545
41964 -1.3632824
42064 -0.10736036
42164 1.3366032
42264 2.4122796
42364 3.1939793
42464 3.9812412
42565 4.316125
42665 4.296587
42765 4.0569506
42866 2.8186202
42966 1.581646
43066 0.39117908
43165 -0.5915632
43266 -1.731034
43365 -2.6024718
43467 -3.428835
43567 -3.9617844
43667 -4.4359937
43767 -4.421071
43867 -4.018441
43967 -2.792096
44068 -1.7156768
44167 -0.4795122
44268 0.5894995
44370 1.6421189
44467 2.3869257
44569 2.8550673
44668 3.004529
44768 2.9697213
44852 2.8036094
44968 2.052761
45053 1.1192703
45169 -0.044981956
45269 -0.92455864
45369 -1.765367
45453 -2.445765
45570 -3.148626
45654 -3.397604
45754 -3.7623444
45854 -3.9844306
45953 -3.9674568
46071 -3.1098197
46155 -2.0688524
46271 -0.84487724
46355 0.22827816
46454 1.3539729
46556 2.3943992
46654 3.1682262
46755 3.5225086
46855 3.6263723
46956 3.57024
47055 3.2587147
47156 2.0996652
47256 1.2306042
47357 0.17712355
47458 -0.7323804
47557 -1.7223325
47657 -2.625122
47756 -3.5672476
47857 -4.0861654
47957 -4.5462055
48057 -4.614507
48157 -4.50142
48257 -3.7836728
48359 -2.6098506
48457 -1.6673551
48559 -0.4933529
48658 0.7262559
48759 1.9258409
48859 2.8792825
48959 3.604124
49059 4.0883512
49159 4.4465313
49259 4.4701014
49359 4.1726513
49461 3.5734463
49559 2.658712
49661 1.6775923
49759 0.58468914
49860 -0.58572483
49960 -1.5289834
50061 -2.2542562
50161 -3.0453744
50260 -3.5795972
50363 -3.9359183
50462 -3.9007392
50562 -3.6378982
50662 -2.8390543
50762 -1.9175603
50862 -0.59207535
50962 0.56250143
51062 1.8028922
51162 2.754126
51262 3.5075626
51363 3.9739666
51463 4.1271343
51563 4.1140842
51663 3.8612804
51763 3.1340218
51863 2.0798025
51963 0.7189145
52064 -0.27976704
52163 -1.5749404
52264 -2.6443682
52366 -3.4590034
52464 -3.9214451
52565 -4.234438
52664 -4.59042
52765 -4.63298
52865 -4.2505894
52965 -3.6044695
53066 -2.8340034
53166 -1.8252387
53266 -0.605526
53365 0.6316681
53467 1.9355102
53567 3.0224543
53666 3.756894
53766 4.199812
53867 4.2639313
53967 4.041501
54067 3.6651106
54167 2.7829652
54267 1.7758355
54369 0.51896286
54469 -0.72300625
54568 -1.8014657
54668 -2.954955
54768 -3.9007535
54868 -4.52038
54969 -4.8433213
55069 -4.8308244
55168 -4.103893
55254 -3.1514192
55370 -2.0189867
55454 -1.4750123
55554 -0.53588676
55653 0.70463276
55754 2.0193796
55870 2.9952226
55953 3.5147305
56071 3.8233194
56156 3.8019924
56254 3.5814018
56354 2.9167314
56454 1.8577223
56555 0.5588808
56655 -0.51882935
56755 -1.5829501
56854 -2.5032306
56956 -3.1594682
57056 -3.7820654
57156 -4.6137786
57256 -4.829216
57356 -4.6152205
57457 -3.8314116
57556 -2.9309201
57657 -2.024852
57757 -1.0336258
57857 0.007833958
57957 1.1370859
58058 2.0417557
58157 3.073224
58257 3.8524294
58359 4.3784676
58458 4.346195
58558 4.2977657
58658 3.7218685
58758 2.804586
58859 1.5494299
58958 0.11520386
59060 -0.96873045
59159 -2.1734757
59259 -3.3826928
59359 -4.3048754
59461 -4.616904
59560 -4.4939027
59659 -3.903424
59759 -3.1057055
59860 -2.1106672
59960 -1.3223228
60061 -0.35857487
60160 0.6944437
60261 1.8721075
60361 2.7461257
60461 3.3861828
60561 3.7265224
60662 3.8743258
60761 3.7173605
60862 3.1496143
60962 2.077567
61064 0.79150105
61162 -0.15963364
61263 -1.0810051
61362 -1.955173
61463 -3.0256827
61562 -3.348962
61663 -3.7505217
61763 -3.975121
61863 -3.8260045
61965 -3.276894
62064 -2.476488
62164 -1.4971585
62264 -0.37538815
62363 0.77434826
62464 1.8293748
62564 2.6699896
62665 3.386279
62765 3.810998
62865 3.9686327
62964 3.8721657
63066 3.3685045
63165 2.598185
63266 1.3292131
63365 0.18366909
63466 -1.1882744
63566 -2.3493657
63667 -3.2756953
63767 -4.089975
63867 -4.604426
63968 -4.476903
64067 -3.9471412
64169 -2.581931
64267 -1.429852
64367 -0.32899237
64467 0.6626005
64568 1.8248763
64668 2.7356696
64768 3.3473558
64867 3.8778906
64969 4.1055527
65069 4.11236
65168 3.8854504
65268 2.920577
65370 1.7838926
65469 0.47011995
65569 -0.81034946
65669 -2.115233
65770 -3.3427932
65869 -4.003998
65970 -4.389102
66070 -4.472276
66172 -4.2123
66271 -3.5341651
66354 -2.7181888
66471 -1.366991
66555 -0.485538
66655 0.6093483
66771 1.7650719
66854 2.4682846
66972 3.3030872
67055 3.8867168
67156 4.322546
67255 4.4268293
67356 4.1355095
67456 3.1471996
67556 1.9757719
67657 0.73767567
67756 -0.4599681
67857 -1.6985526
67957 -2.9010015
68057 -3.6284015
68159 -4.11615
68257 -4.3662453
68358 -4.19555
68458 -3.3311133
68559 -2.3071454
68658 -1.329242
68759 -0.31193304
68858 0.95493984
68959 2.0706048
69059 3.0233746
69159 3.696146
69259 4.1762905
69359 4.4511795
69460 4.463587
69559 4.170823
69659 3.1991196
69760 1.8539033
69859 0.54866076
69960 -0.8378463
70060 -1.8294139
70162 -2.8534524
70261 -3.610822
70362 -4.0085006
70461 -4.0579095
70560 -3.8505542
70661 -2.9296634
70761 -1.9430203
70861 -0.8476472
70962 0.06897068
71061 1.1624622
71162 1.9343262
71263 2.8815827
71362 3.6115675
71462 3.9478645
71563 4.1771584
71663 4.0901766
71763 3.6155949
71863 2.6815581
71964 1.5113764
72063 0.4600706
72164 -0.78195953
72263 -1.849705
72364 -2.7995803
72464 -3.6147175
72564 -3.869302
72665 -4.075853
72765 -3.977541
72866 -3.3350391
72964 -2.2104602
73065 -1.0848281
73165 0.0047016144
73266 1.3039823
73366 2.4814825
73466 3.3611698
73566 4.0591173
73666 4.2793446
73766 4.3437443
73866 4.137062
73966 3.4130468
74066 2.4902482
74166 1.312604
74267 0.29921293
74367 -0.750782
74467 -1.8210311
74568 -2.8043833
74667 -3.5733044
74768 -4.101605
74868 -4.174307
74968 -4.101856
