16 0.0
115 0.0
216 0.0
316 0.0
417 0.0
516 0.0
616 0.0
718 0.0
816 0.0
918 0.0
1017 0.0
1117 0.0
1218 0.0
1317 0.0
1418 0.0
1518 0.0
1618 0.0
1720 0.0
1820 0.0
1919 0.0
2019 0.0
2119 0.0
2203 0.0
2303 0.0
2403 0.0
2502 0.0
2602 0.0
2703 0.0
2803 0.0
2903 0.0
3003 0.0
3106 0.0
3206 0.0
3306 0.0
3406 0.0
3504 0.0
3605 0.0
3705 0.0
3805 0.0
3905 0.0
4005 0.0
4106 0.0
4206 0.0
4306 0.0
4406 0.0
4506 0.0
4606 0.0
4706 0.0
4806 0.0
4907 0.0
5007 0.0
5107 0.0
5208 0.0
5307 0.0
5408 0.0
5508 0.0
5608 0.0
5709 0.0
5811 0.0
5908 0.0
6008 0.0
6108 0.0
6211 0.0
6309 0.0
6411 0.0
6509 0.0
6610 0.0
6710 0.0
6810 0.0
6910 0.0
7010 0.0
7111 0.0
7213 0.0
7312 0.0
7412 0.0
7512 0.0
7611 0.0
7711 0.0
7812 0.0
7912 0.0
8012 0.0
8112 0.0
8213 0.0
8313 0.0
8413 0.0
8512 0.0
8613 0.0
8713 0.0
8813 0.0
8914 0.0
9014 0.0
9114 0.0
9214 0.0
9315 0.0
9414 0.0
9514 0.0
9615 0.0
9716 0.0
9816 0.4216032
9915 0.18852758
10016 1.6278434
10116 1.7541709
10216 1.7599716
10316 1.8013229
10417 1.8305435
10517 0.0
10616 0.0
10717 0.0
10817 0.0
10917 0.0
11017 -2.0104387
11117 -4.0289702
11217 -4.666261
11318 -4.380293
11418 -3.3855567
11517 -1.620758
11619 0.16979694
11719 2.0921822
11819 3.7479534
11919 4.7640285
12003 4.805114
12103 3.67626
12203 1.8165674
12303 -0.20226002
12402 -1.8766382
12502 -3.323373
12602 -4.251942
12703 -4.416058
12806 -3.9935305
12906 -2.0801153
13006 -0.37126446
13103 1.3117399
13206 2.7249436
13306 3.3394718
13405 3.322093
13505 2.6729622
13605 1.2000222
13705 -0.48045683
13805 -2.0136418
13905 -3.3736463
14005 -4.0456643
14108 -3.9955888
14206 -3.193202
14308 -0.57880497
14408 1.8923936
14506 3.2460775
14606 3.9561968
14707 4.070136
14807 3.5021381
14907 2.1845307
15007 0.4589815
15108 -1.1763694
15208 -2.5995717
15307 -3.062415
15408 -2.4483745
15508 -0.55801487
15608 1.2700071
15708 2.420951
15811 3.3049679
15911 3.7605848
16012 3.7202797
16109 3.1741238
16211 2.079688
16312 0.57431555
16411 -0.98657274
16509 -2.716663
16610 -4.3163977
16710 -4.6033792
16810 -4.2032127
16910 -3.1374395
17011 -1.5799332
17111 -0.17462397
17211 1.4620638
17311 2.9891295
17411 3.9187145
17512 4.3371468
17612 4.2942553
17712 3.4210463
17812 2.1195688
17913 0.69747925
18012 -0.7500768
18112 -2.0352921
18212 -3.4882543
18313 -4.5115995
18413 -4.288067
18513 -3.3389888
18614 -2.2567363
18715 -0.784328
18814 0.6648426
18914 1.912983
19014 3.0739956
19114 3.9180412
19214 4.185089
19314 3.762516
19414 2.5257254
19514 0.9986143
19615 -0.40691805
19715 -1.6661198
19815 -2.6441731
19917 -3.3061423
20016 -3.313131
20116 -2.9495962
20216 -1.8582301
20316 -0.62269783
20416 0.49344492
20517 1.7790976
20617 2.8712182
20717 3.389433
20817 3.4604597
20917 3.1609068
21018 1.9949203
21117 0.6246505
21218 -0.3897648
21320 -1.6012173
21418 -2.3930762
21519 -3.160298
21618 -3.3149908
21719 -2.492103
21819 -1.7232342
21903 -0.9810915
22003 0.09288311
22103 1.1548371
22203 2.0581574
22303 2.749372
22403 3.2275972
22503 3.34095
22603 3.135479
22703 1.9196968
22806 0.6203399
22906 -0.5436344
23006 -1.6379254
23106 -2.5609176
23204 -3.4327307
23306 -3.244685
23406 -2.2279856
23505 -1.2601883
23605 -0.18238354
23705 0.8998742
23805 1.8479323
23906 2.7171988
24005 3.2150812
24106 3.3555536
24209 3.038824
24306 2.1131935
24406 0.92173576
24509 -0.051308632
24608 -1.0490994
24709 -1.9869306
24808 -2.8105567
24909 -3.3509116
25008 -3.4063253
25108 -3.0361228
25209 -1.5948181
25308 -0.2300291
25408 0.9163389
25508 1.8390703
25608 2.5443864
25709 2.839354
25809 2.8775826
25909 2.4935927
26009 1.5455809
26110 0.5264735
26210 -0.46077633
26310 -1.3269601
26410 -2.2087245
26727 -2.1790519
26827 -1.2782993
26927 -0.13507318
27028 1.0183692
27128 1.99681
27229 2.8107362
27328 3.3445263
27428 3.338336
27529 2.7840462
27629 1.8373513
27729 0.6864824
27829 -0.29337788
27929 -1.2838969
28029 -2.2599087
28129 -2.9848294
28230 -3.1834512
28330 -3.0676029
28431 -2.79751
28530 -1.1856263
28630 0.37748098
28731 1.714675
28830 2.8842878
28931 3.518629
29031 3.657608
29132 3.3392105
29233 2.3280916
29331 1.1218472
29649 -2.2181432
29749 -3.3946729
30067 -3.472822
30167 -2.949506
30266 -1.9734557
30366 -0.5260134
30467 0.8962946
30567 2.1225028
30667 2.8076577
30767 3.0532742
30867 2.9187346
30967 2.090023
31068 0.75600433
31168 -0.34238863
31268 -1.4769733
31368 -2.4610195
31468 -3.4660766
31568 -3.6372292
31668 -2.7323813
31769 -1.5832322
31869 -0.4039817
31969 0.70553875
32069 1.6126814
32170 2.385067
32269 2.9254403
32370 3.0461054
32472 2.8649673
32571 2.1236868
32670 0.99307156
32771 -0.1151638
32871 -1.147852
32971 -2.2607205
33071 -3.285223
33172 -3.4090223
33271 -3.0220227
33371 -2.1980827
33471 -1.2091548
33572 0.04037237
33674 1.079958
33774 1.8914976
33872 2.6064177
33973 3.1250954
34073 3.374076
34174 3.2546072
34273 2.2760172
34373 0.80919886
34473 -0.42402077
34574 -1.465281
34674 -2.2758584
34774 -2.873126
34876 -3.2180204
34976 -3.0857227
35075 -2.6987114
35175 -1.1234977
35274 0.2802267
35376 1.69097
35459 2.6618042
35559 3.531683
35659 3.9199762
35758 4.109602
35859 3.7930899
35960 2.7905045
36060 1.4487433
36160 0.1452837
36260 -0.9850731
36360 -2.1392171
36460 -2.9764874
36560 -3.0478945
36661 -2.830195
36761 -1.938806
36861 -0.1824112
36961 1.1557517
37061 2.4323783
37161 3.2552042
37262 3.6323605
37362 3.6567183
37462 3.2771378
37562 2.3709884
37662 1.0886531
37765 6.4373016E-4
37862 -0.9697404
37962 -1.918077
38066 -2.6477153
38165 -3.065173
38265 -3.0754752
38365 -2.6897583
38464 -1.5241208
38564 0.13381958
38664 1.5178313
38764 2.6478453
38864 3.3868103
38964 3.6096258
39065 3.6403255
39165 3.420022
39268 2.691671
39365 1.5790634
39465 0.32125807
39566 -0.9114218
39666 -1.8821435
39765 -2.512888
39866 -2.724978
39966 -2.6449037
40066 -2.275861
40166 -1.0365386
40267 0.46721792
40367 1.8582625
40467 3.00593
40567 3.6743097
40670 3.9986115
40767 4.068943
40870 3.8330812
40970 2.9795303
41070 1.4709291
41168 0.3894539
41270 -0.6117964
41370 -1.5312309
41468 -2.1949143
41569 -2.5023158
41668 -2.425178
41769 -1.881763
41869 -0.81111574
41972 0.45835495
42070 1.5654259
42170 2.5917082
42270 3.336794
42370 3.830614
42470 4.010687
42570 3.936224
42670 3.4323492
42770 2.117241
42871 0.76537323
42971 -0.31818676
43071 -1.3429978
43172 -2.2264543
43272 -2.8297386
43372 -2.9967337
43472 -2.6601624
43572 -2.252137
43672 -1.1814075
43773 0.28651
43873 1.7022462
43973 3.0047455
44073 3.7892485
44173 4.3337812
44273 4.43902
44374 4.313694
44475 3.7162294
44574 2.5754423
44674 1.258565
44774 0.1364603
44874 -0.8158045
44974 -1.8457627
45074 -2.5171847
45159 -2.7518086
45259 -2.746912
45359 -2.3981023
45459 -0.9635477
45559 0.5372219
45659 1.8651772
45759 2.9354095
45859 3.4672918
45959 3.6960735
46060 3.5453863
46160 2.8693595
46260 1.695961
46360 0.5359578
46460 -0.43329573
46560 -1.3693466
46661 -2.0099807
46761 -2.2527874
46861 -2.1613793
46961 -1.5067875
47062 -0.12508869
47161 1.11835
47262 2.2401514
47362 3.0254135
47461 3.568081
47562 3.6656666
47662 3.3426085
47765 2.2283316
47865 0.8886752
47965 -0.084132195
48065 -0.856339
48165 -1.5804195
48264 -1.8953776
48365 -1.8360662
48465 -1.2614193
48564 -0.21560001
48664 0.87244654
48764 1.7558222
48864 2.8668518
48965 3.5781555
49064 3.7896214
49167 3.5648794
49267 2.7462397
49367 1.3207827
49467 0.09175396
49566 -1.1265666
49666 -2.2050445
49766 -2.8726707
49866 -3.2004316
49967 -2.9874017
50066 -2.4348958
50167 -0.64439344
50267 0.8660307
50370 2.2816567
50470 3.141182
50570 3.590354
50670 3.5667715
50767 3.0144424
50869 1.453309
50970 0.15244007
51069 -0.6591096
51170 -1.7946553
51269 -2.4801705
51369 -2.7352195
51470 -2.7326503
51570 -2.5066574
51670 -1.3276992
51769 0.15742207
51870 1.3215265
51970 2.285428
52070 2.8864303
52170 3.1438465
52270 2.9262328
52371 1.8353143
52470 0.473351
52571 -0.67499256
52673 -1.7738292
52773 -2.536901
52872 -2.924502
52971 -2.9203446
53071 -2.639172
53172 -1.0186532
53272 0.63150597
53372 1.9500885
53472 2.8235197
53572 3.4373655
53673 3.7598295
53772 3.5066576
53873 2.4876618
53974 0.9346318
54074 -0.34603405
54174 -1.4358253
54273 -2.2822633
54373 -2.9257782
54474 -3.4865332
54574 -2.7696397
54674 -1.7539043
54775 -0.48198032
54875 0.7320914
54975 1.8063078
55075 2.6289062
55159 2.884932
55276 3.2438135
55359 2.7756371
55459 1.2471876
55559 -0.24088717
55658 -1.1290531
55759 -2.0700953
55860 -2.48748
55960 -2.576715
56060 -2.2948308
56160 -1.5122082
56260 -0.3521948
56360 0.6500578
56461 1.6212244
56561 2.6277213
56661 3.4266796
56761 3.6883144
56862 3.4119015
56961 2.2666755
57062 0.7544589
57165 -0.3725977
57262 -1.4174454
57362 -2.144753
57465 -2.4973094
57565 -2.5171824
57665 -2.2953806
57765 -1.5388324
57864 -0.23271084
57964 1.0862889
58064 2.3124642
58164 3.253807
58264 3.7935038
58365 3.7848215
58464 3.253314
58565 2.1120095
58665 0.8823991
58767 -0.18900967
58864 -1.0607114
58967 -1.9207702
59067 -2.125301
59167 -2.0449486
59267 -1.5283852
59367 -0.59621334
59467 0.5798936
59566 1.6667557
59666 2.6114898
59766 3.2403984
59866 3.383915
59967 3.2161427
60067 2.0607786
60167 0.40526676
60267 -0.9270129
60367 -1.9996586
60467 -2.6361744
60567 -2.7573056
60667 -2.5755181
60770 -1.6988628
60870 0.03302765
60970 1.3954744
61070 2.5346503
61170 3.4721909
61270 3.9221401
61370 3.959425
61469 3.3234339
61570 1.6695871
61669 0.2456932
61770 -0.9040365
61870 -1.7769413
61970 -2.300581
62070 -2.4856524
62170 -2.3851628
62271 -1.8374529
62371 -0.65085316
62472 0.6066408
62571 1.7367721
62671 2.6226983
62771 3.1908913
62872 3.3389368
62971 2.9650064
63071 1.5943575
63172 0.11283636
63272 -1.2255206
63373 -2.0916076
63472 -2.464269
63573 -2.4396243
63673 -1.9118857
63774 -0.76913214
63873 0.43759108
63973 1.6797419
64074 2.7974892
64174 3.4560652
64274 3.611683
64373 3.3933086
64474 2.468947
64574 0.87153244
64675 -0.52703667
64775 -1.6761501
64875 -2.3679516
64975 -2.529883
65059 -2.1693282
65159 -1.4066296
65259 -0.34328508
65359 0.79881907
65459 2.022325
65559 3.0969553
65660 3.5668201
65760 3.5791082
65860 3.0051517
65960 1.6946359
66060 0.33214283
66161 -0.94593525
66261 -1.8980656
66361 -2.5792828
66461 -2.8896613
66561 -2.820826
66661 -2.5565538
66761 -1.4036593
66861 0.32454014
66962 1.5055466
67062 2.2933564
67162 2.894301
67262 3.0519772
67362 3.009431
67465 2.2822342
67565 0.8720083
67665 -0.29084492
67765 -1.4154098
67866 -2.1894565
67965 -2.7201355
68065 -2.7146838
68165 -2.3856575
68264 -1.422303
68365 -0.0025835037
68465 1.082169
68564 2.187379
68665 2.8220353
68765 2.947978
68865 2.520214
68965 1.086606
69065 -0.16222095
69165 -1.344244
69265 -2.312424
69365 -2.7147732
69466 -2.69778
69566 -2.2580183
69666 -1.2770939
69766 -0.06278658
69867 1.1503496
69967 2.1070695
70066 2.7211037
70167 3.0409117
70267 2.9173293
70370 2.2442474
70470 1.0065522
70568 -0.13720608
70668 -1.3530746
70768 -2.1222034
70869 -2.6610806
70969 -2.660953
71069 -1.918941
71169 -0.58210135
71269 0.6953473
71369 1.8966875
71469 2.8157206
71569 3.1514072
71670 3.089944
71771 2.3332987
71871 0.7941003
71971 -0.56036234
72070 -1.7266293
72171 -2.6596038
72271 -3.0604672
72371 -2.9850006
72471 -2.5884447
72570 -1.4643636
72671 0.054549217
72771 1.2322321
72872 2.2839346
72973 3.0523968
73072 3.4812822
73173 3.6079073
73272 3.3074493
73372 2.3302383
73473 0.79109955
73572 -0.34256935
73673 -1.3988667
73775 -1.886656
73874 -1.8951473
73974 -1.252692
74074 -0.09238863
74173 1.0725179
74275 2.3659568
74374 3.495718
74474 4.1245975
74575 4.319928
74675 3.6050262
74774 2.2109404
74859 0.96437645
74958 -0.26725578
