4 1.1480703
104 0.16016436
204 -1.1782804
304 -2.14563
404 -2.9987755
505 -3.2944744
604 -3.3287675
705 -2.96548
805 -1.6400256
905 0.02903223
1005 1.3990331
1105 2.3895783
1205 2.8216133
1306 2.8678222
1406 2.5772476
1506 1.9366364
1606 0.407341
1706 -1.0956359
1806 -2.4151504
1906 -3.3758936
2006 -3.6947427
2107 -3.5497494
2207 -2.9346972
2307 -1.876663
2407 -0.53429985
2508 1.0171137
2607 2.034655
2708 2.7672243
2808 2.9607801
2908 2.8854141
3008 2.5782824
3109 1.8049669
3208 0.2768221
3309 -1.2232044
3409 -2.4726567
3509 -3.2221103
3609 -3.599997
3709 -3.553588
3810 -3.4226844
3910 -3.036359
4010 -2.0303566
4110 -0.54077387
4210 1.0024691
4311 2.246213
4410 2.8827224
4511 3.1473475
4611 2.9933128
4711 2.622991
4811 1.6477532
4912 -0.33861637
5011 -2.111095
5112 -3.4143763
5211 -3.9716127
5312 -4.202797
5412 -4.0624266
5512 -3.4955335
5612 -2.1925523
5712 -0.6720171
5813 0.9726834
5913 2.199956
6013 2.8476763
6113 3.121272
6213 3.028452
6313 2.520392
6413 1.3052683
6514 -0.09801006
6614 -1.6071155
6714 -2.729598
6815 -3.1916025
6915 -3.4322245
7015 -3.242497
7115 -2.638994
7214 -1.1180885
7315 0.35672283
7415 1.7441077
7515 2.5796509
7615 3.0430946
7715 3.1647367
7816 3.0720444
7916 2.8249464
8016 2.3957734
8116 1.0152044
8216 -0.7411938
8317 -2.2780275
8417 -3.2317166
8517 -3.6343355
8617 -3.717894
8717 -3.3924212
8818 -2.812539
8917 -1.3322117
9018 0.5900278
9118 2.1019416
9218 3.2022219
9318 3.585144
9418 3.649724
9519 3.4625912
9619 2.5433555
9719 0.82635975
9802 -0.59085226
9902 -2.336059
10002 -3.656514
10101 -4.0977545
10202 -4.151117
10301 -3.8540552
10403 -2.8745522
10503 -1.3922126
10604 0.1999631
10704 1.4298997
10804 2.6523414
10904 3.165966
11004 2.1310034
11104 2.8380876
11205 1.7611732
11305 0.3155136
11405 -1.1259255
11505 -2.23805
11605 -2.6475444
11705 -2.6845844
11805 -2.4628003
11905 -1.7504101
12005 -0.23672867
12106 1.4574571
12206 2.6951027
12306 3.5383024
12406 3.7216244
12507 3.561656
12607 2.9956713
12707 1.6753435
12807 0.09735727
12907 -1.4980145
13007 -2.43146
13107 -2.7686257
13208 -2.6979182
13308 -2.23765
13408 -1.1929328
13508 -0.09516001
13608 1.2476149
13708 2.2509317
13809 3.131446
13909 3.4278336
14009 3.4345999
14109 3.1582575
14209 2.5332618
14309 1.2403011
14409 -0.17124414
14509 -1.700644
14610 -2.4726195
14710 -3.1044238
14810 -3.150495
14910 -2.952302
15010 -2.6910405
15111 -2.116235
15211 -0.70647
15310 0.7939019
15411 2.0938478
15511 2.777505
15611 2.9854193
15711 2.907045
15811 2.3581667
15911 1.5386558
16012 0.25149536
16112 -0.8855171
16212 -1.8473799
16312 -2.354047
16413 -2.4473228
16513 -1.9874704
16613 -1.1713262
16713 -0.07300043
16813 1.1592412
16913 2.316208
17013 2.9647589
17114 3.3292494
17214 3.472371
17314 3.507944
17414 3.2898521
17514 2.4617233
17614 1.2640371
17714 0.060228825
17815 -0.99797344
17915 -1.7840686
18015 -2.2746334
18115 -2.5909543
18215 -2.6632135
18316 -2.5874486
18416 -2.31316
18516 -1.3024316
18616 -0.18373537
18717 1.1660948
18817 2.207746
18916 3.043912
19016 3.5626535
19117 3.7178488
19217 3.7253618
19317 3.638013
19417 3.1792068
19517 2.2359152
19618 1.0772142
19718 -0.111987114
19818 -1.1519406
19918 -2.0008178
20018 -2.4222438
20118 -2.8540473
20218 -2.8638597
20319 -2.6013818
20419 -2.0219436
20502 -1.1473141
20602 -0.26482868
20702 0.6745539
20802 1.5033569
20902 2.2686768
21002 2.9540548
21103 3.3070354
21203 3.3851461
21303 3.379858
21404 3.2688866
21504 2.759993
21604 1.8594427
21704 0.8795705
21804 -0.1702919
21904 -1.176621
22005 -1.997509
22104 -2.4209812
22205 -2.7401867
22306 -2.9660227
22405 -2.7263074
22505 -2.1481562
22605 -1.0115707
22705 0.22680712
22806 1.3402224
22906 2.2147598
23006 2.8409739
23106 3.1700554
23206 3.2390728
23307 3.1155882
23407 2.52246
23507 1.4490013
23607 0.48919916
23707 -0.33001995
23808 -1.1584945
23907 -1.8611372
24008 -2.2487593
24108 -2.4072084
24208 -2.4678645
24308 -2.4049754
24408 -2.005959
24508 -1.1836643
24609 -0.06997013
24708 1.0516009
24809 2.143537
24909 2.9388037
25009 3.487752
25109 3.6793642
25210 3.6900024
25310 3.546732
25410 3.2610092
25510 2.7535949
25611 2.0647545
25711 1.3186932
25810 0.69920206
25911 -0.0027661324
26011 -0.7747507
26111 -1.6062648
26211 -1.987859
26311 -2.1811066
26411 -2.2283485
26511 -2.1165185
26612 -1.6543083
26712 -0.77744675
26812 0.070628166
26912 0.84854984
27013 1.662355
27113 2.3880644
27213 2.961173
27313 3.2722158
27413 3.4068613
27513 3.406745
27613 3.231369
27713 2.6726708
27813 2.1179428
27914 1.428411
28014 0.84457064
28114 0.20857477
28214 -0.49751663
28315 -1.2092109
28415 -1.6015658
28515 -1.7461286
28614 -1.84548
28715 -1.8781247
28815 -1.8178666
28916 -1.4546788
29016 -0.563673
29116 0.40997505
29216 1.4005728
29316 2.2065802
29416 2.8336868
29516 3.1736088
29616 3.3107834
29717 3.3041744
29816 3.2153082
29916 2.920845
30017 2.4512815
30117 1.8467836
30217 1.2952585
30318 0.26416492
30418 -0.74076176
30518 -1.6569371
30618 -2.2262654
30718 -2.53411
30818 -2.5832136
30919 -2.5790334
31019 -2.4641027
31102 -2.2141483
31202 -1.3841786
31302 -0.51029396
31402 0.4322319
31502 1.2831106
31602 2.0458364
31703 2.7262182
31803 3.1262054
31903 3.3058262
32004 3.3375378
32104 3.2780094
32204 3.0830889
32304 2.3423882
32404 1.1190996
32504 -0.028229237
32604 -0.98258495
32705 -1.8713603
32805 -2.424955
32905 -2.7343574
33005 -2.7749472
33105 -2.7477787
33205 -2.4676366
33306 -1.7241902
33405 -0.8553653
33506 -0.030786037
33606 0.6085539
33706 1.3378382
33806 1.900917
33906 2.3446589
34006 2.6781373
34107 2.9089956
34207 2.9970412
34307 3.0142813
34407 2.9753027
34507 2.5741816
34608 1.7487211
34707 0.9445009
34808 0.14411211
34908 -0.50057125
35008 -1.187629
35108 -1.7070236
35209 -2.2055705
35309 -2.729097
35409 -2.8855586
35509 -2.7544076
35609 -2.059569
35709 -1.0702882
35810 -0.25371885
35910 0.486207
36260 2.8320732
36360 3.3562975
36460 3.645872
36560 3.7180557
36661 3.7135715
36761 3.6019983
36861 2.978321
36962 2.1461282
37061 1.4084978
37162 0.9228263
37262 0.541419
37362 0.15573835
37462 -0.19566822
37562 -0.543231
37662 -0.889452
37762 -1.198731
37863 -1.5050492
37946 -1.6842713
38046 -1.733146
38146 -1.3534718
38245 -0.1950283
38346 0.71480846
38446 1.5232124
38546 2.2434654
38647 2.8600273
38747 3.2294025
38848 3.352623
38948 3.3521547
39048 3.2905445
39148 2.964334
39248 1.9972191
39348 1.2065554
39448 0.6187515
39549 0.034893036
39649 -0.4589548
39749 -0.92438793
39849 -1.402144
39949 -1.6840413
40049 -1.7331147
40150 -1.5258377
40250 -0.9305482
40350 -0.031747818
40450 0.69510984
40550 1.4312096
40650 2.0132241
40750 2.5280952
40850 2.897891
40951 3.062397
41051 3.1115055
41151 3.0781336
41251 2.7687387
41351 2.0902052
41451 1.2578845
41786 -1.0236924
41886 -1.6449726
41986 -2.0051892
42086 -2.319133
42186 -2.3719878
42287 -2.394069
42386 -2.3474572
42486 -1.9921126
42587 -1.0500419
42687 -0.2769885
42787 0.34133816
42887 1.0998502
42987 1.6903672
43087 2.1284432
43187 2.4765105
43288 2.7002459
43388 2.7864494
43488 2.7874222
43588 2.561647
43688 1.4048929
43789 0.38785458
43889 -0.3440795
43989 -1.13376
44090 -1.726485
44189 -2.1043339
44289 -2.3141158
44389 -2.448422
44490 -2.4765885
44590 -2.349785
44690 -1.800108
44790 -0.961977
44890 -0.1521163
44990 0.44377804
45091 1.2889776
45174 1.8289146
45274 2.3778982
45374 2.8757238
45474 3.094205
45574 3.1418629
45674 3.1356668
45774 3.0376873
45875 2.2172265
45976 0.8835211
46076 -0.28056288
46176 -1.5160794
46276 -2.3171906
46376 -3.0046442
46476 -3.3930578
46576 -3.3326364
46676 -2.9523864
46777 -2.2664762
46877 -1.3076797
46977 -0.07782936
47077 0.88032913
47177 1.9273467
47277 2.6293578
47378 3.0279417
47478 3.147272
47578 2.8730059
47678 1.670495
47778 0.43620968
47878 -0.8115835
47979 -1.9438119
48079 -2.7217698
48179 -3.0391583
48279 -2.8361208
48379 -1.9724422
48479 -0.7852969
48579 0.56223106
48680 1.5813408
48780 2.3450518
48880 2.545424
48980 2.43476
49080 1.223362
49180 -0.39051485
49281 -1.9030852
49381 -2.873655
49481 -3.2883475
49581 -3.0798438
49681 -2.2840748
49781 -1.0271206
49881 0.5592928
49982 1.7424688
50082 2.3351412
50182 2.4078217
50282 2.0311522
50382 0.8081937
50483 -0.4445753
50582 -1.8077018
50682 -2.7641125
50783 -3.0410085
50883 -3.0145042
50983 -2.3887265
51084 -1.0834827
51183 0.26150465
51284 1.6157622
51384 2.4019365
51484 2.6795425
51584 2.6331725
51684 1.9772081
51785 0.81653166
51885 -0.70901585
51985 -2.1536844
52085 -2.8716426
52185 -2.9756808
52286 -2.5210316
52385 -1.6038775
52486 -0.2899871
52586 1.1288104
52686 2.2780433
52786 2.9792342
52886 3.0220623
52986 2.3874946
53087 0.9098506
53187 -0.5937457
53287 -2.0284696
53387 -2.7317815
53487 -2.899742
53587 -2.6870682
53687 -2.1446567
53788 -0.9858303
53888 0.54308367
53988 1.9209533
54088 2.9584985
54188 3.6048136
54288 3.7661457
54389 3.5106697
54489 2.617115
54588 1.0076661
54689 -0.5485959
54789 -1.9937038
54889 -2.7701933
54990 -3.109621
55090 -3.1124344
55190 -2.6792083
55290 -1.7347233
55390 -0.3847108
55490 1.2276659
55591 2.3273735
55691 3.0145998
55790 3.239973
55891 3.214326
55974 2.6745462
56074 1.2970762
56174 -0.043296814
56274 -1.2509136
56374 -2.3805344
56474 -2.798206
56575 -2.8556123
56675 -2.689754
56776 -2.0137477
56876 -0.75701094
56976 0.8149781
57076 2.1260939
57176 2.9450898
57277 3.4080868
57376 3.4884167
57477 2.9012718
57577 1.5628204
57677 -0.080266
57777 -1.3518844
57877 -2.1784809
57977 -2.666293
58078 -2.7342424
58178 -2.377683
58278 -1.5144544
58378 -0.046427727
58478 1.2111154
58578 2.3493667
58679 2.942412
58778 3.175005
58879 3.037879
58979 2.3070793
59079 0.81249046
59179 -0.524827
59279 -1.6779048
59379 -2.2281346
59480 -2.4521637
59580 -2.1121194
59680 -1.4657261
59780 -0.25498867
59880 0.9977498
59981 2.377307
60081 2.9363947
60181 3.4625998
60281 3.5678692
60381 3.315775
60481 2.0135484
60581 0.08470631
60682 -1.4862373
60782 -2.693666
60882 -3.2173324
60982 -3.2128987
61082 -2.7385373
61182 -1.7782555
61283 -0.18408298
61383 1.3921523
61483 2.820417
61583 3.7108707
61684 3.7782478
61784 3.110115
61884 2.2831292
61984 1.0574088
62084 -0.4866476
62184 -1.8810775
62285 -2.7303162
62384 -3.0895815
62484 -2.8100522
62585 -2.0346842
62685 -0.8558688
62785 0.5305171
62886 1.8948507
62985 2.720108
63085 3.123026
63185 2.9860277
63286 2.0676093
63386 0.83891773
63486 -0.72612286
63586 -1.9042835
63687 -2.5392041
63787 -2.6193712
63887 -2.1408737
63987 -1.1413841
64087 0.03879738
64188 1.5246263
64287 2.4390059
64387 3.1185884
64488 3.2096062
64588 3.0230026
64688 1.6750703
64788 -0.08966541
64888 -1.5372734
64988 -2.4866114
65089 -2.9299035
65189 -2.9104884
65289 -2.2838893
65389 -1.184438
65489 0.2760291
65589 1.6366577
65690 2.8913064
65790 3.48242
65889 3.5211506
65990 2.8793325
66090 1.5985961
66190 -0.008897781
66290 -1.5185127
66391 -2.598185
66491 -2.8762739
66574 -2.9366605
66673 -2.6143765
66774 -1.7279778
66874 -0.30405807
66974 1.1015329
67074 2.420999
67175 3.34723
67275 3.690999
67375 3.63334
67476 3.0527878
67576 2.0675035
67676 0.5651932
67776 -0.82651806
67876 -1.8602407
67976 -2.3291934
68077 -2.426565
68177 -2.2270293
68277 -1.744098
68377 -0.61460924
68477 0.7482486
68577 2.0807557
68678 2.994853
68778 3.4102278
68878 3.4412775
68978 3.1464624
69078 2.2860756
69178 0.8089571
69279 -0.8404913
69378 -1.9972723
69478 -2.5738623
69579 -2.6412308
69679 -2.294107
69779 -1.1801281
69879 0.21431446
69980 1.6948156
70079 2.741239
70180 3.547041
70280 3.6699266
70380 3.211362
70480 2.2284546
70580 0.52743196
70681 -1.0117888
70781 -2.1883578
70881 -2.527282
70981 -2.5384443
71081 -2.0606604
71181 -0.957973
71282 0.64486504
71382 2.07788
71482 3.280428
71582 3.9823313
71683 4.017622
71782 3.596819
71882 2.2157164
71983 0.38868427
72083 -1.3476357
72183 -2.600019
72283 -3.0656848
72383 -3.0104907
72483 -2.521185
72583 -1.3006177
72683 0.44888067
72784 2.0507612
72884 3.4419813
72985 4.2923613
73085 4.3264666
73185 3.856264
73284 2.6076117
73385 1.1279955
73485 -0.8240671
73585 -2.1495073
73685 -2.9046452
73785 -3.0529492
73886 -2.8612225
73986 -1.9297547
74086 -0.4008131
74187 1.3118715
74286 2.5697427
74387 3.4482994
74486 3.6855116
74587 3.4463654
74687 2.6854148
74788 1.3764539
74887 -0.18117142
74987 -1.4813366
