30 3.6912413
130 3.3714561
230 2.4092484
331 1.1677575
430 0.04545498
530 -0.9181013
631 -2.0651016
731 -2.7910523
831 -3.2257953
931 -3.374055
1031 -3.3380556
1132 -3.0979486
1231 -2.703131
1332 -1.5902896
1432 -0.46198845
1533 0.5113125
1632 1.4966049
1733 2.4713974
1833 2.8967462
1934 2.944471
2033 2.9382033
2134 2.8530297
2233 2.7220764
2334 2.229556
2434 1.0077415
2535 -0.22097063
2635 -1.4377029
2735 -2.3000548
2834 -2.9670174
2935 -3.1389654
3035 -3.1087055
3135 -2.8036463
3235 -2.162396
3336 -1.1444206
3435 -0.21690464
3536 0.7143922
3635 1.7891655
3736 2.3901596
3836 2.6399355
3937 2.7635474
4036 2.760662
4137 2.701056
4237 2.4779167
4337 1.659163
4438 0.39184475
4538 -0.96469784
4854 -3.21831
4954 -3.352876
5055 -3.3128324
5155 -3.1281106
5256 -2.871233
5356 -2.1118364
5455 -0.6964421
5555 0.43191576
5656 1.5272574
5756 2.4063797
5856 2.9623947
5956 3.115224
6056 3.1461754
6156 3.0333347
6256 2.8690767
6358 2.6585627
6457 1.9836249
6558 0.33789635
6658 -1.0840573
6758 -2.3612626
6858 -3.1124141
6958 -3.5706916
7059 -3.6416457
7159 -3.6353955
7259 -3.4269142
7358 -3.2084265
7459 -2.5402555
7560 -1.2747846
7660 -0.019673347
7760 1.071271
7859 2.1000123
7960 2.7701082
8060 3.0906525
8160 3.1504555
8260 3.1328783
8360 3.0175838
8461 2.5031576
8560 1.7597985
8661 0.4709072
8761 -0.91458416
8862 -2.1972053
8962 -3.1670892
9062 -3.5965962
9161 -3.758403
9262 -3.5896378
9362 -3.257699
9462 -2.8877797
9562 -2.3060508
9663 -1.2754369
9996 2.2659063
10079 2.8899832
10179 3.1056633
10279 3.202156
10379 3.2229147
10479 3.1854763
10579 2.8402824
10679 2.073845
10781 0.75563526
10882 -0.54232407
10982 -1.9612277
11082 -2.9902647
11182 -3.7729657
11282 -3.9160788
11382 -3.9541314
11483 -3.6888125
11583 -3.4269226
11683 -2.698171
11783 -1.7094936
11883 -0.622767
11983 0.40381336
12084 1.5752883
12184 2.3597717
12501 3.477539
12601 3.5071726
12701 3.4581575
12801 3.2948666
12901 2.7042284
13002 1.4005404
13102 0.028992653
13202 -1.2017541
13302 -2.3084784
13402 -3.1122458
13502 -3.6165426
13602 -3.6963966
13703 -3.6769643
13802 -3.421066
13903 -2.8715074
14003 -1.9867873
14104 -0.7133951
14204 0.3185568
14304 1.4753165
14404 2.445098
14505 3.0999823
14604 3.4321089
14704 3.4856234
14804 3.258236
14904 2.9845076
15005 2.6430292
15105 1.5512991
15205 -0.039634228
15306 -1.0988662
15405 -2.2888343
15506 -2.957467
15606 -3.2766979
15706 -3.2449605
15807 -3.0697243
15906 -2.7829392
16006 -2.146219
16107 -1.2591434
16207 -0.33660126
16307 0.6044893
16407 1.3544273
16507 2.1253562
16608 2.540503
17042 2.6930933
17142 2.0386095
17242 0.8550391
17342 -0.15644598
17442 -1.446835
17542 -2.534242
17642 -3.1990757
17742 -3.4981475
17843 -3.671684
17943 -3.5684724
18043 -3.3212812
18143 -2.9769595
18243 -1.9191492
18344 -0.68028545
18443 0.2943697
18544 1.3662691
18644 2.4030852
18744 3.2269459
18845 3.6210136
18944 3.6591406
19045 3.5806904
19146 3.3501682
19245 2.891262
19346 2.2553673
19446 1.1468878
19546 0.09909344
19646 -0.8104272
19746 -1.6553218
19847 -2.2895792
19947 -2.6810598
20046 -2.8772256
20147 -2.9004912
20247 -2.8252354
20347 -2.3570902
20448 -1.2039082
20547 -0.03154421
20647 1.001432
20748 1.9646692
20848 2.7451997
20948 3.3086605
21048 3.3984756
21148 3.4328537
21249 3.3457203
21349 3.053852
21449 2.1388535
21549 1.049582
21650 -0.2880354
21749 -1.2865105
21849 -2.2414875
21950 -2.7854295
22051 -2.9604955
22151 -2.99725
22251 -2.820469
22350 -2.3760388
22451 -1.7695861
22550 -1.0000682
22651 -2.4175644E-4
22751 0.9925747
22851 1.8731523
22952 2.723864
23052 3.2423182
23152 3.513752
23252 3.4587736
23352 3.1568937
23453 2.5838623
23769 -0.24361801
23870 -1.2162228
23970 -2.0308135
24070 -2.6526399
24170 -2.939777
24270 -3.0016258
24370 -2.9287941
24471 -2.6530023
24571 -1.8706882
24671 -1.0024428
24771 -0.09932566
24872 0.7097101
24971 1.4627542
25071 2.189785
25172 2.8128142
25272 3.2416449
25372 3.5857925
25472 3.7477684
25839 0.99000835
25940 -0.24691486
26039 -1.1493759
26140 -2.1070507
26241 -2.6660364
26341 -3.0895445
26440 -3.1386523
26541 -3.1088943
26642 -3.0277925
27576 2.9444757
27676 2.9547281
27776 2.9601378
27877 2.9000044
27977 2.5845413
28076 1.5091562
28176 0.61594105
28277 -0.31181526
28378 -1.2434735
28477 -2.2797282
28578 -2.8082511
28678 -3.0379884
29011 -2.5953467
29112 -1.7189527
29212 -0.72631025
29629 2.2154365
29730 2.7952447
29830 3.2363482
29929 3.4194088
30030 3.4957724
30131 3.3920422
30231 2.9286032
30330 1.9061241
30431 0.948751
30513 0.0438056
30627 -1.0004735
30713 -1.8280783
30813 -2.416597
30913 -2.5544477
31015 -2.6214461
31115 -2.540142
31216 -2.3054156
31316 -1.5854378
31416 -0.7133846
31516 0.23638916
31616 1.0990038
31716 1.9766006
31817 2.5504394
31917 3.0733013
32017 3.3278866
32117 3.514227
32217 3.5396786
32317 3.392229
32418 2.8093276
32518 2.2182717
32618 1.1114554
32718 0.07076597
32818 -1.00751
32918 -2.0021534
33018 -2.7896726
33119 -3.2319684
33218 -3.224115
33319 -2.9555259
33419 -2.4464624
33519 -1.5916722
33619 -0.64254475
33719 0.38548565
33820 1.2048287
33920 1.9404745
34020 2.536386
34120 3.003419
34220 3.2204247
34320 3.258811
34420 3.1210938
34520 2.6828399
34621 2.0996923
34721 1.3008432
34821 0.58714676
34922 -0.12006569
35021 -0.9480467
35121 -1.6748118
35472 -2.80144
35573 -2.802407
35672 -2.7951636
35773 -2.6840272
35873 -2.0640998
35974 -1.0678337
36073 -0.21310568
36441 2.289566
36541 2.6355147
36641 2.8034248
36741 2.8613076
36842 2.8779044
36942 2.7812204
37042 2.3413506
37142 1.4326568
37242 0.34735346
37342 -0.50048923
37442 -1.2747169
37543 -2.138505
37643 -2.5634522
37743 -3.0207632
37843 -3.2736344
37943 -3.2385583
38043 -3.0442243
38143 -2.4336278
38244 -1.4841988
38344 -0.64546967
38444 0.16386557
38544 0.911067
38644 1.7963343
38744 2.4076986
38844 2.985219
38945 3.1520557
39045 3.1947317
39145 3.0848598
39245 2.53729
39345 1.8455896
39446 1.0906
39546 0.1523943
39646 -0.7559986
39746 -1.6736159
39846 -2.4046767
39946 -2.7410252
40047 -2.812512
40146 -2.7779617
40247 -2.7285137
40348 -2.5338235
40447 -2.1193833
40548 -1.1400571
40647 -0.28827477
40748 0.5028534
40848 1.3025813
40948 2.058837
41048 2.6219168
41149 2.9023767
41466 2.940599
41566 2.6937866
41666 1.9270272
41767 0.9259081
41867 0.03021717
41967 -0.9700079
42067 -1.8948615
42167 -2.5464654
42267 -2.9173982
42367 -2.9633439
42467 -3.0047512
42568 -2.9642599
42668 -2.7139533
42769 -2.091751
42868 -1.1494026
42969 -0.26261616
43068 0.6171355
43168 1.4572587
43268 2.0418577
43369 2.5262756
43470 3.0876036
43570 3.2684536
43670 3.1950254
43770 2.8239646
43869 2.3085876
43970 1.4190497
44070 0.51600695
44170 -0.5593796
44271 -1.4210968
44371 -2.2614691
44470 -2.6588604
44571 -2.890987
44671 -3.0525818
44772 -2.987209
44872 -2.7874184
44972 -2.238949
45072 -1.4631734
45172 -0.5034466
45273 0.4432478
45372 1.2224417
45473 1.9373031
45573 2.3621397
45673 2.5722475
45773 2.682199
45874 2.7145371
45973 2.6860552
46073 2.465567
46173 1.7273207
46273 0.74812174
46373 -0.21485329
46474 -1.2585206
46574 -2.3351066
46675 -2.79418
46757 -3.1517386
46857 -3.3649905
46957 -3.3263252
47057 -3.1859307
47157 -2.8537908
47257 -1.8658414
47357 -0.8493781
47459 0.004479885
47560 0.8740244
47660 1.8031492
47760 2.5033188
47860 3.147421
47960 3.3642797
48060 3.3845425
48160 3.2264395
48261 2.9399123
48361 2.2931304
48461 1.2044854
48561 0.16305923
48661 -0.8030386
48761 -1.6306882
48862 -2.3025212
48962 -2.6556215
49062 -2.708119
49162 -2.7291555
49262 -2.6188555
49362 -2.1923187
49462 -1.2292266
49563 -0.1696949
49663 0.6861377
49763 1.7200079
49862 2.3896804
49963 2.7079024
50063 2.8663726
50164 2.8846536
50264 2.7585669
50364 2.5325785
50464 1.9537139
50564 1.0686555
50664 -0.27317
50764 -1.2493126
50865 -2.1229246
50965 -2.664644
51282 -3.0216541
51382 -2.8466384
51482 -2.2792778
51583 -1.3260064
51683 -0.5200205
51784 0.45682812
51884 1.3858175
51984 2.3373404
52084 2.9762506
52184 3.2974367
52284 3.3638391
52384 3.2912216
52484 2.9255614
52585 2.2439866
52685 1.35499
52785 0.49406767
52885 -0.6826334
52985 -1.8210065
53086 -2.7978954
53185 -3.3745441
53286 -3.5701468
53386 -3.567087
53486 -3.5388048
53586 -3.4077146
53687 -2.8263283
53787 -1.7573459
53887 -0.82988024
53987 0.7072754
54404 3.49201
54504 3.4292583
54604 3.2137318
54704 2.8990645
54805 2.3991346
54904 1.762497
55005 0.03344965
55106 -1.3475995
55206 -2.3734674
55305 -2.9418514
55406 -3.1409118
55506 -3.1837316
55606 -3.1130455
55706 -2.8610902
55807 -2.0996222
55906 -1.2093387
56007 -0.10180378
56107 1.052105
56207 2.166307
56308 2.7896814
56408 3.228979
56508 3.3582516
56607 3.3487635
56708 3.1909962
56809 2.8461518
56908 1.8036032
57009 0.3346038
57109 -1.2189884
57209 -2.3294535
57309 -3.1879315
57410 -3.4775624
57510 -3.55895
57826 -2.6519003
57927 -1.906426
58027 -0.88166666
58128 0.19198751
58228 1.2925625
58327 1.8951874
58428 2.4783678
58527 2.7702456
58628 2.79041
58727 2.7790399
58828 2.6817527
58928 2.1817842
59028 1.8010263
59129 0.4822712
59229 -0.8477597
59330 -2.154436
59429 -2.749676
59530 -3.1014295
59630 -3.3887362
59729 -3.434043
59830 -3.3455477
59930 -3.1274276
60030 -2.3160198
60131 -1.3790214
60230 -0.31278324
60331 0.98329115
60430 2.0598154
60531 2.4694777
60632 2.7783751
60731 2.8717623
60831 2.9385047
60932 2.8602538
61032 2.0146675
61132 1.2038355
61232 0.3865652
61333 -0.59229565
61433 -1.6999099
61533 -2.3082643
61633 -2.705215
61733 -3.5806682
61833 -3.6655233
61934 -3.6706457
62033 -3.6026816
62134 -3.2781892
62216 -2.5624437
62316 -1.6254535
62416 -0.57464504
62516 0.5145178
62616 1.5332184
62718 2.3987947
62818 2.8592963
62919 2.995098
63019 2.9958534
63119 2.8942146
63219 2.7013922
63319 2.3725038
63419 1.9054298
63520 0.8939409
63620 -0.3142271
63720 -1.507405
63820 -2.5808768
63920 -3.3335547
64020 -3.7992396
64120 -3.8841434
64221 -3.6437724
65172 3.2765102
65272 3.2782612
65373 3.2794418
65473 3.2702656
65573 3.129819
65673 2.621749
65773 1.8833771
65873 1.0344019
65974 0.13246775
66074 -0.72140265
66173 -1.5226207
66274 -2.1310594
66375 -2.6623845
66474 -2.8259645
66575 -2.8394637
66675 -2.6249034
66775 -1.9544506
66876 -1.0354953
66975 0.04910755
67076 1.276402
67176 2.1624527
67276 2.9360876
67375 3.4109993
67476 3.5210552
67576 3.5019817
67677 3.4499912
67993 1.3712907
68093 0.23289871
68193 -0.7997298
68294 -1.6805482
68394 -2.334512
68494 -2.5239859
68594 -2.5749922
68694 -2.4940085
68795 -2.3023553
68895 -1.8913264
68995 -1.2374241
69095 -0.48104
69196 0.42969894
69295 1.4080467
69396 2.15055
69496 2.7682037
69596 2.9956732
69696 3.0869656
69796 3.0744495
69897 3.0064163
69996 2.9417672
70097 2.6413078
70197 1.5811791
70298 0.52859783
70397 -0.5365124
70498 -1.5331674
70597 -2.3629036
70698 -2.8621037
70798 -3.0864327
70898 -3.2437084
70998 -3.1753411
71099 -2.9545684
71199 -2.4139838
71299 -1.6891277
71399 -0.8752842
71500 0.032165527
71600 1.3001122
71699 1.7744417
71800 2.598456
71900 2.8710108
72000 3.0688639
72100 3.0961056
72201 3.0100641
72301 2.5807457
72401 1.7100487
72501 0.6967926
72601 -0.13665533
72702 -0.9879246
72801 -1.6846013
72901 -2.2275891
73002 -2.6684697
73101 -2.9947948
73203 -3.23434
73303 -3.2115366
73403 -2.9715996
73503 -2.2665935
73602 -1.2397084
73703 -0.37206364
73804 0.48790073
73903 1.3371224
74004 2.105176
74103 2.5208044
74186 2.839147
74286 3.0484524
74386 3.0886393
74486 3.0510387
74586 2.847453
74687 2.1921349
74788 1.3259358
74888 0.18801785
74989 -0.8426256
