22 -2.3675501
121 -0.36131716
223 1.4043655
323 2.7675195
423 3.0477142
524 2.2896395
623 0.48797512
724 -1.2778976
824 -2.4014108
924 -2.5548742
1025 -1.4138927
1125 0.3474598
1225 2.163855
1325 2.9606934
1426 3.0295858
1526 1.6871772
1625 -0.24575329
1726 -1.9824674
1827 -2.8841426
1927 -2.8504531
2027 -1.6646295
2127 0.24731112
2228 2.0191727
2328 3.047308
2428 2.9976263
2528 1.6920652
2628 -0.49022102
2729 -2.1389766
2829 -3.1777008
2929 -3.165789
3030 -1.895019
3130 0.023241997
3230 2.2401948
3331 3.2160187
3431 3.232767
3531 1.9072175
3632 -0.088216305
3731 -1.9836049
3832 -2.9441857
3932 -2.5378776
4032 -0.8450279
4133 1.0480957
4233 2.6675653
4333 3.0765104
4434 2.7507515
4533 1.3034887
4634 -0.737381
4735 -2.1201081
4834 -2.5774713
4934 -2.0261252
5035 -0.3211794
5135 1.851335
5236 3.0980892
5336 3.4605312
5436 2.7734528
5537 0.838819
5637 -1.207866
5736 -2.6328452
5820 -3.1830328
5920 -2.9295704
6021 -1.2791095
6121 1.0341201
6222 2.620761
6321 3.1910706
6421 3.022663
6523 1.5966492
6623 -0.46054935
6722 -2.2072542
6823 -3.0737443
6924 -2.7544441
7023 -1.0357506
7124 1.0316925
7225 2.7977562
7325 3.5806446
7425 3.2694092
7524 1.8929644
7626 -0.33806562
7725 -1.8025789
7826 -2.8400455
7925 -2.5568252
8027 -1.168035
8127 1.1084676
8227 2.670886
8328 3.1523867
8427 2.6627617
8528 0.9597664
8628 -1.1522548
8729 -2.5400963
8829 -3.2691543
8929 -3.1463633
9029 -1.7687943
9129 0.66673994
9230 2.614212
9330 3.196124
9430 2.9599152
9530 1.5831742
9631 -0.42865658
9730 -2.0918858
9831 -2.8567328
9932 -2.5825949
10031 -1.2598984
10132 0.85414124
10233 2.5971565
10333 3.1110754
10432 2.9005194
10533 1.6633759
10633 -0.526124
10734 -2.122807
10834 -3.109215
10934 -2.9531045
11035 -1.8017855
11135 0.23957157
11235 2.174736
11335 3.0489445
11435 3.0224133
11535 1.9973078
11635 -0.005001545
11737 -1.6946893
11837 -2.9520762
11936 -3.2524033
12020 -3.0241969
12120 -1.510627
12220 1.0227447
12320 2.7122345
12421 3.2312737
12521 2.7072687
12622 0.9122515
12723 -1.4197013
12823 -3.081308
12923 -4.5186124
13023 -3.524453
13124 -1.890127
13223 0.6932459
13324 3.1154404
13424 3.6044636
13525 3.2926598
13625 1.9674377
13725 0.21634197
13825 -1.3704689
13926 -1.9722075
14026 -1.5679488
14126 -0.06020689
14227 1.7053742
14327 2.9726882
14427 3.2489605
14527 2.5894141
14627 0.94094706
14728 -1.1082873
14828 -2.4800115
14928 -2.7620203
15029 -1.3203034
15129 0.7559509
15229 2.704515
15329 3.4901218
15429 3.2095613
15530 1.9125891
15631 -0.3302641
15731 -1.9648838
15831 -2.7843566
15930 -2.7970712
16031 -1.9274001
16132 -0.32633686
16231 1.2680445
16332 2.408248
16432 2.8775568
16533 3.188263
16633 3.1709347
16733 2.640335
16833 1.377398
16934 0.079170704
17034 -1.0054526
17133 -1.8029728
17235 -2.4417284
17335 -2.8355691
17435 -2.9494739
17535 -2.860225
17635 -2.543914
17735 -1.5703468
17835 -0.35742855
17937 0.9431648
18036 1.808609
18137 2.3507795
18237 2.6478972
18320 2.9040108
18421 3.169713
18520 3.2786856
18622 3.232502
18721 3.0834217
18822 2.881907
18921 2.4439783
19022 1.2210264
19123 -0.30424023
19223 -1.2294879
19323 -1.9750419
19424 -2.5272815
19524 -2.7205362
19624 -2.7926354
19725 -2.845852
19825 -2.7529786
19925 -2.508259
20025 -1.6427283
20125 -0.21332598
20226 1.0794778
20325 1.9289122
20426 2.5570846
20527 2.8837595
20627 2.965777
20727 2.9471831
20827 2.8878899
20927 2.7991447
21027 2.6848536
21128 2.3205476
21228 0.9719677
21328 -0.20256758
21429 -1.0995507
21529 -1.7247982
21630 -2.2313664
21729 -2.5421126
21830 -2.6140332
21931 -2.604333
22031 -2.4614968
22131 -2.0634196
22231 -0.7940016
22331 0.8615694
22431 1.9095716
22532 2.6437173
22632 2.9295692
22732 3.123332
22833 3.1500034
22933 3.135127
23033 3.0942373
23133 3.0179806
23234 2.8648276
23334 2.3887854
23434 0.8652868
23534 -0.54226017
23635 -1.5641696
23736 -2.1726747
23835 -2.453946
23936 -2.576015
24036 -2.5134616
24136 -2.3694758
24236 -2.108931
24337 -1.2480247
24437 0.4313426
24521 1.5075593
24621 2.4025216
24720 2.6837692
24822 2.972106
24922 3.0896769
25021 3.0924578
25122 3.0198126
25223 2.9239058
25323 2.6957254
25423 2.0934234
25523 0.47451115
25623 -0.9866762
25724 -2.2174106
25824 -2.8664038
25924 -3.2162795
26025 -3.280148
26125 -3.2883086
26225 -3.1472056
26324 -2.9910073
26426 -2.410351
26526 -1.2373428
26625 0.13602018
26727 1.2734389
26827 1.9783311
26926 2.4462738
27027 2.555172
27128 2.645749
27228 2.8581495
27328 3.1940184
27428 3.2519894
27528 3.0882711
27629 2.5990257
27729 1.5818205
27829 0.20172024
27930 -0.70748043
28030 -1.4620945
28131 -2.0922883
28230 -2.4893935
28331 -2.6206062
28431 -2.6139371
28531 -2.5237806
28631 -2.28303
28732 -1.6697071
28832 -0.5405636
28933 0.84142256
29032 1.917346
29133 2.534092
29233 2.7772484
29334 3.0906963
29434 3.4975052
29534 3.6591187
29634 3.791769
29735 3.780755
29834 3.0073662
29935 2.22433
30036 1.2797003
30135 0.13584042
30235 -0.8163676
30336 -1.5363967
30436 -1.9505835
30536 -2.1916633
30636 -2.2186365
30737 -2.189651
30820 -2.12672
30920 -1.9709005
31021 -1.3954537
31122 0.05081415
31222 1.4201012
31321 2.2821121
31423 2.7433333
31523 2.9531403
31623 3.004757
31723 3.027876
31824 3.0533247
31924 2.973166
32024 2.6501741
32124 1.515265
32225 0.18006659
32325 -0.7783656
32424 -1.4899502
32526 -2.0190434
32625 -2.4304852
32726 -2.668205
32826 -2.7525249
32927 -2.6714275
33027 -2.5974433
33126 -2.5247538
33227 -2.1757138
33327 -0.80556154
33428 0.8128214
33528 1.9689698
33628 2.5697432
33729 2.7117653
33828 2.8433485
33929 2.8830118
34029 2.8683777
34129 2.8170028
34230 2.666346
34330 2.3368607
34430 1.2851124
34531 0.2589345
34630 -0.5780444
34731 -1.2203984
34831 -1.6996703
34932 -2.1313615
35032 -2.3736434
35133 -2.483788
35232 -2.5097666
35333 -2.4958308
35433 -2.4583793
35533 -2.248444
35633 -1.2501216
35734 0.42250204
35834 1.6415024
35934 2.3534598
36035 2.6644425
36135 2.8437219
36234 3.042593
36336 3.2064934
36436 3.26542
36536 3.2307587
36636 3.0376797
36737 2.684722
36837 2.3723998
36936 1.21843
37021 0.03752041
37121 -0.97379065
37220 -1.6217606
37321 -1.9989109
37422 -2.2269912
37522 -2.2782855
37623 -2.069119
37723 -1.481329
37823 -0.30756283
37922 1.0609045
38023 2.0609894
38124 2.6065702
38224 2.7247758
38324 2.6881914
38424 2.6011887
38525 2.5425973
38625 2.513939
38725 2.502912
38825 2.2952309
38926 1.0709572
39026 -0.32623386
39126 -1.2274995
39226 -1.8414528
39327 -2.1341445
39427 -2.1794076
39528 -2.067572
39627 -1.927556
39728 -1.780983
39828 -1.0331326
39928 0.8609266
40028 2.1561227
40129 2.7100892
40229 3.0592155
40330 3.1530285
40429 3.1424952
40530 3.101942
40630 3.0636482
40730 3.0175858
40830 2.7468095
40931 1.6940794
41031 0.26372623
41132 -0.98363733
41231 -1.8204207
41332 -2.4000826
41432 -2.7005277
41532 -3.0298839
41632 -3.1508036
41733 -3.1259232
41833 -2.8904877
41933 -2.0020528
42034 -0.36738682
42134 0.9096098
42234 2.0060859
42334 2.6322045
42435 3.0357838
42536 3.121398
42636 3.1075373
42736 3.0942574
42836 2.9951081
42937 2.8472834
43037 2.6418486
43137 1.5414114
43220 0.2666111
43321 -1.182385
43420 -2.65729
43521 -3.8237076
43622 -4.7717156
43722 -4.8338304
43822 -4.479879
43923 -4.3281155
44023 -3.9666238
44123 -3.0064836
44223 -1.2143292
44324 0.42849207
44423 1.5151558
44524 1.9874191
44624 2.1208687
44725 2.2715693
44825 2.3860178
44925 2.4720392
45026 2.520196
45126 2.533867
45226 2.3719168
45326 0.7673621
45426 -1.2920861
45526 -2.8170736
45627 -3.6228955
45727 -4.075743
45827 -4.03363
45927 -3.4003816
46028 -2.0870461
46129 0.05734253
46228 1.7515602
46329 2.4896278
46429 2.644288
46529 1.5794058
46630 -0.22860432
46730 -1.893852
46830 -2.9343674
46930 -3.1550775
47030 -2.0530648
47131 0.14923286
47232 1.7416344
47332 2.4848976
47431 2.5622282
47532 1.6870527
47632 0.17413235
47732 -1.635493
47832 -2.6444917
47933 -2.715797
48033 -1.1572158
48134 0.9218354
48233 2.3966508
48334 2.7064276
48434 1.7371926
48535 -0.12399387
48635 -2.3131127
48735 -3.249027
48836 -2.8825102
48936 -0.988255
49036 1.2796774
49136 2.4197311
49237 2.4264274
49336 1.0174255
49437 -1.1518326
49521 -2.5217707
49620 -3.425141
49721 -3.0063686
49822 -1.185199
49921 0.9937124
50022 2.1887093
50122 2.137877
50223 1.2311006
50323 -0.5674467
50423 -2.3628747
50524 -3.5486383
50623 -3.4824643
50724 -2.0395923
50823 0.090765476
50925 1.8094978
51024 2.3521385
51125 1.7191515
51225 -0.2011981
51326 -2.1813655
51426 -3.5943315
51526 -3.8291898
51627 -2.6045785
51727 -1.2565837
51827 1.0956912
51927 2.6036553
52027 3.2302732
52127 2.5211968
52228 0.50245523
52327 -1.0879414
52429 -1.4850068
52529 -1.1009395
52629 0.23022413
52729 1.6356559
52829 2.5877314
52930 2.9756737
53030 2.5473862
53129 1.1451077
53231 -0.76397467
53331 -2.063979
53432 -2.4458709
53531 -1.6360772
53631 -0.017775536
53732 1.8347616
53832 2.5973616
53932 2.5554352
54032 1.5438943
54132 -0.35541773
54233 -1.7465096
54334 -2.1314883
54434 -1.516962
54534 0.09097099
54634 1.9396377
54734 2.7738357
54835 2.7364054
54935 1.6944299
55036 -0.20265484
55136 -1.7878232
55235 -2.321819
55335 -1.8419213
55436 -0.25172138
55537 1.9451661
55637 2.895093
55721 2.80719
55820 1.4990249
55921 -0.6259775
56022 -2.4562984
56121 -2.7127893
56222 -1.5827899
56322 1.006774
56423 2.6417503
56522 2.9975677
56623 2.1163535
56722 -0.2268238
56824 -2.0462027
56923 -2.808612
57023 -2.0400481
57124 0.15572739
57225 2.29811
57325 2.9610443
57424 2.6456094
57525 1.1560545
57625 -1.2307048
57725 -2.5037093
57826 -2.532285
57927 -1.2365062
58027 1.0677838
58127 2.6797523
58227 3.0627584
58327 2.11409
58428 0.11684084
58528 -1.8531189
58629 -2.5929136
58729 -2.0789256
58829 -0.051290512
58929 2.2504168
59029 3.1469793
59129 2.8958306
59230 1.2630672
59330 -0.88171864
59430 -2.5615253
59530 -2.9946902
59631 -1.8390429
59732 0.9477973
59832 2.9767075
59932 3.2342434
60031 2.4833937
60132 0.49363565
60232 -1.8944428
60332 -4.251692
60433 -4.5570946
60534 -2.5836082
60633 0.3158021
60734 1.7485266
60835 1.7853317
60934 1.0405564
61035 -0.86975336
61134 -2.7836413
61236 -3.628139
61336 -2.9050548
61436 -1.1302559
61535 1.2070403
61636 2.0187197
61737 2.1764169
61837 0.89039135
61921 -0.81616116
62020 -2.4833047
62121 -3.212914
62220 -2.2616677
62321 -0.48910046
62422 1.539422
62522 2.0738692
62622 1.5868592
62722 0.44822598
62823 -0.5084615
62923 -2.192
63024 -2.1459267
63124 -0.50817823
63224 1.6644502
63324 3.1383648
63425 3.3689137
63525 2.5770316
63625 0.3298273
63725 -1.3795307
63825 -2.2205176
63926 -1.7795339
64026 0.12548876
64126 2.1163673
64227 3.0889359
64327 2.6473145
64427 0.9094925
64528 -1.1092575
64627 -2.3215475
64727 -2.2408326
64828 -0.6760969
64929 1.6742582
65029 3.0725079
65129 3.0813255
65230 1.4727049
65330 -0.6277647
65429 -2.3257213
65530 -2.7386146
65630 -1.8031466
65730 0.19686079
65831 2.0309587
65931 2.3290663
66032 1.1223497
66131 -1.0289333
66232 -2.5756245
66332 -3.1838028
66433 -2.5550642
66533 -0.58622646
66633 1.9083548
66734 2.7000527
66833 2.2079177
66934 0.345891
67034 -1.7970531
67135 -2.6425207
67234 -2.4986637
67335 -1.1404595
67435 1.0024347
67536 2.4247675
67635 2.453714
67736 0.8466983
67837 -1.0821908
67937 -2.5339375
68037 -2.7730463
68137 -1.3340664
68221 0.56073093
68321 2.0070357
68421 2.2363992
68522 1.2099657
68622 -0.8751874
68721 -2.5527072
68822 -3.1599422
68923 -2.0938005
69023 0.21706343
69123 2.247098
69223 2.9052706
69323 2.340539
69424 0.7656679
69524 -1.4285069
69625 -2.3228831
69725 -1.6387184
69825 0.43900394
69925 2.3763022
70026 3.4581432
70126 2.703433
70226 0.5240412
70327 -1.5581882
70427 -2.4275553
70527 -1.6173072
70627 0.88439417
70728 3.1539564
70827 3.7046309
70927 2.718605
71027 0.86787415
71129 -1.9537151
71229 -2.770864
71328 -1.7664726
71428 0.6720972
71529 3.0601215
71629 3.8474865
71729 2.877954
71831 0.37943506
71930 -1.6785805
72030 -2.6059427
72131 -2.2207725
72232 0.2964697
72332 2.8207254
72432 3.6813774
72532 3.0194073
72632 0.7563133
72732 -1.6309114
72832 -2.3407216
72934 -1.6879978
73033 0.4042921
73133 2.1521568
73234 2.6691284
73334 1.6187639
73435 -0.7953086
73535 -2.2749815
73634 -2.35893
73735 -0.559989
73836 1.6766
73936 2.8221197
74036 2.4934702
74136 0.35421467
74237 -1.7951801
74337 -2.8354602
74421 -2.640472
74521 -0.91887236
74620 1.9082899
74721 3.11405
74821 2.9930968
74921 1.207591
