1 3.9030724
101 3.9361935
201 3.4610453
301 2.8176703
401 1.9294596
501 0.7239404
601 -0.30055332
701 -1.375426
801 -1.9562757
901 -2.3210053
1001 -2.470378
1101 -2.5150514
1201 -2.336971
1301 -1.251616
1401 0.011665344
1501 1.1807275
1601 2.1182785
1701 2.8853965
1801 3.3106384
1901 3.6450405
2001 3.7810974
2310 1.4576173
2409 0.39532328
2509 -0.66044426
2609 -1.3889496
2709 -2.2271729
2809 -2.5530024
2909 -3.026342
3009 -3.27828
3110 -3.336346
3209 -3.016305
3309 -2.2178159
3409 -1.0292752
3509 0.047161102
3609 0.7417617
3709 1.2311673
3809 1.5952172
3909 1.9043169
4009 2.012549
4109 1.9607215
4209 1.1353111
4309 -0.19989157
4409 -1.400301
4509 -2.499476
4609 -3.0783336
4709 -3.365954
4809 -3.459449
4909 -3.2961707
5009 -2.4718606
5109 -1.4225116
5209 -0.3106017
5309 0.6280918
5409 1.4116793
5509 2.0110297
5609 2.4022303
5709 2.392469
5809 2.0602598
5909 1.6403933
6009 0.7268586
6109 -0.5713663
6209 -1.7861705
6309 -2.807928
6409 -3.6102066
6509 -3.9281542
6609 -4.200158
6709 -4.117996
6809 -3.4487612
6909 -1.4316006
7009 0.3149867
7109 1.880909
7209 3.243866
7309 4.1671886
7409 4.4909353
7509 4.3647356
7609 3.9590187
7709 2.8881059
7809 1.2644315
7909 -0.08684969
8009 -1.0777028
8109 -1.9441032
8209 -2.7330797
8309 -3.265825
8409 -3.3911953
8510 -3.0172942
8609 -1.9375887
8709 -0.6946764
8809 0.5545435
8909 1.6886177
9009 2.4716883
9109 3.0771637
9209 3.3428555
9309 3.356207
9409 2.9195366
9509 1.8140702
9609 0.3518319
9709 -0.6464615
9809 -1.6571813
9909 -2.4062552
10009 -2.8576012
10109 -2.9374886
10209 -2.6404574
10309 -2.55788
10409 -2.074861
10509 -0.69565296
10609 0.68013287
10709 1.8033028
10809 2.762755
10909 3.3569813
11009 3.642479
11109 3.6597538
11209 3.2961502
11309 2.4433365
11409 1.1305289
11509 -0.07959986
11609 -1.0015881
11709 -1.5888126
11809 -1.9753854
11909 -2.2415607
12009 -2.416159
12109 -2.4172416
12209 -2.167009
12310 -1.2309318
12409 -0.079052925
12509 1.2269869
12609 2.2608032
12709 3.0462055
12809 3.4764223
12909 3.6652737
13009 3.720686
13109 3.3580246
13209 2.1018958
13309 0.9706497
13409 0.041386604
13509 -0.84731674
13609 -1.6944008
13709 -2.3203967
13809 -2.649664
13909 -2.8460083
14009 -2.9406126
14109 -2.8330886
14209 -1.5986099
14309 -0.34753895
14409 0.6026869
14509 1.7894492
14609 2.5862107
14709 3.1235895
14809 3.434578
14909 3.5910559
15009 3.5726662
15109 3.1756744
15209 1.9550004
15309 0.8741827
15409 -0.095766544
15509 -0.79300976
15609 -1.359026
15709 -1.8277216
15809 -1.9213347
15909 -1.907721
16009 -1.8225372
16109 -1.6601815
16209 -1.3691132
16309 -1.1054902
16409 -0.6676426
16509 0.13014698
16609 0.82223225
16709 1.2194209
16809 1.5783257
16909 1.8070726
17009 2.0295959
17109 2.237465
17209 2.4675436
17309 2.53332
17409 2.4237213
17509 1.0868802
17609 0.105471134
17709 -0.6854553
17809 -1.4206574
17909 -2.1496735
18009 -2.7046735
18109 -2.929519
18209 -3.0167181
18309 -3.000447
18409 -2.3956692
18509 -1.3316655
18609 -0.2558241
18709 0.611197
18809 1.3194404
18909 1.8001328
19009 2.1037207
19109 2.263074
19209 2.310485
19309 2.195053
19409 1.7412238
19509 1.0902014
19609 0.28995752
19709 -0.46753216
19809 -1.0559819
19909 -1.4654822
20009 -1.7267482
20109 -1.9740567
20209 -2.041795
20309 -2.0055242
20409 -1.7195804
20509 -0.67399883
20609 0.14537573
20709 1.1555071
20809 1.7743263
20909 2.203496
21009 2.4997816
21109 2.6888747
21209 2.769062
21309 2.7859626
21409 2.7492042
21509 2.4131393
21609 1.5398827
21709 0.66541576
21809 -0.09133148
21909 -0.7465563
22009 -1.0502791
22109 -1.3669086
22209 -1.615252
22309 -1.7061825
22409 -1.7021286
22509 -1.6114788
22609 -1.2935262
22709 -0.60000896
22809 0.13503599
22909 0.77703047
23009 1.3146219
23109 1.6994843
23209 1.9723577
23309 2.152906
23409 2.2365923
23509 2.257842
23609 2.1824012
23709 1.8341928
23809 0.93228674
23909 0.21997786
24009 -0.381886
24109 -0.93578386
24209 -1.3425465
24309 -1.6817524
24409 -1.9211981
24509 -1.9553185
24609 -1.878506
24709 -1.4087596
24809 -0.4652052
24909 0.46844244
25009 1.3496981
25109 1.9132948
25209 2.3077025
25309 2.6414452
25409 2.7481623
25509 2.79943
25609 2.815567
25709 2.7750397
25809 2.3172483
25909 1.3370862
26009 0.4534011
26109 -0.28612137
26209 -0.78870153
26309 -1.1147437
26409 -1.418261
26509 -1.5845726
26609 -1.6647649
26709 -1.6935287
26809 -1.6552339
26908 -1.2563987
27009 -0.48667336
27109 0.23653889
27209 0.8366728
27309 1.371314
27409 1.7192864
27509 2.1401377
27609 2.3829436
27709 2.5670938
27809 2.6763368
27909 2.7206888
28009 2.710308
28109 2.2151365
28209 1.1398821
28309 0.2723856
28409 -0.5021572
28509 -1.15278
28609 -1.3373325
28709 -1.6000683
28809 0.0
28909 0.0
29009 0.0
29109 -1.2097335
29209 -0.99539423
29309 0.0038552284
29409 0.90921307
29509 1.5541716
29609 2.0219216
29709 2.4404917
29809 2.701116
29909 2.900473
30009 3.0290394
30109 3.1018944
30421 1.8034568
30520 0.7062626
30620 -0.12283945
30720 -0.9883547
30820 -1.6416569
30920 -2.1195173
31020 -2.3401933
31120 -2.4780798
31220 -2.4956174
31320 -2.478117
31420 -2.2324207
31520 -1.4418461
31620 -0.70920706
31720 0.07313633
31820 0.87069416
31920 1.6112151
32020 2.2295241
32120 2.6286116
32220 2.8471413
32320 2.9234
32420 2.933239
32520 2.9340248
32620 2.8940306
32720 2.472972
32820 1.352704
32920 0.4840479
33020 -0.4117899
33120 -1.2847352
33220 -1.9683218
33319 -2.4227471
33420 -2.684096
33520 -2.7544913
33620 -2.6207542
33720 -2.538599
33820 -2.4153876
33921 -2.0075269
34020 -1.297673
34120 -0.4806075
34220 0.4976716
34320 1.0886812
34420 1.5935707
34520 2.0345688
34620 2.4528437
34720 2.6863527
34820 2.830082
34920 2.8730707
35020 2.8695974
35120 2.7971983
35220 2.1410494
35320 1.0912342
35420 0.13726473
35520 -0.73492
35620 -1.3868408
35720 -2.0008874
35820 -2.4737058
35920 -2.6199174
36020 -2.629987
36120 -2.556838
36220 -2.3491542
36320 -1.5903466
36420 -0.5499792
36520 0.5012789
36620 1.361763
36720 2.0512419
36820 2.526661
36920 2.74508
37020 2.82508
37120 2.856894
37220 2.775641
37320 2.364112
37420 1.5913935
37520 0.8769679
37620 -0.17139435
37720 -1.1444383
37820 -1.8655427
37920 -2.2861638
38020 -2.4955497
38301 -2.5697875
38605 -0.32712078
38704 0.5407653
38804 1.3977389
38904 1.819252
39004 2.2189317
39104 2.5926657
39204 2.7634954
39304 2.9032412
39404 2.9419088
39504 2.922464
39604 2.5508156
39704 1.7614198
39804 0.77029705
39904 -0.23827887
40004 -0.9863076
40104 -1.4345284
40204 -1.7734303
40304 -1.9848666
40404 -2.0455933
40503 -1.9995427
40604 -1.6841309
40704 -0.95862865
40804 -0.18110037
40904 0.6356492
41004 1.3257055
41104 1.798964
41204 2.2182817
41304 2.5774384
41404 2.7846618
41504 2.9076219
41604 2.9385796
41704 2.8305879
41804 2.1016817
41904 1.2389703
42004 0.43977928
42104 -0.4473791
42204 -1.2999339
42304 -1.845099
42404 -2.1361742
42504 -2.3214865
42604 -2.323842
42704 -2.2470617
42804 -1.6127472
42904 -0.530571
43004 0.39609623
43104 1.2170973
43204 1.853621
43305 2.4144273
43404 2.77454
43504 2.9530625
43604 3.0570288
43704 3.0868616
43804 3.0377674
43904 2.4747834
44004 1.441401
44105 0.66232777
44204 -0.14016199
44304 -0.772192
44404 -1.3151009
44504 -1.7416253
44604 -1.9752805
44704 -2.0775483
44804 -2.0527453
44904 -1.9068348
45004 -1.3266709
45104 -0.38513708
45204 0.5664582
45304 1.4024897
45404 1.8253989
45504 2.1253347
45604 2.4266977
45704 2.6713219
45804 2.833622
45904 2.8908415
46004 2.8882256
46104 2.5461664
46204 1.5213728
46304 0.6438532
46404 -0.4260273
46504 -1.2038379
46604 -1.8146441
46704 -2.4172623
46804 -2.6192567
46904 -2.6301153
47004 -2.5965457
47104 -2.2858286
47204 -1.0356293
47304 0.038014412
47404 0.86005974
47504 1.3498125
47604 2.4095535
47704 3.0283756
47804 3.5243483
47904 3.6866665
48004 3.7367802
48104 3.7210407
48204 3.3288288
48304 2.5202103
48404 1.5620737
48504 0.77842474
48604 0.076169014
48704 -0.4371853
48804 -0.73656845
48904 -0.99576664
49004 -1.1876864
49104 -1.3989787
49204 -1.4460957
49304 -1.2169151
49404 -0.39254284
49504 0.34369135
49604 0.9979396
49704 1.5858788
49804 2.026867
49904 2.3422308
50004 2.6429167
50144 2.884715
50244 2.9148498
50349 2.8128905
50448 2.1283188
50548 1.0534053
50792 -0.8224449
51110 -1.7439163
51209 -1.6933556
51309 -1.2838235
51409 -0.21225071
51509 0.5731096
51609 1.3320456
51709 2.0620604
51809 2.4403405
51909 2.9385123
52009 3.0457678
52109 3.0363588
52209 2.9000106
52309 1.8412657
52410 0.8360224
52509 0.13425207
52609 -0.39531517
52709 -0.92065907
52809 -1.7239926
52909 -1.9975467
53009 -2.0919359
53110 -2.0722299
53209 -1.611279
53309 -0.71709156
53409 -0.020643711
53509 0.75952816
53609 1.493
53709 2.1665635
53809 2.7023
53909 2.9544325
54009 3.045206
54109 3.0299883
54209 2.7647972
54309 2.0878868
54409 1.5329146
54509 0.46939135
54609 -0.2746191
54709 -1.0830429
54809 -1.4822376
54909 -1.720897
55009 -1.7451272
55109 -1.4715705
55209 -0.73774624
55309 0.2287569
55409 1.0495715
55509 1.7762833
55609 2.3306289
55709 2.9115386
55809 0.0
55909 3.1876554
56009 3.027832
56109 2.2641258
56209 1.30725
56309 0.5648823
56409 -0.14055967
56509 -0.69305134
56609 -1.3008392
56709 -1.6953449
56809 -1.8720939
56909 -1.8437455
57009 -1.5365174
57109 -0.32598305
57209 0.7745509
57309 1.6211805
57409 2.4723597
57509 2.9557319
57609 3.2525778
57709 3.3341036
57809 3.1780815
57909 2.200451
58009 1.1403298
58109 0.10171795
58209 -0.588809
58309 -1.2096031
58409 -1.8474193
58509 -2.1310604
58609 -2.161965
58709 -2.085193
58809 -1.6179199
58909 -0.6812563
59009 0.26596928
59109 1.072339
59209 1.7259307
59309 2.3635468
59409 2.5637665
59509 2.6887007
59609 2.7305365
59709 2.6203399
59809 1.8362684
59909 0.80262375
60009 0.03832817
60109 -0.694901
60209 -1.2420864
60309 -1.5996213
60409 -1.8816752
60509 -1.9149528
60609 -1.7109456
60709 -0.788394
60809 0.19814062
60909 1.0206537
61009 1.6673303
61109 2.2209044
61209 2.4948196
61309 2.5781279
61409 2.518632
61509 2.312992
61609 1.6392388
61709 0.5746584
61809 -0.14658403
61909 -0.81886387
62009 -1.3789985
62109 -1.6047032
62209 -1.6844382
62309 -1.660403
62409 -1.4726796
62509 -0.9491873
62609 0.0877738
62709 1.0394735
62809 1.6640587
62909 2.3680215
63009 2.7120423
63109 2.9122558
63209 2.9725523
63309 2.9467926
63409 2.628755
63509 1.7932739
63609 0.8495512
63709 -0.03807926
63809 -0.8927789
63909 -1.4113679
64009 -1.7085681
64109 -1.8805525
64209 -1.9027138
64309 -1.7959278
64409 -1.1933162
64509 -0.27823353
64609 0.78070545
64709 1.6581497
64809 2.4260345
64909 3.0369587
65009 3.4215698
65109 3.6033516
65209 3.5500069
65309 2.7132483
65409 1.9119835
65509 0.7275572
65609 -0.17597294
65709 -0.94497347
65809 -1.378624
65908 -1.6882908
66009 -1.7054181
66109 -1.6323838
66209 -1.1474984
66309 -0.35813093
66409 0.35457087
66509 1.1275935
66609 1.8294625
66709 2.3434362
66809 2.6425147
66909 2.7473993
67009 2.759594
67109 2.5818481
67209 1.9255514
67309 0.88119745
67408 0.13010883
67509 -0.41993523
67609 -0.9423456
67709 -1.6236134
67809 -1.8304174
67909 -1.8676126
68009 -1.7374833
68109 -1.1758854
68209 -0.035924435
68309 0.96867657
68409 1.9060464
68509 2.6695619
68609 3.1079998
68709 3.2958603
68809 3.2677813
68909 2.5682259
69009 1.5416822
69109 0.5320244
69209 -0.06386471
69309 -0.8480463
69409 -1.0702369
69509 -1.2537098
69609 -1.1933155
69709 -1.004596
69809 -0.5601983
69909 0.32184267
70009 1.0100055
70109 1.7364922
70209 2.2848005
70309 2.5719366
70409 2.906198
70509 3.0797033
70609 3.23812
70709 3.2666855
70809 2.9111443
70909 1.7832961
71009 0.5081725
71109 -0.43763638
71209 -1.129291
71309 -1.3845272
71409 -1.5930614
71509 -1.6168156
71609 -1.3390679
71709 -0.44373035
71809 0.5484762
71909 1.3461733
72009 2.1713839
72109 2.8857827
72209 3.2094717
72309 3.278633
72409 3.2465801
72509 2.6844053
72609 1.5752668
72709 0.43348217
72809 -0.528718
72909 -1.1494389
73009 -1.7498558
73109 -2.1077454
73210 -2.2055662
73309 -2.0728736
73409 -1.0855784
73509 0.16884136
73609 1.1935396
73709 2.3764381
73809 2.8688712
73909 3.1515245
74009 3.3090935
74109 3.0811367
74209 1.9638352
74309 0.77720547
74409 -0.12983274
74509 -0.89674234
74609 -1.3759663
74709 -1.7617671
74809 -1.8279994
74909 -1.4171798
