36 -3.7336197
136 -3.0222745
235 -1.7282326
703 2.7935076
871 2.8754425
972 2.4626265
1072 1.6608796
1239 0.05281639
1957 -1.6782928
2675 2.808198
2776 2.4036055
2943 0.25548458
3044 -1.1509776
3579 -2.8430135
4297 2.5977144
4397 2.6732092
4498 2.5569925
4598 1.9257369
4698 0.71678925
4799 -0.8493376
4898 -1.8890555
4999 -2.6198993
5098 -2.898913
5199 -2.9043393
5299 -2.6597943
5399 -2.0579782
5500 -1.0781384
5601 0.0732398
5701 1.3559976
5801 2.159668
5901 2.6595106
6001 2.7559443
6101 2.4560027
6202 1.534575
6302 0.66216993
6403 -0.5228472
6503 -1.624712
6603 -2.4572206
6686 -2.8147752
6786 -2.841866
6888 -2.59297
6988 -1.7805321
7088 -0.47488832
7187 0.6573553
7289 1.761972
7388 2.5355043
7489 2.8621607
7589 2.909112
7689 2.7445807
7790 2.1237535
7890 0.9950533
7990 -0.30333805
8091 -1.7685654
8191 -2.6013389
8290 -3.2726455
8391 -3.5264244
8492 -3.5101202
8592 -3.0566509
8692 -2.219702
8792 -0.99409103
8893 0.3499632
8992 1.7129211
9093 2.492897
9193 2.9243264
9294 2.9837036
9394 2.8320007
9494 2.3245416
9594 0.9333186
9695 -0.37453318
9795 -1.5650959
9895 -2.5347393
9996 -3.3745751
10096 -3.58743
10196 -3.2472367
10296 -2.6065955
10396 -1.7106831
10496 -0.52813625
10597 0.52162266
10698 1.684073
10798 2.3247185
10898 2.6634712
10998 2.6883507
11098 2.528347
11199 1.9000258
11298 0.9371791
11399 -0.09353638
11500 -1.2319355
11600 -2.0992842
11700 -2.7490304
11800 -3.0381742
11901 -2.9997687
12000 -2.532259
12101 -1.6201847
12201 -0.49799252
12301 0.5605202
12469 2.1522837
12653 2.6993256
12753 2.7086854
12852 2.581993
13170 -0.46876144
13271 -1.71315
13371 -2.431888
13472 -2.7474911
13572 -2.8402143
13672 -2.744775
13772 -2.11856
13873 -1.1524811
13973 -0.16315317
14073 0.9036021
14173 1.9015985
14274 2.3783188
14374 2.567791
14474 2.57865
14575 2.4155679
14675 1.9367361
14775 0.8045473
14875 -0.36278057
14975 -1.3808122
15076 -2.218005
15176 -2.5201726
15260 -2.5725853
15359 -2.4698513
15460 -1.9414191
15561 -1.031683
15661 -0.38562107
15761 0.021792412
15862 0.19070435
15962 -0.045829296
16062 -1.0356832
16162 -1.7343459
16262 -2.0009704
16363 -1.959724
16463 -1.1334214
16563 0.008331776
16664 0.7683883
16764 1.5514741
16864 1.799067
16964 2.16923
17065 2.3822908
17165 2.399817
17264 2.3840775
17365 2.3668342
17465 2.3657303
17566 2.3657737
17666 2.3656054
17766 2.3644753
17867 2.3627615
17967 2.3197813
18067 1.9697123
18167 0.63433313
18268 -0.65276
18368 -2.1242874
18468 -2.669836
18569 -3.0821023
18669 -3.1808414
18769 -3.20959
18869 -2.9607148
18969 -2.3476548
19070 -1.1611583
19169 -0.15203238
19271 0.9066167
19370 1.7566643
19470 2.4394774
19571 2.7733355
19672 2.8409615
19771 2.8362532
19872 2.772564
19972 2.6739626
20072 2.209176
20173 0.58484507
20272 -0.8989749
20374 -2.0406735
20473 -2.7272608
20574 -2.9733775
20674 -3.0141883
20775 -2.9859028
20875 -2.8888865
20975 -2.7337778
21075 -2.0905118
21175 -1.0032699
21276 0.17416191
21376 1.3891625
21460 2.0413117
21560 2.538649
21660 2.7206202
21761 2.7551231
21860 2.6397529
21961 2.0985398
22061 0.91981363
22162 -0.238101
22262 -1.3895977
22362 -2.097692
22462 -2.5798316
22563 -3.2757716
22663 -3.5231934
22763 -3.4525898
22863 -3.3447115
22963 -2.7583206
23064 -2.605548
23164 -2.4800608
23264 -1.6402335
23581 1.8783011
23899 2.4638605
24000 2.4770875
24101 2.4746714
24200 2.2616568
24300 1.1999059
24401 -0.26744795
24501 -1.7028394
24601 -2.5733736
24702 -3.1971858
24801 -3.6321077
24902 -3.7449
25003 -3.621609
25102 -3.3234267
25202 -3.4467692
25302 -3.3626733
25403 -3.4772668
25504 -2.8185563
25604 -2.7177606
25704 -1.4602895
25804 0.11454916
25971 1.8849044
26072 2.333075
26172 2.636757
26272 2.7680602
26373 2.7929773
26473 2.762783
26573 2.55017
26673 1.5443468
26774 0.06873989
26874 -0.76232815
26974 -1.6457305
27075 -2.290522
27175 -2.487646
27275 -2.7188735
27375 -3.352534
27475 -3.4701507
27576 -3.2776093
27676 -3.246664
27777 -3.2418199
27877 -3.2392364
27977 -3.2077918
28077 -2.107081
28161 -0.7011986
28260 0.668581
28361 1.6828766
28461 2.0910797
28562 2.372397
28661 2.5159783
28763 2.5526838
28863 2.5670333
28963 2.5560188
29063 2.3748512
29164 1.6352425
29264 0.2742672
29364 -1.2400792
29465 -2.2816691
29565 -2.8700192
29665 -3.0371253
29765 -4.7192774
29865 -4.331222
29966 -3.3284316
30066 -3.6657677
30366 -3.2122977
30467 -2.6186805
30567 -1.3657792
30667 0.12047005
30768 1.6462479
30868 2.3634214
30968 2.7409487
31068 2.8512278
31169 2.8784895
31269 2.8815255
31369 2.8726196
31470 2.8329835
31570 2.3311906
31670 0.75961447
31771 -0.5283122
31871 -1.6203072
31971 -2.1163204
32071 -2.699581
32171 -2.8741546
32272 -2.8648558
32372 -2.7689445
32473 -2.6523533
32572 -2.6223834
32673 -2.6115508
32773 -2.6005263
32874 -2.5871196
32974 -2.564437
33074 -2.5093942
33174 -2.193622
33275 -1.0640781
33375 -0.0832715
33475 0.71578455
33575 1.60812
33675 2.0678034
33776 2.4542303
33876 2.7931404
33959 2.917161
34060 2.9285607
34160 2.8698716
34261 2.4477668
34361 1.6274819
34460 0.84870625
34561 -0.07030678
34662 -1.0908656
34762 -1.7963836
34862 -2.351588
34962 -2.7778492
35063 -2.9741068
35163 -3.0057218
35263 -2.9988132
35363 -3.0620143
35463 -3.0115752
35631 -2.4507596
35731 -1.1977894
35830 -0.15924549
35932 0.7177806
36032 1.4448686
36132 1.8460212
36232 2.0571775
36332 2.071663
36432 1.6696372
36532 0.73920345
36634 -0.44453812
36733 -1.4634914
36834 -2.193793
36934 -2.8231122
37035 -3.2499185
37135 -3.718078
37235 -3.75164
37335 -3.6829045
37435 -3.6450748
37536 -3.6236076
37636 -3.595309
37720 -3.4837105
37819 -2.3549614
37919 -0.94025517
38255 2.0123
38555 2.5057182
38656 2.3429365
38756 2.0950255
38856 1.5087557
38957 0.3795824
39056 -0.92552567
39157 -2.2729068
39256 -3.1295455
39358 -3.5855732
39458 -3.7312388
39558 -3.765305
39657 -3.7346597
39758 -3.610094
39859 -3.4801052
39958 -3.3937387
40059 -3.3242173
40159 -2.6399488
40260 -0.966908
40359 0.5774965
40460 1.7213507
40544 2.4404402
40643 3.0289478
40744 3.344863
40845 3.4238472
40945 3.427187
41044 3.4120464
41146 3.3188105
41246 2.971425
41346 2.1686335
41446 0.78589153
41546 -0.13763809
41647 -1.3828449
41747 -2.1274123
41847 -2.6546626
41947 -3.008389
42048 -2.9808655
42148 -2.9358673
42249 -2.9056487
42348 -2.9044538
42448 -2.8815327
42549 -2.697532
42650 -1.9839644
42750 -1.1031966
42850 -0.19793797
42950 0.83955526
43051 1.7143927
43151 2.2682238
43251 2.435318
43352 2.5537782
43452 2.6258292
43552 2.6502838
43651 2.6448874
43752 2.500249
43852 1.9519196
43952 0.39242554
44053 -0.9309621
44154 -1.7745881
44253 -2.4599643
44354 -2.6421568
44454 -2.853302
44555 -2.784598
44655 -2.7423472
44754 -2.5556862
44856 -1.9100416
44956 -0.6032543
45055 0.41479015
45155 1.4782729
45257 2.4790483
45356 2.8425727
45457 2.9657922
45557 2.981885
45658 2.9344778
45758 2.7568994
45858 2.6547446
45958 2.542881
46059 1.6275992
46159 0.27610683
46259 -0.7769556
46359 -1.7712383
46459 -3.1364536
46560 -3.8676894
46660 -4.419009
46743 -4.4273896
46843 -4.2954764
46944 -4.009232
47044 -3.5426638
47145 -3.2536538
47245 -2.5678704
47345 -1.5937705
47446 -0.552011
47545 0.56563854
47646 1.402246
47747 1.9887438
47847 2.48144
47946 2.5508108
48047 2.559802
48148 2.5606203
48248 2.5109682
48348 1.5407662
48447 0.371912
48548 -1.0713582
48649 -2.2021327
48748 -2.628623
48850 -3.2737966
48949 -3.2769997
49050 -3.2739537
49150 -3.247127
49251 -3.1407197
49351 -2.5260544
49451 -1.8709192
49550 -0.8321309
49651 -0.016961575
49752 1.4391832
49851 2.0834389
49953 2.7471123
50053 2.8637137
50152 2.8123946
50253 2.7101355
50354 2.6172662
50454 2.2914338
50771 -1.4966588
51038 -3.4034393
51138 -3.5487494
51239 -3.571291
51340 -3.4619498
51439 -3.2546086
51540 -2.6358771
51640 -1.6475205
51741 -0.63494873
51841 0.43479824
51941 1.1643157
52041 1.5888696
52141 1.8834672
52242 1.994813
52342 1.9972105
52442 1.9202623
52542 1.7451682
52643 1.1927004
52743 0.22986746
52843 -0.2586336
52943 -0.9082904
53044 -1.6578305
53143 -2.4158633
53244 -2.916649
53345 -2.9143658
53445 -2.792552
53545 -2.4074
53646 -1.2594838
53745 -0.2396326
53846 0.61413
53946 1.375268
54047 1.997911
54147 2.347188
54246 2.4361978
54348 2.4636064
54447 2.455902
54548 2.3359747
54648 1.9163613
54748 1.1389742
54849 0.24996138
54949 -0.44407368
55049 -1.4308047
55149 -2.9493785
55250 -3.7433908
55350 -4.041441
55451 -4.1029334
55551 -3.948782
55651 -3.6410608
55751 -3.3715262
55851 -2.5917735
55952 -1.4456792
56052 -0.39874458
56152 0.51223135
56235 1.4122324
56335 2.1555214
56437 2.7148933
56537 2.8707514
56636 2.9025316
56737 2.8177986
56838 2.0127945
56938 0.7271991
57038 -0.8551345
57137 -2.1243386
57239 -2.991795
57339 -3.7944396
57439 -4.1449265
57539 -4.2458816
57640 -4.0237412
57740 -3.6839345
57839 -3.2987657
57940 -2.42484
58041 -1.1199355
58141 -0.003411293
58241 1.1085339
58341 2.1205797
58442 2.8415937
58541 3.16469
58642 3.257248
58743 3.2027473
58843 2.8245993
58943 1.9585028
59043 0.73980045
59144 -0.6391573
59244 -1.5366921
59344 -2.1700482
59445 -2.8096805
59545 -3.1935308
59645 -3.2985237
59745 -3.1355112
59845 -2.71053
59946 -1.9350088
60046 -0.7202711
60146 0.39656734
60246 1.3425136
60347 2.3485498
60447 2.8722086
60547 3.1342287
60648 3.1697464
60748 3.0728083
60848 2.6016555
60949 1.553875
61049 0.27604628
61149 -0.90208435
61248 -1.8231807
61350 -2.684601
61450 -2.9648998
61550 -3.2122598
61650 -3.2642524
61750 -3.212129
61850 -2.8657637
61951 -2.1456835
62051 -1.0104859
62152 -0.017196655
62252 0.859921
62352 1.6891088
62435 2.2493315
62535 2.5895205
62635 2.7113557
62737 2.7754335
62837 2.7696023
62937 2.6373305
63037 2.3690543
63138 1.6041174
63238 -0.23985004
63338 -1.5911222
63439 -2.7900703
63539 -3.3426545
63639 -3.6157284
63739 -3.5048926
63839 -3.1983292
63940 -2.6935515
64040 -1.6777816
64140 -0.47459555
64241 0.70753
64341 1.5831895
64440 2.622786
64541 2.9411135
64641 3.0562048
64741 3.080473
64842 3.0382767
64941 2.8415747
65043 2.0522323
65143 0.9465494
65243 -0.26596642
65344 -1.3966687
65444 -2.2816164
65543 -3.0099173
65643 -3.3598282
65744 -3.6399865
65845 -3.7314012
65945 -3.1660743
66045 -2.7714603
66145 -2.0234532
66246 -1.0116303
66346 0.02711773
66446 1.0855474
66546 1.794837
66646 2.398355
66747 2.6132445
66847 2.7086
66947 2.7302794
67048 2.669385
67148 2.3830237
67249 1.4301672
67349 -0.089304924
67449 -1.2665343
67550 -2.1960762
67650 -2.6024086
67750 -2.957256
67850 -3.268848
67950 -3.3086467
68051 -3.0476818
68151 -2.4686468
68251 -1.3540351
68352 -0.08698082
68451 0.9744091
68552 1.9900498
68635 2.484645
68735 2.7521224
68835 2.9273782
68937 3.0241737
69036 2.8427238
69137 2.6579194
69237 2.0512757
69338 1.1097517
69438 0.008821487
69538 -0.94940853
69637 -1.6539409
69738 -2.2218964
69839 -2.4527931
69939 -2.5209167
70039 -2.2945197
70140 -1.9538093
70240 -1.3029065
70339 -0.098602295
70440 1.0912642
70541 1.9774103
70641 2.515943
70740 2.8414512
70841 3.071495
70942 3.1187057
71042 2.9247537
71141 2.545414
71242 1.6093125
71343 -0.23147488
71442 -1.3641403
71543 -2.2430215
71643 -2.7062263
71744 -3.0374703
71844 -3.176473
71944 -3.1666105
72045 -2.9796572
72145 -2.082608
72244 -0.6816993
72345 0.51332283
72446 1.8843255
72546 2.415319
72646 2.8397303
72746 3.0773926
72847 3.1407042
72947 2.9588156
73047 2.6416044
73147 2.318438
73248 1.6125946
73349 0.34577274
73449 -1.0697911
73548 -2.1641386
73649 -2.9510412
73749 -3.44612
73849 -3.5792043
73950 -3.4423332
74050 -3.0706165
74151 -2.2768233
74251 -1.2995002
74351 -0.18589115
74451 0.9724808
74551 1.984221
74652 2.779602
74752 3.0505342
74852 3.1462002
74935 3.1421976
