14 0.23944426
114 -0.92426205
214 -1.8676884
315 -2.5713687
415 -3.077159
516 -3.1783729
616 -2.8591363
716 -2.2450438
816 -1.17552
916 -0.025213718
1015 1.0511136
1116 2.3995743
1216 3.5545292
1316 4.1783123
1417 4.291297
1517 4.3731365
1617 4.0433407
1718 2.7563162
1816 1.7019539
1918 0.40096807
2017 -0.49854755
2117 -1.3292451
2218 -2.1536753
2317 -2.7572255
2419 -3.0256355
2518 -3.0099783
2619 -2.6485305
2720 -1.906301
2820 -0.62808037
2919 0.41971922
3020 1.5906434
3119 2.6012115
3219 3.4613142
3320 4.1999283
3419 4.4846916
3522 4.5008945
3620 4.250228
3705 3.16366
3804 2.0024757
3904 0.7771425
4004 -0.20253277
4121 -1.1988645
4205 -1.8576214
4321 -2.4308326
4404 -2.8084414
4505 -3.0186987
4606 -3.0923877
4706 -2.8685915
4806 -2.2225227
4905 -0.9472933
5006 0.12595844
5106 1.1483335
5206 2.0644875
5308 2.8152342
5406 3.262207
5507 3.415925
5607 3.483348
5707 3.3071709
5807 2.4749198
5908 1.0293865
6007 0.079827785
6108 -0.8280163
6208 -1.7014155
6308 -2.130662
6409 -2.5490656
6508 -2.7707157
6608 -2.8683977
6709 -2.8199666
6809 -2.3570611
6909 -1.3044758
7009 -0.02850914
7110 1.1088648
7209 2.1649256
7311 3.0137587
7409 3.389902
7510 3.4158525
7610 3.3890362
7712 3.0735817
7810 2.5057068
7910 1.0876131
8010 0.12930775
8110 -0.81721497
8212 -1.5470505
8310 -2.054198
8413 -2.3900518
8511 -2.4800725
8612 -2.4801137
8711 -2.333146
8812 -1.3287148
8912 0.16753483
9012 1.3432531
9112 2.1948137
9213 3.137086
9313 3.494833
9412 3.6162682
9513 3.561367
9613 3.336423
9714 2.7582483
9813 1.6506906
9914 0.5483999
10014 -0.5490484
10114 -1.215564
10214 -1.9943082
10314 -2.382913
10416 -2.5753226
10515 -2.6279626
10615 -2.550197
10714 -2.1633677
10816 -1.1842792
10915 0.18831158
11016 1.4324341
11115 2.6001549
11216 3.1825867
11317 3.3773174
11416 3.4049482
11517 3.396655
11616 3.1578465
11720 2.1951766
11818 0.84782267
11917 -0.43231726
12017 -1.1687183
12117 -2.0773602
12218 -2.6928015
12318 -2.9553747
12419 -3.1214314
12517 -3.0329006
12618 -2.5484369
12718 -1.4147058
12819 -0.21015453
12918 0.9453521
13018 2.2171006
13119 3.2050772
13219 3.6724348
13320 3.8265553
13420 3.7971172
13521 3.0890827
13620 1.9142137
13720 0.44810772
13821 -0.8984461
13920 -1.7300382
14020 -2.325406
14121 -2.725451
14221 -3.1017394
14320 -3.241271
14422 -3.27808
14521 -2.7663465
14623 -1.7080178
14722 -0.46304607
14822 -0.056479454
14922 0.79011726
15022 1.9318252
15122 2.4341898
15223 2.5865507
15322 2.7174826
15423 2.8675776
15525 2.8768625
15623 2.4242706
15723 1.2946653
15807 0.36308956
15924 -0.53006506
16008 -1.4822228
16124 -2.5016768
16207 -3.2017138
16308 -3.7856631
16408 -4.32654
16507 -4.4360905
16608 -4.5200157
16709 -4.476148
16808 -4.009258
16909 -2.7799766
17009 -1.8693414
17112 -0.8651495
17209 0.11713314
17312 0.8298693
17410 1.4972138
17510 2.2873297
17610 2.5793123
17711 2.6064348
17809 2.2405105
17911 1.4997163
18013 0.42054272
18111 -0.46828175
18213 -1.4441478
18311 -2.3564143
18412 -3.2174928
18512 -4.2158146
18612 -4.5271697
18712 -4.564936
18812 -3.9696422
18913 -2.980856
19012 -2.2204695
19113 -1.0346622
19213 -0.03911829
19315 0.99822664
19413 2.0548844
19513 2.6483636
19613 3.0821762
19714 3.2529755
19813 3.0137386
19914 2.3221765
20014 1.5546241
20114 0.27697563
20215 -0.7942548
20314 -1.7420394
20415 -2.928762
20514 -3.7658036
20615 -4.1749787
20715 -4.343917
20815 -3.8722012
20915 -2.5324404
21016 -1.3064384
21115 -0.5214739
21216 0.5541258
21317 1.414608
21415 2.1675735
21517 2.7882943
21616 3.173872
21717 3.3787403
21817 3.4422474
21917 3.3956757
22017 2.843711
22116 1.9901328
22218 1.0123305
22317 0.004922867
22418 -1.1487706
22735 -3.71964
22835 -4.1121297
22935 -4.353592
23036 -4.4970503
23135 -4.494922
23236 -4.4085007
23337 -3.276155
23436 -2.0861826
23536 -0.8941965
23636 0.34751987
23737 1.3829975
23836 2.1448202
23937 2.7574768
24038 3.409153
24137 3.7511234
24238 3.8502645
24338 3.8390713
24438 3.5802803
24538 3.05048
24638 2.2766457
24738 1.3865471
24839 0.51281214
24938 -0.41543388
25039 -1.4986806
25139 -2.6923323
25238 -3.3038824
25340 -3.6113617
25439 -3.6389654
25540 -3.1856017
25639 -2.2171094
25741 -1.231205
25840 -0.047249794
25940 1.04039
26040 2.0192804
26140 2.7804337
26243 3.4697704
26341 3.791769
26442 4.1124487
26541 4.202691
26641 4.1497974
26741 3.8104181
26842 3.2599478
26942 2.4642358
27042 1.482338
27143 0.48173046
27243 -0.44446182
27343 -1.6084557
27443 -2.6266606
27544 -3.309489
27643 -3.5864453
27743 -3.7685535
27844 -3.6332223
27943 -3.356269
28044 -2.8975053
28144 -2.0948935
28244 -0.84072447
28344 0.26925707
28447 1.2077227
28544 2.1082053
28645 2.8837585
28745 3.3047523
28845 3.6025114
28945 3.6533985
29045 3.6502361
29145 3.5730314
29247 3.2587662
29346 2.2657394
29445 1.2858844
29546 0.24857283
29646 -0.81137896
29747 -1.9139984
29846 -2.853595
29947 -3.3174927
30047 -3.5992548
30380 -3.8639615
30480 -3.6757808
30581 -2.6490715
30682 -1.2799542
30781 -0.23926735
30882 0.8292823
30982 1.7140632
31083 2.5631318
31183 3.2341766
31282 3.6704025
31383 3.9521284
31482 3.9831114
31582 3.9098234
31683 3.5355883
31784 2.9613638
31883 2.1767359
31984 1.1780591
32083 0.32214355
32184 -0.4996314
32284 -1.377245
32384 -2.215754
32484 -2.993731
32585 -3.438413
32684 -3.7196352
32785 -3.8007138
32886 -3.6851609
32985 -3.21938
33086 -2.267943
33185 -1.2565541
33286 -0.2834344
33386 0.7705836
33486 1.6095796
33586 2.4604502
33686 2.9640884
33787 3.3694286
33886 3.617405
33987 3.656931
34087 3.326871
34188 2.7266464
34287 2.0238166
34387 1.0607624
34488 0.09489918
34587 -0.98516226
34691 -1.894954
34787 -2.652188
34890 -3.2269564
34989 -3.7308922
35089 -3.9089377
35189 -3.8755808
35289 -3.2723975
35389 -2.2655988
35490 -1.2514713
35590 0.047249794
35689 1.111978
35790 2.5464697
35890 3.263279
35990 4.0184383
36090 4.4223776
36190 4.593747
36290 4.551957
36391 4.255333
36490 3.4081326
36591 2.5126495
36676 1.7977891
36792 0.74771976
36892 -0.10472584
36975 -0.9163461
37075 -1.9835503
37175 -2.7695153
37275 -3.1881793
37375 -3.2809646
37492 -3.0263395
37578 -2.3888
37677 -1.3828912
37777 -0.039774895
37876 0.7596693
37977 1.6934443
38244 3.1909819
38611 3.9046097
38711 3.964758
38811 4.006568
38913 4.0375967
38995 4.0354366
39096 3.9566097
39195 3.3541613
39296 2.3346229
39613 -1.5414138
39713 -2.2676861
39814 -2.9662733
39914 -3.2480645
40014 -3.3889241
40114 -3.5444238
40214 -3.5963774
40314 -3.4177082
40415 -2.0942807
40514 -1.0315156
40615 0.19483042
40715 1.5056763
40815 2.5281053
40915 3.153185
41015 3.6693344
41116 4.1987123
41216 4.264678
41316 4.1693096
41416 3.8296137
41516 2.6959176
41616 1.7397165
41716 0.8755059
41816 -0.15528011
41917 -1.2260048
42018 -2.156307
42117 -2.755243
42217 -3.2113848
42317 -3.382649
42418 -3.4257443
42517 -3.2205424
42618 -2.0321422
42718 -0.94583845
42819 0.35319233
42918 1.6753335
43018 2.5952024
43119 3.290244
43220 3.7944574
43319 4.118025
43419 4.1637993
43519 4.108635
43620 3.854374
43719 2.918612
43819 1.8648748
43920 1.0002251
44020 0.11709881
44120 -0.7963667
44220 -1.7910123
44321 -2.5092387
44421 -3.0430095
44521 -3.3189838
44621 -3.3312974
44721 -2.8791785
44821 -1.7971635
44921 -0.8341131
45022 -0.03141117
45122 1.072001
45222 1.8627939
45322 2.579811
45423 3.2892723
45522 3.6744633
45622 3.8782425
45723 3.8932838
45823 3.7703667
45923 3.2888002
46025 2.4690866
46123 1.654283
46224 0.5827756
46324 -0.5958533
46424 -1.5366158
46523 -2.3911676
46624 -3.0506053
46725 -3.3645349
46825 -3.3569036
46924 -2.5818212
47025 -1.3919024
47126 -0.33838844
47225 0.587409
47326 1.4603262
47426 2.4972906
47526 3.2933445
47626 3.5703983
47726 3.2069683
47826 2.576889
47927 1.7114897
48028 0.300807
48127 -0.93823195
48227 -1.9990861
48327 -2.8019896
48427 -3.168597
48528 -3.3777518
48628 -3.355716
48728 -3.0161712
48828 -2.150322
48928 -0.6274452
49012 0.38481092
49113 1.6065392
49212 2.4706268
49313 3.4480352
49412 3.7155924
49529 3.718172
49612 3.5088224
49729 2.7744827
49813 1.9238534
49913 0.84705067
50015 -0.32886267
50114 -1.3083527
50214 -2.236606
50314 -3.0449276
50414 -3.388133
50731 -1.651752
51149 3.3528585
51750 4.2470894
51850 3.423314
51950 2.365077
53085 -3.1151886
53185 -2.0170536
53285 -0.46591234
53387 0.27816486
53486 1.7231493
53585 2.7620873
53686 3.431551
53786 3.6091146
53886 3.1516895
53987 2.5759697
54304 -0.5720434
54403 -1.7055917
54506 -2.6629028
54604 -3.3346832
54704 -3.6399417
54805 -3.422069
54906 -2.661129
55005 -1.5197895
55106 -0.10009289
55205 0.972682
55306 2.0433922
55406 2.84941
55506 3.6836615
55606 4.042761
55706 4.0621004
55806 3.8300447
55906 3.0950098
56008 1.9425154
56106 0.87815523
56207 -0.24547386
56307 -1.6363933
56408 -2.7401764
56507 -3.6010475
56607 -4.0105815
56708 -3.9623146
56807 -3.403239
56907 -2.2874265
57008 -0.89762163
57108 0.4557929
57210 1.9895844
57308 2.831108
57409 3.5666428
57509 3.8573914
57609 3.9125671
57709 3.6665688
57810 2.7083077
57909 1.4974794
58010 0.42969036
58110 -1.0042999
58210 -2.1383588
58310 -3.2405303
58411 -3.864344
58510 -4.2321353
58611 -3.8159597
58711 -3.0723078
58811 -2.2222943
58912 -0.9831543
59011 0.11829901
59111 1.3613892
59212 2.347299
59312 2.9264917
59411 3.1893568
59512 3.2142687
59613 2.9914703
59712 2.58771
59814 1.4311128
59913 0.25213432
60013 -0.97025776
60114 -1.9368732
60214 -2.523788
60314 -2.7474723
60414 -2.802213
60514 -2.710379
60614 -1.8458495
60715 -0.5916028
60814 0.7835674
60914 2.063295
61015 2.8639617
61115 3.378745
61215 3.584155
61315 3.3220987
61416 2.5354943
61516 1.5210876
61615 0.34625578
61716 -0.63157177
61817 -1.7737491
61916 -2.6576414
62017 -3.1786134
62116 -3.533561
62216 -3.6498222
62317 -3.5191288
62416 -2.682549
62517 -1.0578601
62617 0.2853117
62719 1.3247256
62817 2.143464
62919 2.7906199
63018 3.1956463
63118 3.2450294
63202 3.0448275
63319 2.435216
63402 1.5847921
63518 0.41529465
63604 -0.62127733
63702 -1.5740395
63803 -2.4535646
63903 -3.16529
64003 -3.6595883
64103 -3.8669157
64204 -3.8606172
64304 -3.1364305
64404 -1.2344902
64503 0.2652688
64621 1.3467479
64706 2.1825705
64805 3.1513157
64906 3.7550268
65004 4.0499573
65106 3.9331913
65205 3.355876
65305 2.5989084
65406 1.6136742
65505 0.8059573
65606 -0.10826063
65706 -1.0645185
65807 -2.1860716
65906 -2.7374425
66007 -3.048842
66107 -3.1871471
66206 -3.0519958
66307 -2.4298296
66407 -1.4065583
66508 0.24107075
66607 1.22614
66707 2.0829558
66808 2.79946
66908 3.4218454
67008 3.6536713
67108 3.6465187
67209 3.1422834
67309 2.270443
67409 1.3384299
67509 0.34155416
67611 -0.9435892
67709 -1.8056998
67809 -2.649087
67910 -3.206135
68010 -3.59003
68109 -3.7604895
68210 -3.4809437
68311 -2.5316274
68410 -1.4583926
68511 -0.14063072
68611 0.91012955
68711 1.7078276
68812 2.4560995
68911 2.8726592
69011 3.064024
69112 3.043645
69212 2.982994
69311 2.590879
69414 1.7474937
69512 0.7996869
69613 -0.08863926
69713 -0.92481756
69814 -1.9004557
69913 -2.6360378
70013 -3.1623847
70112 -3.733104
70213 -3.8537145
70313 -3.5015204
70413 -2.7670286
70514 -1.5287411
70613 -0.31318855
70714 0.8053756
70814 1.532743
70915 2.1395211
71015 2.7367873
71114 3.0883083
71215 3.2382317
71315 3.2447147
71415 3.1367826
71516 2.5717916
71615 1.4504423
71715 0.5213518
71817 -0.58998966
71917 -1.6034214
72017 -2.5066645
72350 -3.8317828
72451 -3.1261618
72550 -2.0868254
72650 -0.9568863
72751 0.5045366
72851 1.594275
72936 2.3579206
73035 3.050826
73152 3.779356
73236 3.9249916
73352 3.6116304
73686 0.38731146
73785 -0.6693468
73886 -1.7553341
73986 -2.649221
74088 -3.0970218
74186 -3.294689
74287 -3.309924
74388 -3.1108344
74487 -2.1229272
74588 -0.99738026
74687 0.6568136
74772 1.4955053
74887 2.550827
74971 3.0628233
