1945 1.8325753
2046 3.0901127
2146 4.104141
2246 4.329015
2346 3.933199
2447 2.2697158
2547 0.7229252
2647 -0.5545511
2747 -1.4782479
2848 -2.116856
2947 -2.6907136
3048 -2.9724898
3147 -3.05128
3248 -2.9935617
3348 -2.4279451
3448 -0.77885866
3548 0.62421703
3648 1.550672
3749 2.1783066
3849 2.7199173
3949 2.821959
4049 2.414575
4149 0.8936162
4250 -0.6438794
4350 -1.9364457
4450 -2.8907804
4550 -3.3685462
4650 -3.4579294
4750 -3.410167
4850 -3.2085688
4950 -2.5569181
5051 -0.9944258
5151 0.4431429
5251 1.508708
5351 2.473484
5451 3.1283464
5551 3.3136082
5652 3.307558
5751 2.6606627
5852 1.2732553
5952 -0.1812849
6052 -1.510571
6152 -2.3532157
6252 -3.0135937
6353 -3.4166024
6453 -3.492114
6554 -3.4938498
6653 -3.418573
6753 -2.2820992
6854 -0.4467821
6953 1.0730786
7054 2.146109
7154 2.7084084
7254 3.088007
7354 3.164606
7455 2.9079866
7555 1.7728348
7655 0.13909626
7755 -1.0542407
7855 -1.9658601
7955 -2.5284362
8055 -2.8696465
8156 -3.016396
8256 -3.022978
8356 -2.8679354
8456 -1.9538519
8556 -0.47727108
8656 0.33033705
8757 0.91669416
8857 1.4613457
8956 1.9663367
9057 2.3901596
9157 2.5375357
9257 2.4298363
9357 1.8437843
9457 0.87973356
9558 -0.19673252
9658 -0.8988004
9740 -1.3973529
9841 -1.8812709
9940 -2.2496536
10041 -2.457898
10141 -2.6003807
10242 -2.7157562
10342 -2.71279
10442 -2.2268517
10543 -1.0622456
10643 0.019907951
10743 0.72754335
10843 1.4074097
10943 1.9761124
11043 2.3801146
11143 2.5932856
11244 2.5680633
11344 1.8971076
11444 0.496099
11544 -0.36153603
11644 -1.0569618
11744 -1.599998
11844 -2.0197475
11945 -2.3292308
12045 -2.4496758
12145 -2.504226
12245 -2.523629
12345 -2.4710355
12446 -1.7323246
12546 -0.25585938
12646 1.0211096
12745 1.9845209
12846 2.5645614
12946 2.8549895
13046 2.9537292
13146 2.971076
13247 2.617762
13347 0.9129133
13447 -0.58793974
13764 -2.459647
13865 -2.4730916
13965 -2.4760733
14065 -2.497275
14164 -2.5114205
14265 -2.4271255
14365 -1.2806296
14465 0.24261379
14566 1.3324227
14666 1.9282179
14766 2.2960014
14866 2.4646416
14966 2.5005822
15066 2.4121428
15167 1.5034051
15266 -0.4531374
15367 -1.8368552
15467 -2.609094
15567 -2.8477151
15667 -2.7469141
15767 -2.4657366
15868 -1.981705
15968 -1.4069462
16068 -0.91973495
16168 -0.35351133
16268 0.39142323
16368 0.9203844
16469 1.499804
16569 1.7909164
16669 1.9653907
16769 2.1100283
16869 2.225587
16970 2.2461028
17070 2.1408386
17169 1.6413369
17270 0.97155666
17370 0.06265354
17470 -1.0143733
17570 -1.511621
17670 -1.6631687
17771 -1.7113254
17871 -1.7691848
17971 -1.7935529
18071 -1.818639
18171 -1.8121376
18271 -1.673135
18372 -0.57072735
18472 0.6054516
18555 1.193181
18654 1.6084237
18755 1.9598894
18855 2.1127768
18955 2.1974587
19055 2.240789
19155 2.2853346
19256 2.328763
19356 2.3457594
19457 2.0509543
19557 0.57624817
19657 -0.9230814
19757 -1.5843537
19857 -1.6328018
19957 -1.524863
20057 -1.4700494
20157 -1.4590478
20258 -1.4440575
20358 -1.3570728
20458 -0.5800109
20559 0.6733427
20658 1.3466039
20758 1.8900352
20859 2.3255935
20959 2.4986582
21059 2.5340528
21159 2.5384827
21476 2.3426504
21576 1.0053968
21676 -0.5546503
21777 -1.7454998
21877 -2.1227136
21977 -2.1731012
22077 -2.1610472
22177 -2.1187904
22278 -2.053433
22377 -1.9980369
22761 0.7973056
22862 1.6141114
22962 2.1549616
23062 2.4279442
23162 2.5195951
23262 2.5003853
23363 2.4655685
23463 2.4157624
23563 2.1523476
23663 1.0670176
23763 -0.2160101
23863 -1.3199794
23963 -1.8351836
24064 -2.1222136
24164 -2.1782784
24264 -2.1960983
24364 -2.1994007
24464 -2.1762202
24565 -2.0752013
24664 -1.4586341
24764 -0.3967495
24865 0.23543358
25181 1.9150162
25282 2.2869797
25383 2.6566591
25483 2.8662882
25583 2.9707184
25683 2.9799109
25783 2.9466362
25883 2.8708696
25983 2.0645819
26083 0.4446497
26184 -0.7183275
26284 -1.290849
26384 -1.6181331
26484 -1.7499969
26584 -1.8793702
26684 -1.9404125
26784 -1.9645038
26885 -1.9488742
26985 -1.782064
27085 -1.0149498
27185 -0.11236477
27285 0.5178747
27386 1.107285
27486 1.7451143
27585 2.3015428
27686 2.5633073
27785 2.6805182
27886 2.7293549
27986 2.7370248
28086 2.7498198
28187 2.7603598
28287 2.6175117
28387 1.1732721
28487 -0.06564474
28587 -0.967618
28687 -1.3913541
28788 -1.5274014
28888 -1.5600021
28988 -1.5602462
29088 -1.5562656
29188 -1.5284297
29289 -1.3733273
29389 -0.5977745
29472 0.28478527
29572 1.1627078
29671 1.6154442
29771 1.8609476
29872 2.0231543
29972 2.1324973
30072 2.2298937
30390 2.2205262
30490 1.47819
30591 0.4243946
30690 -0.49545574
30791 -1.0619571
30891 -1.4086957
30991 -1.6209264
31091 -1.7194881
31192 -1.7540314
31291 -1.769141
31391 -1.7660508
31492 -1.6989937
31592 -1.2171898
31692 0.07808781
31792 0.894752
31892 1.3662
31993 1.6179566
32093 1.7613463
32193 1.8395324
32293 1.8993845
32393 1.9311094
32493 1.9415283
32594 1.9492655
32694 1.9455404
32794 1.7147584
32894 0.5477123
32994 -0.29599667
33095 -0.6633005
33195 -0.933651
33295 -1.1770673
33395 -1.3093152
33495 -1.344872
33595 -1.326879
33695 -1.2992244
33795 -1.2315388
33896 -0.7858038
33995 0.28772545
34096 1.2726889
34196 1.9638047
34296 2.3596368
34397 2.4880514
34497 2.520503
34597 2.5326629
34697 2.5595942
34798 2.5833755
35114 2.6085854
35214 2.5854583
35315 1.9305315
35415 0.502192
35515 -0.7653036
35615 -1.3884919
35921 -1.2892959
36015 -1.2477417
36116 -1.2184627
36199 -1.1349838
36299 -0.6996298
36399 0.13473606
36499 1.3723516
36599 2.0647125
36699 2.289548
36800 2.3768377
36900 2.371656
37001 2.3396173
37101 2.3250647
37201 2.3221383
37301 2.3206453
37401 2.1123595
37501 0.11659622
37601 -0.86186695
37701 -1.1464133
37802 -1.102298
37902 -0.98738
38236 -0.86122704
38636 2.0932264
38737 2.44198
38837 2.5382614
38937 2.5408516
39037 2.5107446
39137 2.4901342
39237 2.4850998
39338 2.4852166
39438 2.4403176
39538 1.0609818
39638 -0.443573
39738 -1.3557484
40072 -1.714499
40172 -1.5927205
40272 -1.525245
40373 -1.4283714
40473 -1.2553215
40573 -0.12071133
40673 0.7543564
40773 1.3142309
40873 1.7076821
40973 1.9049902
41073 1.9528337
41174 1.9732885
41274 1.977633
41374 1.9784636
41474 1.980957
41574 1.9821181
41674 1.6888947
41775 0.12787533
41875 -0.61046076
41975 -0.91309404
42075 -1.0196328
42175 -1.0564189
42275 -1.101157
42376 -1.1141849
42476 -1.1234238
42576 -1.1011868
42676 -0.5405531
42776 0.99000454
42876 1.7458792
43193 2.432126
43293 2.4418993
43394 2.4422517
43494 2.4427238
43594 2.4441085
43694 2.429915
43794 1.0377197
43895 -0.47237968
43995 -1.1640255
44095 -1.5962853
44195 -1.8030734
44295 -1.9007475
44396 -1.9157562
44495 -1.9061484
44596 -1.8472247
44696 -1.7272544
44796 -1.0681405
44897 0.21954823
44996 0.8679466
45096 0.0
45197 0.0
45297 0.0
45397 0.0
45497 0.0
45598 0.0
45698 0.0
45798 0.0
45897 0.0
45998 0.0
46098 0.0
46198 0.0
46299 0.0
46399 0.0
46498 0.0
46599 0.0
46699 0.0
46799 0.0
46899 0.0
46999 0.0
47099 0.0
47200 0.0
47300 0.0
47400 0.0
47500 0.0
47600 0.0
47701 0.0
47801 0.0
47901 0.0
47984 0.0
48084 0.0
48184 0.0
48284 0.0
48384 0.0
48485 0.0
48585 0.0
48685 0.0
48786 0.0
48886 0.0
48986 0.0
49086 0.0
49186 0.0
49286 0.0
49387 0.0
49487 0.0
49587 0.0
49687 0.0
49787 0.0
49887 0.0
49987 0.0
50087 0.0
50188 0.0
50288 0.0
50388 0.0
50488 0.0
50805 0.0
51724 0.0
51823 0.0
51924 0.0
52024 0.0
52124 0.0
52225 0.0
52324 0.0
52424 0.0
52524 0.0
52624 0.0
52725 0.0
52825 0.0
52925 0.0
53026 0.0
53126 0.0
53226 0.0
53326 0.0
53426 0.0
53526 0.0
53626 0.0
53727 0.0
53827 0.0
53927 0.0
54027 0.0
54127 0.0
54227 0.0
54328 0.0
54428 0.0
54528 0.0
54628 0.0
54728 0.0
54828 0.0
54928 0.0
55246 0.0
55345 0.0
55446 0.0
55546 0.0
55646 0.0
55747 0.0
55846 0.0
55947 0.0
56047 0.0
56148 0.0
56248 0.0
56347 0.0
56447 0.0
56548 0.0
56648 0.0
56748 0.0
56849 0.0
56948 0.0
57049 0.0
57149 0.0
57249 0.0
57349 0.0
57449 0.0
57549 0.0
57649 0.0
57750 0.0
57850 0.0
58167 0.0
58267 0.0
58367 0.0
58467 0.0
58568 0.0
58668 0.0
58767 0.0
58868 0.0
58968 0.0
59068 0.0
59169 0.0
59268 0.0
59369 0.0
59469 0.0
59569 0.0
59669 0.0
59769 0.0
59870 0.0
59970 0.0
60069 0.0
60170 0.0
60270 0.0
60371 0.0
60470 0.0
60571 0.0
60671 0.0
60771 0.0
60871 0.0
60971 0.0
61072 0.0
61172 0.0
61271 0.0
61372 0.0
61472 0.0
61572 0.0
61673 0.0
61773 0.0
61873 0.0
61973 0.0
62073 0.0
62173 0.0
62273 0.0
62374 0.0
62474 0.0
62574 0.0
62674 0.0
62774 0.0
62874 0.0
62974 0.0
63075 0.0
63175 0.0
63258 0.0
63358 0.0
63458 0.0
63558 0.0
63658 0.0
63758 0.0
63858 0.0
63959 0.0
64059 0.0
64160 0.0
64260 0.0
64360 0.0
64460 0.0
64560 0.0
64660 0.0
64760 0.0
64861 0.0
65177 0.0
65278 0.0
65378 0.0
65478 0.0
65579 0.0
65679 0.0
65779 0.0
65879 0.0
65979 0.0
66079 0.0
66179 0.0
66280 0.0
66380 0.0
66480 0.0
66580 0.0
66680 0.0
66781 0.0
66880 0.0
66981 0.0
67081 0.0
67181 0.0
67281 0.0
67381 0.0
67482 0.0
67582 0.0
67682 0.0
67782 0.0
67882 0.0
67982 0.0
68082 0.0
68182 0.0
68283 -1.3036964
68383 -0.393003
68483 0.27737713
68583 0.7667947
68683 1.0088124
68783 0.35709286
68884 -1.8304405
68984 -3.6848528
69084 -5.0
69184 -2.804352
69284 -2.244046
69384 0.34126997
69484 2.4436502
69585 3.793436
69685 4.0128193
69785 3.2017727
69885 1.3113699
69985 -0.57485247
70086 -1.8695827
70185 -2.677031
70269 -2.825493
70369 -2.528004
70468 -1.6924088
70568 -0.3011713
70668 1.1319304
70769 2.4688005
70870 3.3125658
70970 3.5941734
71071 3.7139225
71170 3.447854
71271 2.2616973
71621 -2.1489036
71721 -2.6551855
71822 -2.7600965
71922 -2.6847124
72005 -2.1430101
72105 -0.8159838
72205 0.73258877
72304 2.2515335
72404 3.4699535
72723 3.0480137
72823 1.5319314
72924 -0.046673775
73023 -1.556956
73123 -2.5823436
73224 -3.175289
73557 -2.7562737
73658 -1.5459137
73758 0.06803751
73858 1.5293784
73958 2.5813255
74058 3.3478765
74158 3.641693
74259 3.7233028
74359 3.3675556
74459 1.7542701
74559 0.14314556
74659 -1.4027889
74759 -2.802894
74860 -3.348503
74960 -3.3874965
