15 -0.9435797
116 -1.2282536
216 -1.2349496
316 -0.9672923
416 -0.26484823
516 0.62729836
617 1.1753092
717 1.5744171
817 1.7894568
917 1.8491287
1018 1.5997682
1117 1.167006
1218 0.6722474
1317 0.07433033
1400 -0.5183296
1500 -1.1069388
1600 -1.4279857
1700 -1.5290031
1800 -1.4793668
1900 -1.1786628
2002 -0.30662823
2103 0.42940044
2203 1.0258069
2303 1.5320778
2403 1.9101019
2503 1.9597907
2603 1.8027239
2704 1.3196917
2804 0.73889637
2904 0.15882015
3004 -0.5864687
3104 -1.1526546
3204 -1.3555939
3304 -1.5232911
3404 -1.444406
3505 -0.9563031
3605 -0.0108475685
3705 0.60927916
3805 1.0304041
3906 1.4015999
4006 1.7210112
4106 1.8148742
4206 1.6889176
4306 1.18678
4406 0.7014551
4506 0.12701988
4607 -0.60087967
4706 -1.2499528
4807 -1.4406238
4907 -1.2738297
5007 -0.4932847
5107 0.22086239
5207 0.7587657
5307 1.2317276
5408 1.8486581
5508 2.2534628
5608 2.3908172
5708 2.3729792
5809 1.9881334
5909 1.0772161
6008 0.38533306
6110 -0.28387594
6210 -0.9262452
6309 -1.194674
6410 -1.2200344
6509 -1.0568347
6609 -0.57443523
6710 0.015839577
6810 0.4898653
6911 0.88586044
7011 1.3798089
7110 2.0044188
7211 2.6076403
7311 2.9190407
7412 2.8707657
7511 2.024212
7612 0.8527641
7712 0.19488859
7812 -0.2760229
7912 -0.7726736
8012 -0.8575187
8113 -0.63451004
8212 -0.09831095
8313 0.37145805
8413 0.700047
8513 1.2087607
8613 1.7729883
8714 2.2297044
8814 2.4488602
8913 2.4404655
9013 1.9059892
9114 1.0530577
9215 0.28873968
9314 -0.3221388
9415 -0.8476958
9515 -1.059967
9616 -1.1420026
9715 -0.95330095
9815 -0.36855984
9915 0.25631046
10016 0.64477205
10115 1.0311918
10216 1.4637389
10316 1.7868133
10416 1.8637686
10516 1.6173935
10616 0.9372091
10717 0.3614626
10817 -0.09156799
11185 -0.7271638
11285 -0.45173025
11385 -0.040049553
11485 0.31738186
11585 0.6583719
11685 1.2658491
11785 1.8256636
11885 2.2135038
11985 2.2268944
12086 1.5330672
12186 0.8350477
12286 0.24164629
12387 -0.21571732
12486 -0.5842037
12587 -0.8491492
12686 -0.91471577
12786 -0.7587385
12887 -0.33835888
12987 0.25572157
13088 0.7146907
13188 1.0637345
13287 1.3195066
13387 1.5433831
13487 1.6481886
13588 1.662528
13689 1.5637236
13788 1.1469207
13889 0.60366154
13989 0.22184086
14089 -0.08383417
14189 -0.37218142
14290 -0.62797546
14389 -0.68819666
14490 -0.47147655
14590 0.043596745
14690 0.4802513
14790 0.8004327
14890 1.0055656
14991 1.1478434
15091 1.2217193
15190 1.2417984
15291 1.1765332
15391 0.9036889
15492 0.49344492
15592 0.059111595
15692 -0.38002777
15792 -0.68957806
15892 -0.81169796
15992 -0.84186554
16092 -0.7958131
16193 -0.6679115
16275 -0.46191835
16375 -0.019932747
16476 0.9165659
16575 1.4863296
16675 1.6348243
16775 1.6457658
16877 1.5930891
16977 1.0612411
17078 0.41736937
17178 -0.09510279
17278 -0.4114952
17378 -0.6255269
17478 -0.8689413
17578 -1.0373816
17678 -1.0818753
17779 -1.0555434
17879 -0.90965605
17979 -0.21433353
18079 0.5263815
18179 0.99275255
18279 1.3467665
18380 1.6267953
18480 2.4689765
18580 2.840384
18680 2.898487
18780 2.8413267
18880 2.563571
18981 1.902813
19081 0.9980531
19181 0.25428486
19281 -0.4949007
19381 -0.8668394
19481 -1.2239335
19581 -1.4285526
19682 -1.5969124
19782 -1.6214337
19882 -1.623013
19982 -1.587359
20082 -0.94368124
20182 0.24854326
20282 0.8510623
20383 1.3612862
20483 1.7885857
20583 2.1427984
20683 2.288569
20783 2.3936973
20883 2.3822088
21852 -1.6250656
21952 -1.6737823
22052 -1.7185662
22153 -1.6993549
22252 -1.3284893
22353 -0.60144615
22453 0.208148
22553 1.0410719
22653 1.6543884
22753 2.056119
22853 2.2809577
22954 2.484497
23054 2.612512
23154 2.5169883
23254 2.073934
23354 1.3531814
23455 0.68900585
23554 -0.033019066
23655 -0.82247305
23755 -1.3943958
23856 -1.858429
23956 -2.0638385
24055 -2.1453404
24156 -2.138825
24257 -2.1111388
24357 -1.7229583
24457 -0.9618311
24557 0.019464493
24656 0.81068134
24757 1.7940316
24857 2.2415924
24958 2.5501647
25057 2.622448
25158 2.6305618
25257 2.6144953
25358 2.554451
25675 0.6882024
25775 0.12321806
25875 -0.52676153
25975 -1.0544343
26076 -1.4229934
26176 -1.5781765
26276 -1.7291069
26659 -1.152806
26760 -0.48044825
26861 0.22736311
26961 0.8500385
27061 1.3915591
27161 1.8927126
27261 2.4252167
27361 2.6402254
27462 2.5826864
27562 2.4847689
27662 2.4285307
27762 2.2231002
27862 1.4103608
27963 0.60766697
28062 -0.034124374
28162 -0.65579844
28263 -1.0557373
28363 -1.2258942
28463 -1.3907189
28563 -1.4186909
28663 -1.2778683
28764 -1.2845826
28864 -1.2621315
28964 -0.79030657
29064 -0.06828499
29165 0.60838795
29264 1.2024031
29364 1.6221223
29465 1.9678702
29565 2.1938653
29665 2.2512474
29765 2.250023
30150 0.2768526
30249 -0.12510777
30349 -0.4762516
30449 -0.8335047
30550 -1.0688081
30867 -1.5037556
30967 -1.5139375
31067 -1.5126748
31168 -1.5126748
31267 -1.4735913
31367 -0.4818735
31468 0.29505634
31568 0.91265774
31668 1.4367003
31769 1.8573942
31868 2.1484337
31969 2.296781
32070 2.3649611
32169 2.3805008
32570 0.53834295
32670 -0.21500683
32770 -0.73875713
33104 -1.5643058
33186 -1.5778477
33286 -1.5916123
33386 -1.5929508
33739 -0.50796604
33839 0.12832737
33939 0.6953802
34040 1.129158
34140 1.749156
34239 2.2208848
34339 2.3401933
34440 2.2603693
34540 2.0474906
34640 1.7475557
34741 0.9651556
34840 0.12301159
34941 -0.5903697
35041 -1.1374099
35140 -1.3699989
35241 -1.6646881
35341 -1.7440503
35442 -1.7888782
35541 -1.7372005
35642 -1.6516693
35742 -1.4924417
35842 -1.092207
35943 -0.48879623
36042 0.033046722
36143 0.6084547
36242 1.1010828
36343 1.7459784
36442 2.0628347
36543 2.1287155
36643 2.0508218
36744 1.8844833
36843 1.4613447
36944 0.9534435
37045 0.48338032
37144 -0.024258614
37244 -0.51793194
37562 -1.165982
37662 -1.1947315
38046 -0.82819414
38246 0.63222885
38346 0.7482624
38446 0.8126526
38546 0.8546152
38646 0.9233346
38747 0.99605036
38848 1.0262151
38947 0.85456944
39882 -1.0887604
39982 -1.0961051
40082 -1.0766201
40182 -1.0258908
40282 -0.8857837
40383 -0.37445593
40483 0.057520866
40584 0.3324976
40684 0.4929099
40783 0.65328884
40883 0.7987757
40984 0.8590689
41084 0.81657314
41185 0.7186308
41285 0.48757267
41385 0.033619404
41485 -0.41200686
41585 -0.61191034
41686 -0.75529146
41786 -0.8439207
41886 -0.8916731
41986 -0.91370726
42086 -0.9270439
42185 -0.91031075
42286 -0.5026221
42387 0.09581995
42486 0.3472519
42587 0.591135
42687 1.0042305
42786 1.3729763
42887 1.7882662
42988 1.9152541
43088 1.9648461
43188 1.9804754
43287 1.9557524
43388 1.2829156
43489 0.73209333
43588 0.12665558
43688 -0.20020771
43789 -0.526361
43889 -0.8022623
43989 -1.0080605
44089 -1.0498958
44190 -1.0562427
44289 -1.0584805
44372 -1.0555084
44472 -0.956892
44572 -0.36045742
44672 0.14048862
44772 0.42040205
44872 0.75872517
44974 1.0732017
45074 1.2425189
45175 1.2747374
45275 1.2751074
45375 1.1924996
45475 0.95032597
45575 0.63978004
45675 0.38871956
45775 -0.06138897
45876 -0.38935804
45976 -0.5679469
46076 -0.667819
46176 -0.727046
46276 -0.72798395
46376 -0.7299738
46477 -0.65018654
46577 -0.3505144
46677 -0.006518364
46777 0.27211857
46877 0.5329919
46977 0.7981682
47077 1.0134192
47178 1.0890737
47278 1.1353464
47378 1.8972244
47478 2.4446397
47578 2.7646132
47678 2.8445344
47778 2.6957526
47879 2.22221
47979 1.6509218
48079 1.4241905
48179 1.1738997
48279 0.8658514
48379 0.44024563
48479 0.00976038
48580 -0.22908115
48680 -0.18526697
48780 0.19905281
48881 0.8152294
48980 1.3642225
49081 1.8190613
49181 2.0978289
49282 2.403576
49381 2.633348
49482 2.6948318
49582 2.7059546
49682 2.6850533
49782 2.351181
49882 1.5751038
49983 0.80068874
50082 0.16702843
50534 -0.45498943
50734 0.19036198
50834 0.6961355
50934 1.3559213
51034 2.101738
51135 2.668161
51234 2.957223
51335 3.057642
51435 3.003007
51535 2.6849136
51635 2.1100287
51735 1.201407
51836 0.2967863
51935 -0.6922593
52036 -1.6164479
52136 -1.9058747
52236 -1.9650321
52336 -1.7380981
52436 -1.2744911
52536 -0.75007105
52636 -0.49609995
52736 -0.32209063
52837 0.8808737
52938 1.3621035
53037 1.6747804
53137 2.0932298
53238 2.3626037
53338 2.3758745
53439 2.1234446
53538 1.839849
53639 1.6245689
53739 1.2656031
53838 0.8066273
53939 0.3332739
54040 -0.42369986
54139 -0.6041188
54240 -0.5936384
54339 -0.5756855
54440 -0.5376172
54540 -0.38934898
54641 -0.109196186
54958 1.4320083
55058 1.99329
55158 2.2900567
55258 2.3453026
55358 2.2683897
55459 2.1849098
55558 2.057158
55658 1.6624885
55758 1.0568895
56160 -0.06953716
56260 -0.13939857
56356 -0.15757036
56459 0.026015282
56560 0.40088987
56660 0.8132024
56760 1.1353831
57678 0.7661128
57778 0.31208897
57878 -0.23911381
57979 -0.6418166
58079 -0.8460374
58179 -0.8499031
58280 -0.83627796
58380 -0.7257509
58479 -0.37212086
58580 0.27263165
58681 0.8048773
58781 1.3717947
58880 2.036603
58981 2.2938852
59081 2.3462472
59181 2.3381705
59281 2.2333398
59381 1.9381971
59481 1.49336
59581 1.0149169
59682 0.674603
59782 0.0359025
59882 -0.51344824
59983 -0.87612486
60083 -1.07724
60183 -1.0866733
60283 -1.1004796
60383 -1.0596828
60483 -0.9030223
60584 -0.6798854
60684 -0.30365372
60783 0.18047571
60884 0.5821085
60984 0.9919548
61084 1.2610636
61185 1.4079528
61285 1.4913583
61385 1.513823
61485 1.4518585
61585 1.1505508
61686 0.7865133
61785 0.2592163
61886 -0.13710499
61986 -0.26379728
62086 -0.32050467
62186 -0.3697443
62286 -0.37806034
62387 -0.16531181
62487 0.2578516
62587 0.6374912
62687 0.9748087
62787 1.288846
62888 1.5526466
62987 1.6484041
63088 1.5530562
63170 1.158124
63270 0.80686474
63370 0.617074
63470 0.46288204
63570 0.36101818
63670 0.3036089
63771 0.28512096
63872 0.3082013
63973 0.55919313
64073 1.020925
64173 1.3658776
64273 1.5920982
64373 1.7642031
64473 1.894516
64574 1.9143934
64674 1.7269354
64774 1.3251939
64874 0.840137
64974 0.2966509
65074 -0.18092775
65174 -0.38993788
65275 -0.44910526
65375 -0.4416957
65475 -0.32281685
65575 0.3316164
65675 1.1535993
65775 1.6587462
65876 2.0919762
65976 2.2716851
66076 2.32519
66176 2.2243052
66276 1.621335
66376 0.86613226
66477 0.26876545
66577 -0.1487956
66677 -0.5793934
66777 -0.8412881
66877 -0.919816
66977 -0.660285
67077 -0.0062294006
67177 0.73933506
67278 1.1372309
67378 1.6612625
67478 2.0292754
67578 2.2392821
67678 2.3045797
67778 2.1819916
67879 1.4465103
67979 0.56291914
68079 0.111801624
68179 -0.16335964
68280 -0.2903986
68379 -0.33108234
68479 -0.3439846
68580 -0.30254507
68681 -0.19978142
68780 0.103413105
68881 0.7019839
68981 1.4607902
69081 2.0529633
69182 2.4810753
69281 2.7681475
69382 2.9837847
69482 2.9813561
69582 2.708136
69682 2.122036
69783 1.5564637
69883 0.9750891
69983 0.6266656
70082 0.37181234
70183 0.2847948
70282 0.28740978
70383 0.40238047
70484 0.7574301
70584 1.2881594
70684 1.7293005
70784 2.192721
70884 2.5624762
70984 2.7637887
71085 2.798471
71401 1.4852371
71501 0.818511
71602 0.3432064
71702 -0.15145206
71803 -0.609385
71902 -0.67105293
72002 -0.6494446
72103 -0.58602047
72202 -0.428195
72302 0.1833067
72403 1.3103075
72504 1.8771081
72604 2.336924
72954 1.5294085
73054 0.97838736
73155 0.55522585
73255 0.031100273
73355 -0.36253738
73455 -0.6175809
73555 -0.5351572
73655 -0.39517593
73756 -0.06834316
73856 0.69266653
73956 1.1931343
74056 1.7709122
74156 2.247655
74256 2.541977
74357 2.584291
74457 2.3898668
74557 1.7678056
74657 1.0650749
74757 0.63363504
74857 0.22642803
74957 -0.14986515
