78 -1.5052884
162 -2.2513247
278 -3.119244
362 -3.715664
462 -3.870684
562 -2.4353719
662 -0.6623492
762 1.0295305
863 2.351903
963 3.0464687
1063 3.673275
1163 3.7842436
1263 3.033863
1364 1.5810633
1464 -0.01324892
1564 -1.38609
1664 -2.6539989
1764 -3.6158223
1864 -3.8858552
1964 -3.8340607
2064 -2.9318893
2165 -0.68725777
2265 0.7828393
2365 1.9857283
2468 2.9931283
2568 3.58422
2665 3.6629562
2767 2.878375
2867 1.5838151
2967 0.33833218
3067 -1.073684
3168 -2.039042
3267 -2.762322
3368 -3.2181847
3468 -2.681919
3569 -1.626826
3667 -0.009144783
3768 1.6341538
3867 2.8317757
3968 3.9228325
4068 4.285385
4168 3.7913847
4269 2.414309
4369 0.69230175
4469 -0.5845432
4569 -1.7955418
4669 -2.8482866
4769 -3.7752485
4869 -4.0763354
4970 -3.8735845
5069 -1.8290701
5170 0.26264524
5272 1.736762
5370 2.532174
5470 3.5443754
5575 3.571868
5671 2.204142
5770 0.75661325
5871 -1.0247357
5971 -2.2364078
6072 -3.0079432
6171 -3.559456
6271 -3.4146204
6371 -2.276873
6473 -1.1391912
6572 0.19935083
6673 1.7644882
6772 2.8162374
6872 3.8853798
6973 4.142624
7073 3.1142426
7173 1.5112762
7273 -0.09070492
7373 -1.6720371
7474 -2.6118364
7574 -3.7579799
7674 -4.131736
7775 -4.3668785
7875 -4.1165657
7975 -1.8545606
8074 0.45020437
8174 2.0242014
8275 3.0763474
8375 3.7425804
8475 4.016858
8575 3.3969517
8676 1.7920694
8776 0.0541687
8876 -1.4384003
8976 -2.5779479
9076 -3.372415
9177 -3.268289
9277 -2.9210958
9377 -1.0977986
9478 0.39798737
9578 1.6313782
9679 2.5113287
9777 3.4088907
9861 3.857603
9978 4.170027
10062 3.7143822
10162 1.8153801
10262 0.02945137
10362 -1.2827888
10462 -2.2601998
10562 -3.0956511
10663 -3.944787
10763 -3.705659
10863 -2.443559
10963 -0.22038317
11063 1.7396088
11163 2.91707
11263 3.7797804
11363 3.9676142
11464 3.346118
11564 1.7138815
11664 0.15693331
11763 -1.224788
11865 -2.147122
11965 -2.7676148
12068 -2.9389071
12168 -2.8308349
12265 -2.0961719
12365 -0.4137597
12465 1.2234159
12567 2.4646492
12666 3.317895
12766 3.645979
12866 3.4631367
12966 2.2484713
13066 0.8035555
13167 -0.6171336
13267 -1.6819043
13368 -2.5003498
13467 -3.061613
13567 -3.2167346
13667 -2.297234
13770 -1.4168022
13870 0.052785873
13971 1.3200836
14070 2.2314415
14170 3.0909576
14270 3.5410967
14371 3.5038471
14470 2.9177628
14570 1.0813842
14669 -0.38966513
14770 -1.7294915
14870 -2.7302737
14970 -3.4356718
15069 -3.455359
15170 -3.44602
15270 -2.6940992
15370 -1.9701438
15473 0.25997066
15573 1.7090292
15671 2.282569
15771 2.989583
15871 3.2335033
15974 3.1200523
16071 2.1838746
16171 0.5215931
16272 -1.1388745
16372 -1.9520192
16472 -2.1971304
16573 -2.0442755
16672 -1.6929202
16774 -0.5384922
16873 0.80979824
16974 2.0458565
17073 3.125639
17173 3.948679
17274 4.4249935
17373 4.560787
17474 4.54854
17574 4.2139673
17674 2.9398317
17775 1.7403846
17875 0.35213757
17976 -1.0401833
18075 -1.8550289
18175 -2.4443097
18275 -2.6041903
18375 -2.496966
18476 -2.1044168
18576 -0.8541465
18676 0.22649574
18776 1.720427
18876 3.1111813
18976 4.3296413
19076 4.8945684
19176 5.0
19278 4.6467733
19377 3.6349058
19477 2.6366653
19577 1.397933
19678 0.16547966
19778 -1.1197572
19878 -2.052382
19962 -2.509125
20062 -2.9807432
20162 -3.0152526
20262 -2.823043
20362 -2.0846133
20462 -1.0266101
20562 0.23405266
20662 1.2850466
20763 2.3805976
20863 3.0795765
20963 3.3508787
21063 3.3762426
21164 3.389555
21264 3.3928452
21364 3.251192
21464 2.3435106
21564 0.6742697
21665 -0.5305848
21765 -1.7607036
21865 -2.90838
21965 -3.7150106
22065 -4.0948753
22165 -4.0215
22265 -4.2442713
22365 -4.2662964
22468 -3.449141
22568 -1.8595345
22668 -0.36057568
22768 0.9963913
22868 2.1327653
22968 3.1017942
23068 3.7024708
23167 3.797247
23267 3.7037573
23367 3.5376434
23467 3.4011564
23785 0.3620224
23885 -0.99551773
23985 -2.0853295
24085 -2.9054039
24185 -3.7689085
24287 -3.9283783
24386 -4.0914516
24486 -4.24715
24586 -4.132953
24686 -2.8410964
24786 -1.9719539
24886 -0.33556032
24987 0.89813423
25087 1.9509492
25187 2.944116
25287 3.5052767
25388 3.6593275
25488 3.577219
25587 3.292714
25688 2.9931374
25788 2.3649583
25888 1.0081396
25988 -0.51372194
26089 -2.0371125
26188 -2.8800607
26289 -3.0823956
26389 -3.2952373
26490 -3.409336
26590 -3.3623617
26690 -2.8082528
26790 -1.8117232
26890 -0.63958454
26990 0.6704798
27090 1.4941473
27191 3.0138597
27291 3.7065382
27391 3.9929142
27475 4.0897493
27575 4.1219616
27675 4.042263
27775 3.745144
27875 2.8282232
27992 1.2620492
28075 0.27095604
28175 -0.74674606
28276 -1.7976155
28376 -2.5176399
28476 -2.7053263
28576 -2.6625998
28676 -2.7349837
28777 -2.7205486
28877 -2.7235608
28977 -2.675456
29077 -2.3154507
29177 -0.83967495
29277 0.49556065
29377 1.6616983
29478 2.8131576
29578 3.389267
29678 3.7495823
29778 3.9100733
29878 3.928854
29979 3.8879538
30078 3.663931
30413 -0.54871225
30513 -1.6360264
30613 -2.2010512
30713 -2.7384713
30813 -2.9435563
30916 -3.0349765
31016 -2.8468757
31113 -2.3023531
31213 -1.2983356
31317 0.19830275
31416 1.384131
31516 2.51026
31615 3.0831966
31715 3.2307968
31814 3.2733898
31915 3.1483965
32015 2.3383422
32115 0.5486326
32215 -1.1040835
32318 -2.2987106
32418 -2.914612
32518 -3.4598274
32616 -3.7526445
32716 -3.7007375
32817 -3.6803534
32917 -3.7159696
33017 -3.1876936
33116 -2.027023
33218 -0.18539667
33317 0.8394747
33418 1.8262734
33517 2.885034
33618 3.4257412
33718 3.5981312
33818 3.4630127
33918 2.9596338
34021 1.9980478
34121 0.7379556
34221 -0.6901922
34318 -1.9057496
34421 -2.948299
34521 -3.5999606
34619 -3.6931567
34720 -4.1269
34820 -4.48907
34920 -4.0765867
35020 -2.449809
35120 -1.1642563
35220 0.42838097
35322 1.667479
35421 2.9631147
35521 3.6406946
35621 4.0747547
35722 4.1183786
35822 3.9222164
35921 3.5127134
36022 3.2214794
36122 3.0314236
36222 2.7904673
36322 2.1197686
36423 0.78441525
36523 -0.61365604
36623 -2.0486069
36723 -2.641212
36823 -3.4083204
36923 -3.3338444
37024 -3.4220362
37123 -3.3904421
37224 -3.3672078
37324 -3.338594
37424 -3.273986
37524 -2.5905197
37625 -1.2201264
37726 0.2924261
37825 1.6545157
37926 2.6788177
38025 3.438406
38343 4.081381
38712 2.609375
38811 1.0026884
38894 -0.09147167
39244 -3.3210254
39344 -3.7272818
39444 -3.7913907
39547 -4.027012
39647 -4.3343945
39747 -4.3436
39847 -3.149141
39947 -1.0930219
40048 0.34027004
40147 1.4517503
40247 2.2871027
40346 2.935669
40447 3.3255558
40546 3.5505333
40646 3.622469
40746 3.642233
40847 3.6433773
40947 3.6434975
41047 3.644596
41147 3.6410542
41248 3.0506134
41347 1.3859177
41447 0.102350235
41548 -1.1299121
41648 -2.1433227
41748 -2.7617002
41849 -3.2754922
41949 -3.7872615
42049 -3.8704464
42149 -3.8821237
42249 -3.5733566
42349 -2.8157275
42449 -1.214426
42549 -0.023816109
42652 1.2264132
42752 2.3890176
42852 3.2367935
42952 3.7764826
43052 3.9033794
43152 3.9240475
43252 3.9224596
43352 3.8535156
43452 3.7618074
43552 3.6931295
43651 3.2769651
43752 2.262207
43852 0.80578804
43952 -0.38744736
44052 -1.4970582
44152 -2.4248087
44252 -3.4003408
44353 -3.8576963
44453 -3.9829397
44554 -3.978901
44654 -4.0115476
44754 -3.961101
44853 -3.061202
44953 -1.2856815
45053 0.07587242
45156 1.3777351
45255 2.2226768
45354 2.8417487
45455 3.2587452
45554 3.5579357
45655 3.5733624
45755 3.4819927
45855 3.1426277
45955 1.3004565
46055 -0.45703363
46156 -1.7934723
46256 -2.926692
46357 -3.890597
46458 -4.142869
46557 -3.9190075
46657 -2.461514
46757 -0.5112457
46841 1.3148031
46941 2.8257408
47041 3.8968067
47141 4.590232
47240 4.357462
47340 2.8192506
47441 1.1422615
47542 -0.58937454
47641 -1.7496457
47741 -2.5095773
47841 -2.8727665
47942 -2.8685403
48042 -2.4783893
48143 -1.1037171
48243 0.7709427
48343 2.0445862
48443 2.9050536
48543 3.341241
48643 3.3960667
48743 1.9204607
48847 0.028830528
48944 -1.2448509
49046 -2.375973
49144 -2.8436966
49244 -2.9288955
49344 -3.2368376
49447 -2.508193
49544 -1.065649
49645 0.2883253
49746 1.6080971
49846 2.6404543
49946 3.606409
50045 4.169587
50145 4.278455
51197 0.33204317
51298 1.6083322
51397 2.288775
51498 2.2894096
51600 1.2594328
51699 -0.59191084
51799 -1.8098531
51899 -2.5652807
51999 -3.198244
52099 -4.024065
52199 -3.5016913
52300 -3.1448734
52400 -1.3238282
52500 0.057027817
52600 1.3680105
52700 2.1998687
52800 2.8177004
52901 3.1601744
53001 3.223341
53100 2.5537996
53201 0.57194185
53301 -0.65809727
53401 -1.5659976
53501 -2.3060489
53602 -2.6825964
53702 -3.0173748
53802 -3.0400763
53902 -1.7606549
54002 -0.41030264
54104 1.3053789
54203 2.5173292
54303 3.3946457
54403 4.092827
54487 4.202631
54587 3.6531334
54687 2.0902777
54787 0.32589054
54886 -1.1493793
54986 -2.2098765
55088 -3.0122821
55188 -3.328547
55288 -3.4945064
55388 -2.5333304
55488 -0.81073856
55588 0.94307804
55688 2.2288184
55788 3.2208576
55889 3.6713066
55989 3.726925
56089 2.757193
56189 0.7861967
56290 -0.6208892
56393 -1.6513264
56490 -2.4339566
56592 -3.0913148
56690 -3.2715697
56790 -2.8542924
56890 -1.3853397
56990 0.2603178
57093 1.5189409
57193 2.4878602
57293 3.2001371
57393 3.6554432
57492 3.6471586
57592 2.8770623
57692 1.2855558
57793 -0.51131725
57892 -1.5862854
57992 -2.270745
58092 -2.9337862
58195 -3.3116837
58295 -3.3772316
58395 -3.36587
58495 -1.4301772
58595 -0.19248962
58693 1.1079335
58794 2.2330132
58894 3.0269527
58994 3.5630379
59094 3.781249
59194 3.7680798
59295 2.829403
59398 1.2235036
59495 -0.29429245
59598 -1.5135651
59696 -1.9411495
59796 -2.5524716
59895 -2.8958566
59996 -3.385858
60096 -2.8866253
60196 -2.1636126
60296 -0.34574747
60396 1.1238556
60496 2.2457032
60597 3.1261272
60697 3.693818
60797 3.9842587
60897 3.1678896
60998 1.5526896
61098 -0.23129368
61199 -1.645747
61298 -2.6293309
61398 -3.4335783
61498 -3.8303492
61599 -3.9651659
61698 -3.8421054
61799 -1.6671455
61899 0.41175508
61998 1.6668901
62099 2.8211312
62199 3.5012894
62299 3.7983303
62400 3.8284073
62500 2.6234865
62600 1.0498309
62700 -0.30447865
62801 -1.39892
62901 -2.235367
63001 -2.7150245
63100 -3.0158238
63201 -3.0430267
63301 -2.22753
63401 -0.7399702
63501 0.7860937
63602 1.8328605
63702 2.5908294
63802 3.0435085
63902 3.277875
64002 3.0898037
64103 1.798398
64203 0.080105305
64287 -1.2416885
64387 -2.288816
64486 -3.05034
64587 -3.376915
64687 -3.5625353
64787 -3.6796257
64887 -2.5080113
64988 -1.2368767
65087 0.55178547
65188 1.8381243
65288 2.7070413
65388 3.3409243
65488 3.8840237
65588 3.9456654
65689 3.1638927
65789 1.9019165
65889 0.49971342
65989 -0.79222584
66090 -2.122328
66190 -3.0268378
66290 -3.7195592
66390 -3.7945042
66490 -3.0997689
66590 -1.3107648
66690 0.62168837
66790 1.8240042
66893 2.8761673
66993 3.6511116
67093 4.0108633
67193 3.9180136
67293 2.7708077
67393 0.88642025
67492 -0.9784632
67592 -2.2030199
67692 -3.0355458
67792 -3.3194366
67895 -2.4300354
67995 -1.4218833
68092 -0.061008453
68193 1.2386179
68293 2.005147
68395 2.7064729
68495 3.4748993
68594 4.163912
68693 4.22542
68794 3.0294132
68894 1.4793983
68994 0.042169094
69094 -1.4136932
69195 -2.511491
69295 -3.2660537
69395 -3.6382635
69498 -3.6021414
69598 -2.3737564
69695 -0.5677638
69796 0.57622194
69896 1.2620554
69996 1.8953652
70096 2.7490845
70196 3.19069
70296 2.9697967
70397 1.6192961
70496 0.011969566
70597 -1.244442
70697 -2.0045662
70797 -2.695792
70899 -3.2377465
70998 -3.3106198
71098 -2.3551188
71198 -0.6186323
71299 1.1056485
71398 2.1432319
71498 2.6774826
71598 3.2162952
71699 3.253027
71799 2.8801384
71900 0.71266794
71999 -1.3518453
72099 -2.1873415
72200 -2.9686794
72300 -4.2060757
72400 -4.165759
72501 -3.5638509
72600 -2.3004172
72700 0.5839443
72801 1.900331
72901 2.6822143
73001 3.2669659
73102 3.7574968
73201 3.7667723
73302 2.5971007
73402 0.8955169
73503 -0.84345484
73602 -1.6924319
73702 -2.3125606
73802 -2.655473
73903 -2.6779323
74003 -1.776093
74087 -0.7909169
74187 0.4697833
74287 1.657537
74387 2.4913535
74487 3.2295141
74587 3.556468
74687 3.429823
74787 2.3872237
74887 1.0314941
74988 -0.1938281
