17 -0.29344797
118 -1.7109959
217 -2.7158456
318 -3.1039963
418 -2.7264636
518 -1.962311
619 -0.5288906
719 0.6327257
803 1.3931918
902 2.1991196
1003 2.7037034
1104 2.7737617
1204 2.28376
1304 1.5434809
1403 0.11762428
1505 -0.93514633
1604 -1.6330249
1705 -2.4401786
1805 -3.0150185
1905 -3.0073142
2006 -2.7390547
2106 -1.7391663
2207 -0.4918108
2306 0.60311794
2407 1.3140669
2507 2.1699858
2607 2.444646
2708 2.5198379
2807 2.5914283
2908 2.3706603
3008 1.550025
3109 0.3564782
3209 -0.9435959
3309 -2.09018
3409 -2.7844245
3510 -3.4346657
3610 -3.7379441
3710 -3.7087765
3810 -3.3680625
3911 -1.9405019
4011 -0.5504575
4112 0.56937695
4211 1.4870615
4311 2.2074194
4413 2.3861656
4512 2.428544
4613 2.206304
4713 1.1221185
4812 -0.09133673
4913 -1.454366
5014 -2.4670305
5113 -3.2744517
5214 -3.427466
5314 -3.404435
5415 -2.8812904
5515 -1.5616202
5616 -0.41219234
5716 0.64340305
5816 1.3577895
5916 2.1943717
6016 2.4740973
6117 2.5576124
6217 2.5172515
6318 2.4298668
6417 1.5263543
6517 0.16731691
6618 -1.1913459
6717 -2.2237644
6819 -3.183908
6918 -3.5033998
7019 -3.4790716
7103 -3.4096944
7203 -3.1525578
7303 -1.725198
7404 -0.29583406
7503 0.80135345
7604 1.515213
7705 2.012889
7805 2.4375405
7905 2.551262
8005 2.4786482
8105 2.1356306
8206 1.1074419
8306 -0.33433723
8406 -1.5952263
8507 -2.6417692
8607 -3.2457306
8707 -3.4948213
8807 -3.5548568
8907 -3.3975544
9007 -2.8217905
9108 -1.1767297
9208 -0.08057499
9309 0.8006129
9409 1.850409
9509 2.4401245
9609 2.8150878
9710 2.9254465
9810 2.7943406
9910 2.3184319
10011 1.282938
10111 -0.04068756
10211 -0.9226141
10312 -1.8800969
10411 -2.9438522
10512 -3.4203937
10612 -3.4693103
10713 -3.3215814
10812 -3.2130313
10913 -2.5120177
11013 -1.0011697
11114 -0.048564434
11214 0.6535964
11314 1.3044271
11414 1.810669
11515 2.0250826
11615 2.0047884
11715 1.6439042
11815 0.8484483
11916 -0.37608147
12016 -1.4641564
12116 -2.4726582
12216 -3.1850495
12316 -3.3966
12416 -3.4034867
12517 -3.3273683
12617 -3.0022616
12718 -1.4030309
12818 -0.1818161
12918 0.8636961
13019 1.6939802
13119 2.230597
13219 2.573659
13302 2.614778
13403 2.5055137
13502 2.0873451
13603 0.83273983
13704 -0.4718294
13804 -1.4781928
13904 -2.0692782
14005 -2.5729265
14105 -2.9224658
14205 -2.7913437
14305 -2.4005198
14406 -1.3414567
14506 -0.34495544
14606 0.7026739
14706 1.5919695
14807 2.1870184
14907 2.6146111
15007 2.7216277
15108 2.75354
15207 2.6116014
15308 1.8204293
15409 0.3649311
15509 -1.029799
15608 -2.609822
15709 -3.662552
15810 -4.2325153
15910 -4.311236
16010 -4.1825976
16110 -3.8512645
16210 -3.2474418
16311 -1.7805285
16411 -0.57485247
16511 0.4664402
16612 1.4899316
16712 2.1321383
16812 2.4539185
16912 2.486309
17013 2.4642272
17113 2.4123697
17213 2.0901804
17313 1.0115423
17414 -0.15444708
17514 -1.2664204
17615 -2.376621
17714 -3.3472755
17815 -3.553791
17915 -3.5434847
18016 -3.4412086
18115 -3.1130257
18216 -2.1096716
18315 -0.79923725
18416 0.72978735
18517 1.794622
18616 2.6085005
18718 2.991716
18818 3.1570034
18917 3.1650286
19018 3.080164
19118 2.9360237
19219 1.2406697
19319 -0.1410551
19419 -1.2757478
19503 -2.2389417
19603 -3.2187643
19703 -3.5249631
19804 -3.5448592
19904 -3.5008507
20004 -3.3011205
20104 -2.6847844
20204 -1.5515981
20305 -0.5236316
20405 0.5889406
20505 1.5629702
20606 2.2542448
20706 2.5903053
20806 2.6414194
20907 2.573246
21007 2.4385133
21107 2.1868758
21207 0.8587694
21308 -0.28161812
21408 -1.6880817
21508 -2.5898528
21608 -3.4967008
21708 -3.7281277
21809 -3.7306724
21909 -3.3649354
22009 -2.415875
22109 -0.7184963
22210 0.6662493
22310 1.5443702
22410 2.5604095
22511 3.0914726
22610 3.2840443
22711 3.0631657
22811 2.4030333
22912 1.3136935
23012 0.3379693
23112 -0.5706692
23212 -1.4792702
23313 -2.218412
23413 -2.7541838
23514 -2.8314798
23614 -2.8101258
23713 -2.4867053
23814 -1.0002239
23914 0.39039278
24015 1.3608379
24114 2.0911446
24215 2.730648
24315 3.1230392
24416 3.1571102
24516 3.0041094
24616 2.6052961
24716 1.4939513
24816 0.6452923
24917 -0.29931736
25017 -1.2951145
25118 -2.0382817
25218 -2.7276635
25318 -2.7857318
25418 -2.6135314
25519 -2.0628183
25618 -0.97011423
25719 0.24245358
25803 1.0729399
25903 1.8372397
26003 2.5282722
26104 3.011198
26204 3.199625
26304 3.2578468
26405 3.167797
26505 2.6393332
26605 1.1594849
26705 -0.1978035
26806 -1.265171
26905 -2.193631
27006 -2.8748994
27106 -3.035901
27207 -2.9910617
27307 -2.8511329
27407 -2.298773
27507 -1.164016
27607 0.030299187
27708 1.2152333
27808 1.8802385
27908 2.4058914
28009 2.7720032
28109 2.8415718
28209 2.8082314
28309 2.5228853
28410 1.1629329
28510 -0.10578489
28610 -1.215385
28710 -2.313598
28810 -3.1933026
28911 -3.6835365
29011 -3.7968152
29111 -3.7740393
29212 -3.7143717
29312 -3.0877225
29412 -1.5794125
29513 -0.2090373
29613 0.93011
29713 1.9495621
29814 2.4950042
29914 2.7367606
30014 2.8320556
30114 2.854702
30215 2.7854142
30315 2.5722375
30415 1.8151207
30515 0.5879326
30615 -0.5851178
30715 -1.4855227
30815 -1.9997225
30916 -2.3017287
31017 -2.4297297
31117 -2.4593241
31217 -2.4054742
31318 -1.307642
31418 0.3663149
31518 1.3931012
31619 1.9905114
31718 2.1399703
31819 2.191114
31919 2.2140975
32003 2.2145562
32102 2.1818094
32203 1.7773161
32304 0.5577736
32404 -0.45832872
32504 -1.5073369
32604 -2.311606
32705 -2.711889
32805 -2.8484328
32905 -2.8358777
33005 -2.789311
33106 -2.5932178
33206 -1.62604
33306 -0.5100031
33406 0.6756711
33507 1.4349241
33607 2.0003672
33707 2.475309
33807 2.841507
33908 2.874002
34008 2.709906
34108 2.4432192
34208 2.0349894
34309 1.0340381
34409 -0.16066837
34509 -1.1200206
34610 -2.137574
34709 -3.0725286
34810 -3.4668417
34910 -3.546531
35010 -3.4293633
35111 -2.246655
35211 -0.8897314
35311 0.28823853
35412 1.1567073
35512 1.8274293
35612 2.6375113
35713 3.0466251
35813 3.1066532
35912 2.962185
36014 2.6447854
36114 1.7135048
36214 0.9473071
36314 0.01895237
36415 -1.0065277
36515 -1.9108
36614 -2.7256894
36715 -3.050504
37651 3.144987
37751 3.0544643
38069 0.8788252
38169 -0.30576992
38269 -1.3905857
38370 -2.2163672
38470 -2.7979712
38569 -2.9682932
38671 -2.8524928
38771 -2.511232
38871 -1.5665963
38971 -0.34259176
39071 0.7782965
39171 1.6744108
39272 2.2365394
39372 2.4967904
39472 2.521843
39573 2.4100418
39673 1.3303885
39773 0.26708937
39857 -0.82730484
39956 -1.6079528
40058 -2.229342
40158 -2.5448527
40258 -2.6414351
40357 -2.4906297
40459 -1.9496987
40559 -0.77598333
40876 2.493782
40977 2.9507203
41077 3.0307112
41177 3.0240078
41278 2.7465415
41377 1.7212934
41478 0.3593712
41578 -0.6658468
41679 -1.8356137
41778 -2.9266794
41879 -3.4332716
41979 -3.500599
42080 -3.4154274
42180 -3.2024424
42280 -2.4924812
42380 -1.0371146
42481 -0.09359217
42581 1.0111785
42681 1.9309859
42782 2.7223043
42882 2.9960585
42981 2.9831758
43082 2.8316727
43182 2.4450288
43282 1.4558144
43383 0.102692604
43467 -1.0507703
43567 -1.9484463
43667 -2.4457774
43767 -2.764938
43868 -2.7741525
43968 -2.6165137
44068 -2.2933764
44169 -1.407151
44269 0.16348362
44369 1.3567686
44469 2.3553915
44570 2.8885908
44670 3.1528301
44770 3.1180553
44870 2.9152932
44971 2.4826517
45304 -1.2172024
45405 -2.266765
45505 -2.682457
45606 -2.9875607
45705 -3.265737
45805 -3.6336148
45907 -3.1980102
46007 -2.0254283
46107 -0.5869589
46207 0.5313525
46308 1.5820541
46408 2.2633119
46507 2.7849565
46607 2.989727
46708 2.999372
46808 3.0426779
46909 2.7492318
47008 0.83681107
47109 -0.7481322
47209 -2.0311677
47310 -3.5206814
47410 -3.8528433
47510 -3.9326744
47611 -3.74996
47711 -3.0718179
47795 -2.5073016
47894 -1.4023812
47995 -0.16812229
48096 0.90792656
48196 1.9224639
48296 2.4576416
48397 2.6958976
48497 2.7559953
48597 2.6308837
48697 2.1190004
48798 0.74747515
48898 -0.57287455
48998 -1.884304
49098 -2.9426756
49199 -3.9853344
49299 -4.4714646
49399 -4.4921637
49499 -4.135605
49600 -3.234257
49700 -1.998203
49800 -0.9122114
49900 0.31959105
50001 1.5008926
50101 2.4368696
50201 2.958383
50301 3.169179
50402 3.138277
50502 2.8413582
50602 1.8715796
50703 0.50318813
50802 -0.81245804
50903 -2.179777
51003 -3.1752841
51103 -3.4006267
51204 -3.3746028
51304 -3.3253357
51404 -3.3282943
51505 -3.0491812
51604 -1.8065634
51705 -0.5881486
51806 0.544425
51906 1.4535494
52006 2.3305335
52107 2.805677
52207 2.8620405
52307 2.7649946
52407 2.2946548
52508 0.9122348
52607 -0.40755892
52708 -1.5822282
52808 -2.4588246
52908 -3.5812142
53008 -3.8555753
53109 -3.901569
53208 -3.442864
53309 -2.5434327
53409 -1.4226646
53510 -0.067801476
53610 1.0864692
53710 2.0983467
53810 2.7589774
53911 3.164775
53995 3.1830692
54095 3.003604
54195 2.54459
54296 1.9522362
54396 0.8432474
54495 -0.011454105
54813 -2.711286
54914 -2.9011538
55014 -2.861696
55114 -2.2517066
55214 -1.1286926
55314 -0.026061058
55415 1.0783186
55516 2.0546942
55615 2.668508
55715 2.9648147
55816 3.0493326
55916 2.873189
56017 2.3324647
56117 1.0099568
56217 -0.19746876
56318 -1.4512298
56418 -2.6528654
56518 -3.1276507
56602 -3.2094555
56701 -4.005101
56803 -3.2785459
56903 -2.4388127
57003 -1.3880744
57103 -0.088067055
57203 0.8681264
57304 1.8104653
57404 2.7147279
57504 3.4745913
57604 3.4521275
57705 3.3178034
57805 3.3429718
57905 2.2752738
58005 0.5134454
58106 -1.0299492
58206 -2.4609916
58306 -3.1030307
58407 -4.113534
58507 -3.9057097
58607 -3.3427167
58707 -2.6663873
58808 -1.5272541
58907 -0.3322668
59008 0.67950153
59108 1.5567336
59209 2.1596384
59308 2.610437
59409 2.610612
59509 2.478775
59610 2.1894712
59710 1.1472425
59810 -0.12459421
59910 -1.3588746
60011 -2.551815
60111 -3.362887
60211 -3.6839657
60311 -3.7210333
60412 -3.5974612
60512 -2.3096013
60612 -1.181752
60712 0.061030865
60812 1.0490522
60913 1.8677979
61014 2.7181501
61114 3.069542
61214 3.1303654
61314 3.0755062
61414 2.9249787
61515 2.6466727
61615 2.2212853
61715 0.7742715
61816 -0.7948313
61915 -1.8850188
62016 -2.6886823
62116 -3.0318985
62217 -3.066658
62317 -3.0140617
62417 -2.180855
62517 -1.1618552
62618 -0.085709095
62718 0.7896795
62801 1.644414
62902 2.5419836
63002 3.0555487
63103 3.1442404
63203 3.0873623
63302 2.8449316
63403 2.2063217
63504 1.1853671
63604 0.067518234
63704 -1.2215171
63804 -2.1328852
63904 -2.9204602
64005 -3.5908868
64105 -3.5373905
64206 -3.004054
64305 -1.9813182
64405 -0.7422781
64506 0.528357
64606 1.6592064
64707 2.608667
64807 3.263235
64907 3.395586
65007 3.372366
65108 3.1390285
65208 2.7054887
65308 1.7167535
65408 0.5197134
65509 -0.7933712
65609 -1.9767089
65709 -2.7207906
65809 -3.032739
65910 -3.1363838
66010 -3.1696732
66110 -2.6850543
66210 -1.4018528
66311 -0.30001926
66411 0.7131758
66511 1.6705728
66611 2.4064994
66711 2.6336775
66812 2.6428375
66912 2.4988265
67012 2.2457838
67113 1.1087956
67213 -0.48693419
67314 -1.1953456
67414 -2.3329158
67514 -3.2077296
67614 -3.4901109
67714 -3.5152822
67815 -3.4531865
67915 -3.030358
68015 -1.7167602
68116 -0.38146782
68216 0.7049055
68316 1.6724024
68417 2.3816972
68517 2.850955
68617 2.9431891
68718 2.9472818
68818 2.7449112
68918 2.2582374
69018 1.255496
69118 -0.060595512
69202 -1.1801631
69302 -1.9809928
69403 -2.762055
69502 -3.2585564
69603 -3.315034
69704 -3.3248963
70021 -0.8429251
70121 0.52008104
70221 1.4303908
70321 2.1936712
70422 2.587893
70522 2.6701508
70623 2.5550528
70722 2.110125
70823 1.1070242
70923 0.056937695
71023 -1.3277175
71124 -2.4499438
71224 -3.048489
71324 -3.3037279
71424 -3.6317596
71525 -3.7847886
71624 -3.5189333
71725 -1.6758265
71826 -0.7439213
71926 0.2383604
72026 1.0431833
72110 1.6278663
72210 1.9388504
72310 1.9924383
72411 1.9536185
72511 1.7924805
72611 1.1425848
72712 0.101937294
72812 -1.3193069
72912 -2.538789
73012 -3.3777814
73113 -3.5812697
73213 -3.693746
73313 -3.8101497
73412 -3.6211545
73514 -2.012689
73614 -1.1266873
73714 0.06530285
73815 1.452548
73914 2.3056688
74014 2.699285
74115 2.7915435
74215 2.647087
74316 1.9028673
74416 1.0359626
74515 0.36894894
74616 -0.88925457
74716 -2.6393833
74817 -3.5208693
74917 -3.785716
