33 2.2981796
134 2.1732025
234 1.42945
333 0.51953983
433 -0.3267126
533 -1.0226586
634 -1.6947379
735 -2.1732225
835 -2.3403258
935 -2.3417966
1034 -2.1593497
1135 -1.5469875
1235 -0.9740987
1336 -0.37606907
1435 0.13668585
1536 1.1870828
1618 1.9463401
1718 2.3175416
1818 2.3173347
1918 2.138507
2018 1.7576623
2118 1.1393142
2219 0.3706932
2320 -0.3407569
2421 -1.0744565
2521 -1.4470661
2621 -1.5863464
2721 -1.6236959
3038 0.17434359
3139 1.5256248
3239 2.3827224
3339 2.8228364
3439 2.979013
3539 3.0191584
3639 3.0229664
3739 2.2602272
3839 1.5804405
3940 0.8805404
4040 0.18282986
4140 -0.29839087
4240 -0.7623105
4340 -1.1294701
4440 -1.3378117
4541 -1.3469748
4641 -1.2064767
4741 -0.7072334
4841 0.0013127327
4941 0.9674597
5041 1.776535
5142 2.353705
5242 2.453467
5342 2.4714842
5442 2.473752
5542 1.9324517
5642 0.6230335
5742 -0.22796106
5843 -1.142364
5943 -1.503727
6043 -2.2866201
6143 -2.4588096
6243 -2.4636722
6343 -2.314659
6444 -1.902765
6544 -1.185226
6644 -0.28716135
6745 0.3496542
6845 0.8576374
6944 1.280179
7044 1.4738512
7144 1.5438662
7245 1.5405121
7345 1.4703712
7445 1.2153783
7546 0.67066526
7646 -0.18148899
8064 -1.9395342
8163 -1.8701549
8263 -1.4725113
8681 1.8999658
8781 2.208561
8881 2.181211
8981 1.819375
9081 0.84550333
9182 -0.46579695
9282 -1.3093364
9382 -1.9255462
9483 -2.2295623
9583 -2.4348085
9682 -2.3721092
9783 -1.8721602
9883 -1.1693916
9983 -0.09384251
10084 0.68264294
10184 1.1737485
10517 2.019332
10617 1.6330595
10717 0.5354042
10818 -0.20583773
10918 -0.860281
11018 -1.2474217
11118 -1.4206195
11218 -1.4287624
11318 -1.235785
11418 -0.7731323
11519 0.11175871
11619 0.96080875
11719 1.6615548
12054 2.1051254
12153 2.0710907
12253 1.7372026
12354 1.0283575
12454 0.11816883
12554 -0.48066568
12654 -0.84079933
12754 -0.9695468
12854 -0.96951723
12954 -0.84938383
13055 -0.62373495
13389 1.8393183
13489 2.1149788
13589 2.2957993
13689 2.3446236
13789 2.3406172
13889 2.1463556
13990 1.7143755
14407 -0.29399967
14507 -0.49886417
14607 -0.63977766
14707 -0.65663147
14807 -0.5311022
14908 0.12976646
15008 0.68509626
15109 1.0564942
15208 1.5003753
15308 1.7491517
15409 1.940032
15509 1.9759879
15609 1.9428282
15709 1.8010302
15809 0.9213171
15909 0.2849207
16009 -0.30511427
16110 -0.50808525
16210 -0.5696659
16310 -0.5900302
16411 -0.58689547
16511 -0.58308506
16611 -0.59917927
16710 -0.73920727
16811 -0.8659315
16912 -0.834569
17011 -0.19648218
17111 1.3178349
17212 1.8978815
17312 2.363925
17412 2.811273
17512 2.971757
17613 3.011736
17713 3.023798
17813 3.0257292
17913 2.6248007
18013 1.2160406
18109 0.3453474
18214 -0.42571783
18313 -0.9514971
18414 -1.3774025
18514 -1.7677948
18614 -1.9495864
18714 -1.9370716
18815 -1.5621209
18915 -0.1911993
19014 0.93562984
19115 1.9116998
19215 2.4283395
19316 2.7643065
19415 2.8801942
19516 2.904026
19616 2.89003
19717 2.666668
19817 1.6241441
19916 0.61534023
20017 -0.2719555
20117 -1.3707881
20433 -2.2551656
20534 -2.2304597
20634 -2.1635687
20734 -1.9975727
20834 -0.6647148
20934 1.0657578
21034 1.9108706
21135 2.3507347
21236 2.3779993
21335 2.3464494
21435 2.14108
21536 1.4328246
21636 0.36175728
21736 -0.56379414
21837 -1.2378032
21936 -1.7753742
22037 -1.9997687
22137 -2.0453618
22237 -1.9901025
22337 -0.6411967
22437 1.1304026
22538 2.0679688
22637 2.6275415
22738 2.9913864
22838 3.031393
22938 2.9815245
23038 2.9142509
23138 2.4194326
23239 1.3813353
23339 0.25170422
23439 -0.44204283
23538 -0.88611364
23639 -1.3457108
23739 -1.6119118
23839 -1.7056661
23939 -1.7017303
24040 -1.4236951
24140 0.3532009
24457 3.0049505
24557 3.2918358
24658 3.4345703
24758 3.5136442
24858 3.5082455
24958 2.9907274
25058 1.5723205
25158 -0.01790905
25259 -0.8621988
25359 -1.3073258
25459 -1.5839283
25559 -1.6653602
25659 -1.6135583
25759 -1.2659519
25859 -0.008551121
25959 1.166543
26060 2.0739737
26160 2.8601165
26260 3.2745628
26360 3.3215818
26460 3.229476
26560 3.0235176
26660 2.361724
26761 0.96787024
26861 -0.23327303
26962 -1.2106025
27061 -1.8473959
27162 -2.2076058
27261 -2.2319026
27363 -1.9438536
27462 -0.5460801
27562 0.48618126
27663 1.2953205
27763 1.6974173
27863 2.0772772
27963 2.4346976
28063 2.535678
28163 2.4848924
28264 2.105956
28364 1.2820406
28464 0.31525278
28564 -0.8506994
28664 -1.917764
28765 -2.3605697
28865 -2.4060938
28965 -2.443889
29064 -2.4078448
29165 -2.3033888
29266 -1.807687
29365 -0.44310236
29466 0.41331768
29566 1.148901
29666 1.8257933
29766 2.2121954
29866 2.2053719
29966 2.0929632
30067 1.7747726
30167 1.25382
30267 0.24646091
30367 -0.62213516
30467 -1.4604294
30567 -2.2132862
30668 -2.56357
30767 -2.9196858
30868 -2.7224584
30968 -2.3573818
31068 -1.4713008
31169 -0.12667751
31268 0.9039507
31369 1.7790718
31469 2.241332
31569 2.354432
31670 2.2804708
31770 1.8375521
31870 0.7366338
31970 -0.41277266
32070 -1.6181054
32170 -2.6960654
32271 -3.6178434
32371 -4.1232805
32471 -4.332005
32553 -4.3520164
32653 -3.7897692
32753 -2.6997094
32854 -1.5810726
32953 -0.23060322
33053 1.0927095
33153 2.1414118
33255 2.7711806
33356 3.0473757
33456 3.085474
33556 2.8307028
33656 2.1586103
33756 1.1796432
33856 8.625984E-4
33957 -0.8868332
34057 -1.5741677
34157 -2.0575943
34257 -2.4942176
34357 -2.6147442
34457 -2.4874842
34557 -1.8018665
34658 -0.54851437
34758 0.696033
34858 1.5923095
34958 2.2326422
35058 2.393959
35158 2.3726144
35258 2.1303725
35359 1.5403342
35459 0.37250185
35559 -1.0763631
35660 -2.204269
35759 -3.0012817
35859 -3.1992078
35960 -3.2628949
36060 -3.1820102
36160 -2.6802363
36260 -1.8850846
36360 -0.55813074
36460 0.5067611
36560 1.4638648
36661 2.183679
36761 2.6914062
36861 2.8431487
36961 2.6732874
37061 1.9248657
37161 0.90004206
37261 -0.47291803
37362 -1.7141559
37462 -2.7489326
37563 -3.4592638
37662 -3.9129303
37763 -3.961585
37863 -3.558813
37962 -2.504277
38064 -1.3697937
38164 -0.07495785
38264 1.2265005
38363 2.1469893
38463 2.4807868
38564 2.4959931
38664 2.187027
38764 1.4285536
38865 0.17949295
38965 -1.4035892
39065 -2.4158275
39164 -3.392796
39266 -4.1947956
39366 -4.46126
39466 -4.244989
39566 -3.40244
39665 -1.8879626
39767 -0.48122168
39866 0.8800783
39966 1.8930902
40067 2.6734161
40167 2.894803
40267 2.7069106
40367 1.6070976
40467 0.43060064
40568 -0.9659138
40667 -2.1556637
40768 -3.043594
40868 -3.3914843
40968 -3.4587808
41068 -3.3390517
41168 -2.561936
41269 -1.2859707
41368 -0.025759697
41469 1.1248426
41570 1.9009199
41670 2.6706247
41769 3.3785725
41870 3.504179
41970 2.8601112
42070 1.8146224
42171 0.5871172
42271 -0.9390092
42371 -2.0748632
42470 -3.223228
42553 -3.8276072
42654 -4.0577683
42753 -3.9422936
42853 -3.522511
42953 -2.6664405
43053 -1.47121
43155 -0.187881
43256 1.1644077
43356 2.2571793
43456 2.9076247
43556 3.085661
43656 2.9161682
43756 2.09936
43856 0.54683876
44207 -3.33364
44307 -3.769538
44407 -4.1364937
44507 -4.153119
44607 -3.8602762
44708 -3.1328278
44808 -2.6277502
45225 2.1641932
45326 2.9466257
45426 3.172758
45525 3.2424288
45626 2.9792414
45726 2.068789
45826 0.9325056
45926 -0.31887913
46027 -1.2446666
46126 -1.796967
46226 -2.083531
46327 -1.9770219
46428 -1.6003261
46527 -0.9162283
46628 0.10473347
46728 0.8733034
46828 1.4048524
46929 1.5668015
47029 1.5722733
47129 1.4637504
47228 1.1968112
47328 0.8751612
47429 0.39189672
47530 -0.13703156
47629 -0.63159084
47729 -0.78210163
47829 -0.7952509
47929 -0.37202358
48030 0.44439745
48130 1.1180544
48230 1.4590187
48331 1.6275468
48431 1.6425285
48531 1.6219153
48613 1.4871612
48713 1.1338377
48813 0.5855918
48913 -0.10596752
49013 -0.51549387
49115 -0.69944143
49215 -0.761817
49316 -0.72898436
49416 -0.4239931
49516 0.17468548
49616 0.7270136
49716 1.3629255
49816 1.6430945
49917 1.7098923
50017 1.7183824
50117 1.6146483
50217 1.3001747
50317 0.84376764
50417 0.5121975
50517 0.12434673
50618 -0.36938095
50718 -0.6398115
50818 -0.73448515
50918 -0.7601905
51018 -0.76483727
51118 -0.70875406
51218 -0.38836002
51319 0.27266598
51419 0.8978195
51519 1.2884035
51619 1.4420252
51719 1.4630799
51819 1.4097567
51919 1.2342911
52020 0.9180851
52120 0.40525103
52220 -0.20177937
52320 -1.0467384
52420 -1.450994
52520 -1.5739388
52621 -1.5660005
52721 -1.2576015
52821 -0.6183362
52921 0.04211521
53021 0.56255674
53121 1.1782255
53222 1.686183
53321 1.71346
53422 1.4619546
53522 1.0802565
53623 0.5277138
53723 -0.48954105
53823 -1.2609143
53923 -1.6932931
54023 -1.8032975
54123 -1.8395355
54224 -1.7701995
54324 -1.3106053
54424 -0.09387064
54525 0.62752724
54625 0.98955345
54725 1.1320333
54824 1.1259003
54925 1.0010834
55025 0.6114769
55125 -0.022992134
55226 -0.72015285
55325 -1.3442693
55425 -1.7781739
55526 -1.938164
55626 -1.8922706
55726 -1.5441608
55827 -0.8646374
55926 0.14508677
56027 0.68250465
56127 1.1823101
56226 1.5001311
56327 1.5039649
56427 1.2253656
56527 0.6987181
56628 -0.16440868
56728 -0.8923602
56828 -1.3856888
56928 -1.6308613
57028 -1.7389336
57129 -1.7521443
57228 -1.6351757
57329 -1.0744019
57429 -0.10139513
57529 0.40264988
57630 0.78912973
57730 1.1622639
57829 1.3510871
57930 1.3734026
58029 1.2522793
58131 0.7377043
58231 0.14606762
58330 -0.35674906
58430 -0.8971958
58513 -1.2722328
58613 -1.606524
58713 -1.7159584
58813 -1.5902119
58913 -1.1474814
59013 -0.49978065
59114 0.2730646
59215 0.9088259
59316 1.4376717
59416 1.6234345
59516 1.5772805
59616 1.3597808
59716 0.7508631
59816 -0.019639492
59917 -0.71085596
60017 -1.3385303
60351 -1.8465843
60451 -1.5142784
60551 -1.0857666
60651 -0.45277405
60751 0.35800457
60851 1.1185837
60951 1.5947738
61051 1.627635
61152 1.2528868
61252 0.63532066
61352 -0.25019646
61452 -1.2804809
61552 -1.8395748
61653 -2.001716
61753 -2.0837467
61853 -2.1135504
61953 -1.992892
62053 -1.3643188
62154 -0.7010727
62253 0.11582041
62354 0.5553818
62454 0.9430609
62554 1.2035127
62654 1.2774773
62754 1.2381582
62854 0.8915062
62954 -0.2001872
63055 -1.2131104
63155 -1.7311833
63255 -1.8217967
63355 -1.8127091
63455 -1.6881874
63555 -1.5260811
63656 -1.2441654
63756 -0.48693562
63856 0.533957
63957 1.3756776
64273 1.3513017
64374 0.97796726
64474 0.44602108
64574 -0.414752
64674 -1.1090381
64774 -1.5499225
64875 -1.7151322
65208 -1.2253482
65309 -0.3313341
65409 0.4611311
65510 1.0461607
65609 1.3448668
65710 1.3972335
65810 1.3680587
65909 1.2868361
66010 1.2419996
66111 1.1956682
66211 0.6312337
66310 -0.50757504
66411 -1.2646809
66511 -1.610321
66611 -1.6931255
66712 -1.6297734
66812 -1.2306201
66911 -0.18445921
67012 0.8163214
67112 1.5403647
67212 1.7405233
67313 1.6839418
67413 1.4531188
67512 1.0616016
67613 0.30046272
67695 -0.32756472
67795 -0.9051981
67895 -1.1890397
67995 -1.2592664
68095 -1.2375991
68195 -0.93298817
68297 -0.33967495
68681 1.050909
68781 1.0876989
68881 1.0879769
68982 1.0472193
69082 0.50794697
69182 -0.49288654
69282 -1.1227927
69382 -1.383609
69482 -1.4528153
69583 -1.3894608
69683 -1.0284417
69783 -0.18982935
69883 0.68173504
69983 1.4186602
70083 1.6694245
70183 1.7355509
70284 1.7112284
70384 1.5594878
70484 1.2947168
70584 0.85610485
70684 0.17783165
70784 -0.40655422
70884 -0.855855
70985 -1.0449975
71085 -1.0817809
71185 -0.92415094
71285 -0.36563396
71386 0.39019156
71485 0.9198413
71586 1.170577
71686 1.2251368
71786 1.2412763
71887 1.2474298
71986 1.2383046
72087 1.1103716
72187 0.7367029
72288 0.08339167
72387 -0.6971464
72487 -1.1123328
72588 -1.2501884
72688 -1.2417789
72788 -1.0691707
72888 -0.41529942
72989 0.14726305
73088 0.6418271
73188 1.0290728
73289 1.2071466
73389 1.2485461
73489 1.1937118
73589 0.96111584
73689 0.37989378
73789 -0.5569501
73890 -1.2592392
73990 -1.620935
74090 -1.7190571
74190 -1.6412692
74290 -1.2416203
74391 -0.5761633
74491 0.10765743
74590 0.5648718
74691 0.95696354
74791 1.1201034
74892 1.1754346
74992 1.1166668
