1 -3.0680864
101 -2.5064495
201 -1.4011784
301 -0.22001362
401 0.97686005
501 1.7981844
601 2.4118319
701 2.6830788
801 2.6606154
901 2.0710487
1001 0.69858027
1101 -0.51208687
1201 -1.2052276
1301 -1.9450274
1401 -2.455377
1501 -2.6150088
1601 -2.6251814
1701 -2.404369
1801 -1.5137298
1901 -0.28228998
2001 0.79274654
2101 1.857409
2201 2.567749
2301 2.922442
2401 2.9411607
2501 2.3166666
2601 0.9541745
2701 -0.4597869
2801 -1.6207016
2901 -2.2888887
3001 -2.6964958
3101 -2.7996771
3201 -2.5534227
3301 -2.1921573
3401 -0.5757313
3501 0.82282305
3601 1.7721047
3701 2.561757
3801 2.9292297
3901 2.9653673
4001 2.1840553
4101 0.8413229
4201 -0.628747
4301 -1.7557311
4401 -2.4648995
4501 -2.831307
4601 -2.8730912
4701 -2.5474908
4801 -1.5447128
4901 -0.018939018
5000 1.2185078
5101 2.1132927
5201 2.648787
5301 2.7089014
5401 2.2240572
5501 0.9088783
5601 -0.41991043
5701 -1.5126755
5801 -2.308475
5901 -2.660188
6001 -2.8084164
6101 -2.7109282
6201 -2.305301
6301 -1.1253808
6401 0.46759844
6501 1.6402779
6601 2.5102463
6701 3.030901
6801 3.1489115
6901 2.7998238
7001 1.409709
7101 0.0688467
7201 -0.91855145
7301 -1.7260056
7401 -2.2024245
7501 -2.3044283
7601 -2.2608495
7701 -1.8559499
7801 -0.7251277
7901 0.41246748
8001 1.6011682
8101 2.505334
8201 3.072031
8301 3.246066
8401 2.9027128
8501 1.8446417
8601 0.28983974
8701 -0.715168
8801 -1.5673954
8901 -2.047358
9001 -2.3904529
9101 -2.4086392
9201 -2.1087785
9301 -1.1403179
9401 0.41280842
9501 1.6492171
9601 2.724244
9701 3.1904106
9801 3.3948755
9901 3.2272615
10001 2.1583757
10101 0.63159084
10201 -0.6927495
10301 -1.6381898
10401 -2.1974177
10501 -2.4331517
10601 -2.4307308
10701 -2.2758393
10802 -1.7401128
10901 -0.48481894
11001 0.6291189
11101 1.6362967
11201 2.4445791
11301 3.114481
11401 3.426611
11501 3.4545689
11601 2.9516287
11701 1.1169176
11801 -0.22137737
11901 -1.3792756
12001 -2.3265097
12101 -2.7963502
12201 -2.7863667
12301 -2.4444306
12401 -1.7866273
12501 -1.244524
12601 -0.08559656
12701 1.0692205
12801 2.1530275
12901 2.9583359
13001 3.3186283
13101 3.3739376
13201 2.792067
13301 1.4216738
13401 -0.07342243
13501 -1.6119609
13601 -2.6827414
13701 -3.3405728
13801 -3.4736354
13901 -3.4368567
14001 -2.542031
14101 -1.1265018
14201 0.096791744
14301 1.3330226
14401 2.10423
14501 2.676805
14601 3.0589342
14701 3.0957336
14801 2.2195015
14901 0.99320745
15001 -0.3016882
15101 -1.5010319
15201 -2.5518768
15301 -3.1266358
15401 -3.6528583
15501 -3.6301665
15601 -2.969932
15701 -1.6832237
15801 -0.2545514
15901 0.89129543
16001 1.6951523
16101 2.1999826
16201 2.3814826
16301 2.266632
16401 1.5116949
16501 0.6314478
16601 -0.2714882
16701 -1.1244807
16802 -1.7770431
16901 -2.1266778
17001 -2.199313
17101 -2.2024758
17201 -2.0451043
17301 -1.3842754
17401 -0.15835285
17501 0.6555071
17601 1.234859
17701 1.6401262
17801 1.9474807
17902 2.0758805
18001 2.0636191
18101 1.7628655
18201 0.4789877
18301 -0.47758007
18401 -1.5356984
18501 -2.2659774
18601 -2.7137945
18701 -3.037573
18801 -3.0281148
18901 -2.953962
19001 -2.8424418
19101 -1.8260813
19201 -0.2569399
19301 0.8114319
19401 1.6278496
19501 2.2631326
19601 2.4665823
19701 2.5166311
19801 2.3584833
19901 1.9683533
20001 0.8038173
20101 -0.5026417
20201 -1.4057083
20301 -1.887358
20401 -2.226953
20501 -2.3599985
20601 -2.4137082
20701 -2.363657
20801 -1.7495906
20901 -0.92147255
21001 0.27727652
21101 1.0372944
21201 1.5205932
21301 1.7686853
21401 1.8704047
21501 1.8965378
21601 1.7946944
21701 1.2648268
21801 -0.1501894
21901 -1.1413212
22001 -1.5823696
22101 -2.0861125
22201 -2.2231765
22301 -2.2458768
22400 -2.243466
22501 -2.0805757
22601 -0.9309969
22701 0.2030406
22801 1.0357027
22901 1.5252862
23001 1.7152991
23101 1.7787428
23201 1.7600317
23301 1.6334028
23401 1.1365213
23501 0.008913517
23601 -1.0598457
23701 -1.6796215
23801 -2.2229888
23901 -2.3982728
24001 -2.5130308
24101 -2.5484488
24201 -2.5495825
24301 -2.3933299
24401 -1.1179276
24501 -0.20741749
24601 0.7241907
24701 1.2339473
24801 1.5474305
24901 1.7478857
25001 1.7710786
25101 1.6691475
25200 1.2020369
25301 0.026753902
25401 -0.89300346
25501 -1.6243374
25601 -2.1383958
25701 -2.5975723
25801 -2.6333978
25901 -2.6529114
26001 -2.622128
26101 -2.1318758
26200 -0.57454014
26301 0.4019146
26401 1.1791673
26502 1.5858727
26601 1.6967797
26701 1.7261682
26801 1.6875267
26901 1.3577151
27001 0.2199068
27101 -0.9612341
27202 -1.8834674
27301 -2.518469
27401 -2.9865136
27501 -3.0458426
27601 -2.9396567
27701 -2.5626464
27801 -1.4755821
27901 -0.3241129
28001 0.7166376
28101 1.4556375
28202 2.130311
28301 2.2808008
28401 2.247613
28501 2.0077195
28601 1.142417
28701 0.022562027
28801 -1.0557408
28901 -1.8292084
29001 -2.4924018
29101 -2.9943268
29202 -3.0677695
29301 -2.7533796
29401 -1.6274064
29501 -0.23395157
29601 0.95892286
29701 2.0713463
29801 2.8198533
29901 3.2304354
30001 3.3260975
30101 2.93536
30201 2.0935974
30301 0.7519922
30401 -0.26474476
30501 -1.0639198
30601 -1.8247895
30701 -2.1715426
30801 -2.3222423
30901 -2.246408
31001 -1.8233576
31101 -0.72951794
31201 0.40757465
31301 1.1506014
31401 1.7689667
31501 2.2034159
31601 2.5369987
31701 2.619104
31801 2.5238914
31901 1.8937044
32001 0.8893204
32101 -0.34568167
32201 -1.257045
32301 -1.6727576
32401 -2.1787982
32501 -2.4047399
32601 -2.49692
32701 -2.4525485
32801 -1.7317321
32901 -0.33202505
33001 0.3879366
33101 1.2790136
33201 1.683867
33301 1.9425492
33401 2.0877962
33501 2.1022515
33601 1.9738665
33701 0.73401546
33801 -0.18046093
33901 -0.97636414
34001 -1.6535218
34101 -2.1194527
34201 -2.375465
34301 -2.4817002
34401 -2.44481
34500 -2.0208669
34601 -1.1733391
34701 0.034264565
34801 0.9736824
34902 1.489408
35001 2.0114174
35101 2.3125787
35201 2.4096718
35301 2.385562
35402 2.0056229
35502 0.6507702
35601 -0.24111128
35701 -1.1334655
35801 -1.9566212
35901 -2.3724296
36001 -2.8642135
36101 -2.8274145
36200 -2.5619867
36301 -2.4028254
36401 -1.2250583
36501 -0.04823494
36601 1.0051241
36701 1.5992799
36801 2.110025
36901 2.368631
37001 2.461183
37101 2.3495688
37201 1.7955065
37301 0.54949045
37401 -0.46813154
37501 -1.4226215
37601 -2.0442882
37701 -2.297056
37801 -2.3442862
37901 -2.2985494
38001 -2.060268
38101 -0.9022589
38201 0.23787022
38302 0.9939852
38401 1.6492128
38502 2.0728097
38601 2.2319884
38701 2.2366266
38801 1.9910707
38901 1.0675898
39001 -0.089202404
39101 -0.90746975
39201 -1.7370358
39301 -2.304109
39401 -2.5691457
39501 -2.634137
39601 -2.4713645
39701 -1.9576561
39801 -0.99670506
39901 0.110812664
40001 0.89123106
40101 1.3714209
40201 1.6886749
40301 1.8846941
40401 1.9075689
40501 1.4774733
40601 0.34606838
40701 -0.47099018
40801 -1.4366844
40901 -2.200941
41001 -2.8426938
41101 -2.9602106
41201 -2.9710774
41301 -2.8769786
41401 -2.391008
41501 -0.887939
41601 0.28242636
41701 1.2522326
41801 2.0894709
41901 2.5183783
42001 2.7385378
42101 2.7763176
42201 2.70533
42301 2.3086524
42401 1.3996911
42501 0.048326015
42601 -0.77730083
42701 -1.5034568
42801 -2.2773626
42901 -2.7720885
43001 -2.8888526
43101 -2.689502
43201 -2.044119
43301 -0.45395327
43401 0.67641354
43501 1.5023165
43601 2.18542
43701 2.5083747
43801 2.632615
43901 2.510765
44001 2.0975723
44101 0.84927845
44201 -0.12375307
44301 -0.81880045
44401 -1.6941562
44501 -2.1458519
44601 -2.3301053
44701 -2.3629782
44801 -2.3249583
44901 -2.102099
45001 -1.4638748
45334 1.8584242
45433 2.339034
45533 2.647294
45633 2.7182283
45733 2.624611
45833 2.0647078
45933 0.84091806
46033 -0.18983316
46133 -1.3128479
46233 -2.023994
46333 -2.5110447
46433 -2.70932
46533 -2.6176898
46633 -2.0868964
46733 -1.014812
46833 0.15945005
46933 1.2355485
47033 2.089713
47133 2.4678688
47233 2.5292025
47333 2.3628783
47433 1.4910469
47533 0.14526176
47633 -1.0917363
47733 -2.0043504
47833 -2.709389
47933 -2.930008
48033 -2.948186
48133 -2.5796182
48233 -1.9843609
48333 -0.63384914
48433 0.3913474
48533 1.2036538
48633 1.819345
48733 2.3297753
48833 2.4834542
48933 2.3623366
49033 1.3871212
49133 -0.047472954
49233 -1.1404946
49333 -1.8228345
49433 -2.3493736
49533 -2.843936
49633 -2.9229765
49733 -2.7806225
49833 -2.2952688
49933 -1.1300006
50033 0.264256
50133 1.3371925
50233 2.2068038
50333 2.6220994
50433 2.6542382
50533 2.1349916
50633 1.1187682
50733 -0.46412373
50833 -1.3244488
50933 -2.115789
51033 -2.545321
51133 -2.816031
51233 -2.839738
51333 -2.4229703
51433 -1.2663333
51533 0.05636406
51633 1.0078039
51733 1.6748796
51833 2.2644973
51933 2.4981513
52033 2.5569396
52133 2.241108
52233 0.7536135
52333 -0.98640776
52433 -2.0249188
52533 -2.680159
52633 -2.8675046
52733 -2.9791121
52834 -2.7860818
52933 -1.4464672
53033 0.013214588
53133 1.30585
53233 2.1429582
53333 2.616571
53433 2.7243385
53533 2.3167863
53633 0.65162754
53733 -0.60195446
53833 -1.4599061
53933 -2.293303
54033 -2.900496
54133 -2.9537344
54233 -2.8786612
54333 -2.1611934
54433 -0.6837435
54533 0.4630556
54633 1.4748335
54734 2.0950918
54833 2.4149294
54933 2.4791594
55033 2.1471038
55133 1.0933981
55233 -0.36870623
55333 -1.5144031
55433 -2.5757065
55533 -2.9632044
55633 -3.1432462
55733 -3.0805337
55833 -2.7513683
55933 -1.493911
56033 -0.18560314
56133 0.92717266
56233 1.7132273
56333 2.546752
56433 2.9132485
56533 2.8685617
56633 2.3713713
56733 0.87264824
56833 -0.40399837
56933 -1.6032078
57033 -2.3679721
57133 -2.7154593
57233 -2.743422
57333 -2.4991975
57433 -1.6870766
57533 -0.30934525
57633 0.8171673
57734 1.5300775
57833 1.95439
57933 2.0527115
58033 1.901207
58133 1.1972489
58233 -0.009499073
58333 -0.90088224
58433 -1.597655
58533 -2.1371312
58633 -2.5217166
58733 -2.6052918
58833 -2.411492
58933 -1.7442384
59033 -0.3114648
59133 0.86475277
59233 1.7679052
59333 2.5318995
59433 2.8471246
59533 2.9068708
59633 2.7305946
59733 1.693799
59833 -0.010819435
59933 -1.1125381
60033 -1.9536192
60133 -2.5074039
60233 -2.6963515
60333 -2.6163487
60433 -2.1001153
60534 -0.933589
60633 0.29348612
60733 1.3054934
60833 2.2245493
60933 2.6673408
61034 2.8180456
61133 2.5871534
61233 1.8432975
61333 0.37676525
61433 -0.5610857
61533 -1.2832484
61633 -1.8863015
61733 -2.271541
61833 -2.3838737
61933 -1.9999292
62033 -0.9982033
62133 0.21727037
62233 1.3680477
62333 2.1665168
62433 2.707892
62533 2.8097467
62633 2.494748
62733 0.8779993
62833 -0.33684397
62933 -1.463717
63033 -2.235254
63133 -2.7928655
63233 -3.0121613
63333 -2.421246
63433 -1.125922
63533 0.30393124
63633 1.3495073
63733 2.3164582
63833 2.7438035
63933 2.909658
64033 2.8116083
64133 2.137567
64233 0.7594986
64333 -0.37186956
64433 -1.19431
64533 -1.9742732
64633 -2.3307314
64733 -2.3736572
64833 -2.2208865
64933 -1.3474851
65033 0.10955191
65133 1.4366655
65233 2.4550962
65333 3.1123333
65433 3.374257
65534 3.33605
65633 2.780809
65733 1.20052
65833 -0.26507187
65933 -1.4887512
66033 -2.4180698
66133 -2.9852698
66233 -3.0954309
66333 -3.0242555
66433 -2.7263389
66533 -1.3903408
66633 0.23794699
66733 1.6109557
66833 2.5429893
66933 3.0891695
67033 3.2022982
67133 3.0393467
67233 2.4691377
67333 1.1129594
67433 -0.31780148
67533 -1.4897716
67633 -2.5419044
67733 -2.9968908
67834 -3.137702
67933 -3.0275836
68033 -2.4201145
68133 -0.708364
68234 0.99508953
68333 2.207765
68433 3.0020657
68533 3.2558699
68633 3.439783
68733 3.2286577
68833 1.4184318
68933 -0.26886606
69034 -1.4083569
69133 -2.2173822
69233 -2.9745934
69333 -3.156402
69433 -2.5515273
69533 -1.9380343
69633 -0.14240646
69733 1.5096827
69833 2.5002236
69933 3.2166634
70033 3.64151
70133 3.5056238
70233 2.63069
70333 1.0077891
70433 -0.7063608
70533 -1.7273679
70633 -2.4746966
70733 -3.0950842
70833 -3.3354251
70933 -3.273025
71033 -2.091546
71133 -0.5897651
71233 0.84203005
71333 1.9023771
71433 2.718525
71533 3.2333088
71633 3.4703226
71733 2.968357
71834 1.7565675
71933 0.09582186
72033 -1.1025577
72133 -2.1477938
72233 -2.910786
72333 -3.4849443
72433 -3.5352058
72533 -3.218004
72633 -1.6335988
72733 -0.10127163
72833 1.2357163
72933 2.732061
73033 3.3657026
73133 3.5847473
73233 3.6072416
73333 3.119626
73433 2.0175185
73533 0.7278228
73633 -0.61643887
73733 -1.5488999
73833 -2.1858726
73933 -2.3884907
74033 -2.3135316
74133 -1.4057736
74233 -0.22425365
74333 1.0286884
74433 2.0744262
74533 2.7525873
74633 3.2545633
74733 3.3045874
74833 2.8909674
74933 1.6161284
