14 -3.6188707
115 -2.2811465
215 -0.7917228
315 0.5280771
415 1.793055
516 2.605301
617 2.871396
717 2.1211615
816 0.4225731
916 -1.0652924
1017 -2.4604788
1117 -3.4956005
1218 -3.6954432
1316 -3.3308148
1417 -1.7817912
1517 -0.2406888
1617 1.0978956
1717 2.1500955
1817 2.9256997
1918 3.5013905
2018 3.1653423
2118 2.5490723
2218 0.5662699
2319 -0.77739334
2418 -2.0175855
2518 -2.8349092
2619 -2.798444
2703 -1.648601
2802 0.07072258
2903 1.5926657
3003 2.7280984
3103 3.6173506
3203 3.8062525
3303 2.9016342
3403 1.4299073
3503 -0.029925346
3604 -1.284905
3704 -2.374114
3804 -3.2250328
3904 -3.5928109
4005 -3.4780176
4104 -2.1573083
4205 -0.5583577
4305 0.8725791
4405 2.03118
4505 3.0125113
4606 3.4501371
4706 3.2840166
4806 1.8404427
4906 0.18652487
5006 -1.2641435
5106 -2.3828292
5206 -3.2398295
5309 -3.6191626
5409 -3.6555548
5509 -3.1005425
5609 -1.0514183
5707 0.8690691
5808 2.4120955
5908 3.5371304
6008 3.804696
6108 3.2490063
6208 1.6100626
6311 -0.07313919
6408 -1.5648894
6511 -2.6585665
6609 -3.4331563
6711 -3.6226978
6811 -3.2000961
6911 -1.3438087
7011 0.7457795
7111 1.957334
7211 3.0892315
7311 3.8959217
7411 3.7326927
7511 2.5612707
7611 1.0069909
7711 -0.4447918
7811 -1.879569
7911 -2.8337567
8012 -3.4947772
8111 -3.7344196
8212 -3.6557002
8312 -1.942189
8413 -0.013157368
8512 1.4723625
8613 2.536049
8713 3.2154045
8813 3.313799
8913 2.5272837
9013 0.92462873
9114 -0.44389248
9215 -1.4582133
9315 -2.7424517
9414 -3.4248798
9514 -3.3309388
9614 -1.9942105
9714 -0.54155684
9815 0.6573963
9915 1.4887171
10015 2.3704576
10115 3.21982
10216 3.4354753
10317 2.7004557
10416 0.97307444
10516 -0.57371616
10616 -1.5602183
10716 -2.4011962
10816 -2.9188888
10916 -2.989294
11017 -2.116445
11117 -0.43980503
11217 1.0976305
11317 2.3080854
11418 3.548005
11519 4.2189703
11618 3.9019327
11718 2.9093833
11817 0.9566288
11918 -0.55201006
12018 -1.859056
12118 -3.1121974
12219 -3.899582
12319 -3.8635645
12418 -3.3353412
12503 -2.3439896
12603 -0.7935457
12703 0.86597776
12803 2.0178366
12903 3.1803055
13003 3.8407316
13103 3.738492
13203 2.6227636
13304 0.594327
13404 -1.0603554
13504 -2.302547
13604 -3.3964756
13704 -4.412367
13804 -4.1935644
13905 -3.1066349
14005 -0.9337144
14105 0.8725233
14205 2.3255625
14305 3.4048147
14405 4.067012
14505 4.2133236
14606 3.063757
14706 1.4839988
14806 0.088347435
14906 -0.933836
15006 -1.8491187
15109 -2.8238943
15209 -3.5034392
15309 -3.331564
15409 -1.9681797
15509 -0.014499664
15609 1.6514983
15707 2.765461
15808 3.9090338
15908 4.2736053
16008 4.30929
16109 3.9118643
16208 3.042779
16309 2.142305
16412 0.46664524
16511 -0.78902483
16612 -1.7945652
16709 -2.387883
16809 -2.9874778
16910 -2.9164836
17010 -2.843001
17110 -2.0675786
17210 -0.85604477
17310 0.57473373
17411 1.852633
17511 2.983181
17611 3.5603962
17711 3.6619358
17811 3.286481
17911 2.4910002
18011 1.3028593
18114 -0.19480276
18214 -1.2499707
18314 -2.1075406
18414 -2.9433613
18514 -3.3488832
18615 -3.434519
18713 -2.8166568
18813 -1.7347655
18913 -0.56480885
19013 0.5283232
19113 1.785624
19214 2.993041
19314 3.315381
19415 3.1652699
19514 2.609282
19614 1.6826186
19714 0.39101267
19816 -0.9297247
19915 -2.3794236
20015 -3.1274736
20115 -3.610322
20215 -3.5943146
20317 -2.7090447
20415 -1.2319355
20516 0.11218786
20616 1.4701986
20717 2.5156121
20816 3.268385
20916 3.54537
21018 3.5928068
21118 3.0646276
21217 2.0380049
21317 1.0119743
21417 -0.023929596
21517 -1.3049111
21617 -2.646111
21718 -3.609807
21818 -3.9438682
21919 -4.3164616
22019 -4.0486407
22118 -3.4929638
22219 -2.8764489
22319 -1.75998
22420 -0.59766865
22519 0.81041956
22603 1.8039756
22703 2.9088645
22803 3.34838
22903 3.5013218
23003 3.5255995
23104 3.3966846
23204 2.9117408
23304 2.022181
23404 0.890255
23504 -0.2783184
23604 -1.5786464
23705 -2.4804285
23805 -3.071745
23904 -3.22981
24224 -1.1201687
24323 0.31957388
24422 1.426094
24523 2.4626617
24623 3.2991276
24726 3.725665
24823 3.6139507
24926 2.9260392
25025 1.5903268
25126 0.82826614
25225 0.14687967
25325 -0.74341345
25426 -1.7463679
25525 -2.5772564
25625 -3.15263
25725 -3.417762
25825 -3.2622168
25925 -2.9796355
26025 -2.0191708
26125 -0.8226743
26226 0.4584551
26325 1.5866432
26428 2.6291747
26528 3.2863665
26628 3.451315
26726 3.4203215
26826 2.8908858
26927 1.8900976
27027 0.7478385
27127 -0.32740784
27229 -1.4104583
27328 -2.379722
27427 -3.1288037
27528 -3.561254
27628 -3.6997085
27728 -3.1918921
27829 -2.2886147
27928 -1.1415329
28028 -0.057317257
28129 0.99976635
28229 2.1774764
28331 3.140768
28430 3.3533192
28530 3.0356255
28629 2.6027808
28730 1.8507042
28830 0.879817
28930 -0.021343231
29030 -1.3890731
29130 -2.4824688
29231 -3.175626
29331 -3.2450051
29431 -2.4316907
29533 -1.1615703
29631 0.33950567
29731 1.7142916
29831 2.7656813
29932 3.4990625
30032 3.6629505
30132 3.2738895
30232 1.992238
30332 0.56710005
30433 -0.790555
30533 -1.9930892
30633 -2.9483678
30717 -3.3359106
30817 -3.6142714
30917 -3.5474079
31017 -2.722556
31117 -1.1877925
31216 0.34913254
31317 1.6060762
31418 2.5275679
31518 3.0565557
31618 3.016636
31718 2.1037726
31818 1.1231117
31918 -0.09416485
32019 -1.0025127
32119 -1.8105545
32219 -2.6937335
32319 -3.292851
32419 -3.4211133
32519 -3.304817
32619 -2.931336
32720 -2.08736
32820 -1.0493298
32920 -0.09761429
33020 1.126399
33120 1.9532738
33220 2.498155
33323 2.9320831
33423 3.003378
33523 2.9031
33623 2.436164
33722 1.3022552
33822 2.603531E-4
33922 -1.4063015
34022 -2.5178487
34121 -3.3192174
34222 -3.9527426
34325 -3.882439
34423 -3.3364468
34522 -2.7767403
34625 -1.7010505
34725 -0.5061593
34825 1.0065236
34925 2.3032236
35025 3.1642475
35125 3.6017857
35225 3.6790457
35326 3.236598
35426 2.1110702
35526 0.39815283
35626 -1.0768554
35725 -2.377561
35825 -3.088015
35925 -3.7573338
36025 -3.6017003
36128 -3.255833
36228 -2.4412239
36326 -1.2951789
36428 0.35038328
36528 1.9358354
36628 3.2471027
36727 3.9481878
36827 3.8492956
36927 2.9683962
37027 1.6045852
37127 0.18995953
37227 -1.0743191
37327 -2.116319
37428 -2.7786565
37528 -2.968828
37628 -2.788078
37728 -2.2188067
37828 -1.2957199
37929 -0.075537205
38029 1.3265386
38129 2.6331382
38229 3.7375298
38329 4.5145655
38429 4.7526913
38529 4.3392925
38629 3.251361
38730 1.5854249
38830 0.08146
38930 -1.4047227
39032 -2.6306431
39131 -3.7473116
39231 -4.78299
39331 -4.6676197
39431 -4.06594
39532 -3.1121678
39631 -1.9553978
39732 -0.42088842
39832 0.92023134
39932 2.2676177
40032 3.4021854
40132 3.9798927
40232 4.1894484
40333 3.9746761
40433 2.3713808
40533 0.8100753
40617 -0.33979368
40717 -1.1577697
40817 -1.9913542
40917 -2.5768855
41017 -2.8912485
41116 -2.9367042
41217 -2.8135664
41318 -2.4452384
41418 -1.2233455
41518 -0.13294554
41618 1.1008983
41718 2.1197867
41818 2.796534
41919 3.3717022
42019 3.5284147
42119 3.4731464
42219 2.8333077
42319 1.9313111
42419 1.0748925
42520 0.16234875
42620 -0.917891
42720 -1.731313
42820 -2.3127885
42920 -2.4917877
43020 -2.2932234
43123 -1.321315
43223 -0.34065533
43323 0.64601135
43423 1.60953
43524 2.4463682
43623 3.0982933
43721 3.5883236
43822 3.704173
43922 3.377864
44022 2.3484054
44122 1.0192823
44223 -0.29156494
44325 -1.7481403
44423 -2.6200051
44525 -2.8334706
44623 -2.420878
44723 -1.4834564
44823 -0.22474861
44923 1.1474566
45275 3.9490528
45374 3.863531
45475 3.275384
45576 2.5910978
45676 1.359343
45775 0.0073900223
45875 -1.404953
45976 -2.4361844
46076 -2.9848828
46176 -3.018882
46276 -1.9543848
46376 -0.42184544
46476 1.2532091
46577 2.5069528
46677 3.2980328
46777 3.7921534
46878 3.234908
46977 1.7261686
47077 0.013476372
47177 -1.7931411
47277 -3.009132
47378 -3.5693924
47462 -3.476397
47562 -2.1861575
47661 -0.41159964
47762 1.302484
47862 2.9617434
47962 4.505249
48062 4.6805706
48163 3.6987839
48262 1.5646539
48363 -0.9175353
48463 -2.4315143
48563 -2.949595
48663 -2.996015
48763 -2.4016004
48864 -0.24782515
48964 1.4750366
49064 2.6990328
49164 2.9772406
49264 1.919754
49364 0.30062914
49465 -1.3476608
49565 -2.2362285
49665 -2.745976
49765 -2.7007613
49865 -1.9847441
49965 -0.65853596
50068 0.3976035
50168 1.7130761
50268 2.7504854
50368 3.4583874
50468 3.4015465
50568 2.3202958
50668 1.1912174
50767 0.121815205
50867 -0.5478468
50967 -1.1399276
51067 -1.864428
51170 -2.443353
51270 -2.218253
51371 -0.9288101
51471 0.5219765
51570 1.7587905
51670 2.5507545
51768 3.0866833
51869 2.9223557
51969 1.7144957
52069 0.34343386
52169 -0.6705332
52270 -1.7383256
52370 -3.0795798
52470 -3.6348484
52570 -3.7407348
52670 -3.202372
52771 -2.3285298
52871 -0.39848423
52971 1.1075115
53070 2.4049606
53171 3.301794
53271 3.6332378
53371 2.826171
53471 1.5173349
53571 0.09228182
53671 -1.3119569
53772 -2.4440045
53873 -3.0791955
53973 -3.1417482
54073 -2.3265376
54172 -0.74416256
54272 1.0159798
54373 2.2956667
54474 3.272111
54573 3.800477
54673 3.5992203
54773 2.262548
54874 0.66764736
54974 -0.409945
55075 -1.5056355
55175 -2.2801478
55275 -2.506648
55374 -2.590492
55475 -1.8356614
55575 -0.29622793
55675 1.252347
55775 2.479364
55876 3.5240917
55976 3.9452915
56076 3.7109137
56175 2.5604315
56276 0.95140266
56377 -0.43911505
56476 -1.6877391
56576 -2.669371
56677 -2.93967
56777 -2.5560825
56877 -1.5035977
56978 -0.16634607
57078 1.0415406
57178 1.9860139
57262 2.626172
57362 3.1332626
57462 3.4080782
57562 3.184783
57662 2.0125046
57762 0.86550045
57862 -0.2481618
57963 -1.2588611
58063 -2.0444264
58162 -2.459865
58263 -2.4047387
58363 -1.7740684
58463 -0.53293705
58563 0.86113834
58664 1.8105636
58764 2.492682
58864 2.8407679
58964 2.9007978
59064 2.2136145
59164 0.3732214
59264 -1.3128695
59364 -2.2813516
59465 -2.7957208
59565 -2.813967
59665 -2.853593
59765 -2.4940126
59868 -0.8835573
59968 0.52599716
60068 1.8367109
60168 2.7490525
60268 3.4198608
60367 3.3435755
60468 2.188962
60567 0.25147104
60667 -0.9399233
60767 -1.9261107
61086 -3.157977
61184 -1.9929309
61285 -0.17514706
61385 0.88069487
61485 1.9013343
61585 2.2186265
61686 2.8463984
61785 3.0038366
61886 2.0042076
61986 0.13513565
62086 -1.4893253
62186 -2.736998
62287 -3.0005245
62388 -3.0390782
62487 -3.0454044
62587 -2.195641
62687 -0.49953127
62787 0.9222264
62887 2.0248504
62987 2.7896972
63088 2.9908662
63187 2.0121818
63288 0.07930136
63388 -1.4755044
63489 -2.5746999
63590 -3.2677689
63689 -3.2038245
63789 -3.2031329
63889 -3.1758945
63989 -0.7271776
64089 1.0346794
64190 2.4701157
64290 3.1661205
64390 3.745407
64490 3.2637806
64591 1.2036071
64690 -0.6420927
64790 -2.395233
64892 -3.072619
64992 -3.2950242
65092 -3.4152057
65191 -3.326498
65291 -1.9201648
65391 -0.43781805
65492 0.88722897
65592 2.1363626
65692 2.8697104
65792 3.0985174
65892 1.8470831
65992 -0.11731529
66093 -0.8562021
66194 -2.092772
66277 -2.6708016
66377 -2.6784568
66477 -2.580904
66577 -2.569792
66677 -0.045190334
66777 1.5257654
66877 2.505334
66978 3.5235577
67078 4.365904
67178 4.511833
67278 3.7848034
67378 2.3523507
67479 0.59800625
67579 -0.8081312
67678 -2.1775901
67779 -2.8120844
67879 -2.7457693
67979 -1.9520898
68079 -0.08273125
68179 1.8242822
68283 2.913272
68383 3.7710886
68483 3.6726284
68583 2.1397796
68680 0.37575436
68781 -1.3110168
68881 -2.4464192
68981 -3.2675982
69081 -3.5229876
69181 -3.2435937
69281 -2.0984216
69382 -0.38455677
69482 1.1246195
69583 2.293888
69682 3.3390303
69785 3.7104874
69882 2.6513581
69983 1.0549164
70085 -0.5967369
70185 -1.7064004
70285 -2.4213526
70385 -2.6654468
70485 -2.261166
70584 -1.7425232
70685 -0.2893424
70785 0.99265814
70884 2.2110772
70985 3.2455816
71084 4.0745487
71185 4.098859
71288 2.4419298
71385 0.65643406
71485 -0.78737116
71585 -1.7280712
71688 -2.5122075
71786 -2.6567984
71886 -2.1290202
71987 -1.068676
72086 -0.097813606
72186 1.2453861
72286 2.2401452
72386 3.0997448
72486 3.4090395
72587 3.160304
72687 1.985919
72787 0.50910234
72888 -0.9255538
72988 -2.1412382
73088 -2.8173668
73189 -2.825645
73290 -2.6841435
73389 -1.0170155
73491 0.33933973
73589 1.3758078
73689 2.2771235
73789 3.2672186
73889 3.6406775
73989 3.137597
74090 1.6180353
74190 -0.0644393
74292 -1.2847791
74391 -2.1686034
74491 -2.5734315
74590 -2.6648097
74691 -2.492609
74791 -0.9816351
74891 1.0106096
74991 2.9335837
