11 4.051461
111 4.061466
212 3.8761044
311 3.2380762
412 2.2418718
512 1.1915827
612 0.25769854
712 -0.58920765
812 -1.3475385
913 -1.8351927
1013 -1.9137213
1113 -1.7849472
1213 -1.2026153
1314 -0.44770098
1414 0.6164479
1514 1.3207264
1613 2.1620264
1714 2.6525621
1814 2.8306704
1914 2.8546867
2014 2.6087313
2115 2.0547066
2216 1.2739096
2314 0.41535282
2415 -0.8840337
2515 -1.7075653
2616 -2.3348067
2715 -2.5667727
2816 -2.4965005
2916 -2.1671796
3016 -1.4098148
3117 -0.6613364
3216 0.20626926
3318 1.1104765
3417 1.7141771
3517 2.3152885
3617 2.805808
3717 3.0812225
3817 3.2736712
3917 3.3736029
4017 3.404889
4118 3.212309
4219 2.3919501
4317 1.5067186
4419 0.35224056
4518 -0.65627
4618 -1.4748058
4719 -2.111311
4819 -2.5854065
4919 -2.693617
5019 -2.663978
5121 -2.3475227
5220 -1.3532741
5320 -0.4631319
5420 0.3788643
5521 1.0137582
5620 1.54004
5721 1.9468207
5821 2.3080611
5920 2.5189528
6020 2.6316705
6121 2.632492
6204 2.5488267
6305 2.144908
6405 1.244462
6506 0.21127033
6606 -0.71396923
6705 -1.5763836
6806 -2.1885161
6906 -2.5850005
7006 -2.8716755
7106 -2.8446229
7206 -2.8355207
7306 -2.6817708
7407 -1.9920678
7507 -0.8393469
7607 -0.0553751
7707 0.6361265
7808 1.2141609
7908 1.6942091
8008 2.0463915
8107 2.2698164
8209 2.4337616
8308 2.4905663
8408 2.4083314
8508 2.0572915
8609 1.3947749
8709 0.5061755
8809 -0.35219955
8909 -1.0934987
9010 -1.9425712
9109 -2.6096175
9209 -3.0491104
9311 -3.285648
9410 -3.3372293
9510 -3.2108052
9610 -3.080389
9711 -2.5532415
9810 -1.3996673
9910 -0.57145023
10011 0.17731762
10111 0.78365755
10213 1.287744
10312 1.6573434
10695 2.6895652
10795 2.7505531
10898 2.6084328
10996 1.8869085
11096 0.16373539
11197 -0.64392185
11297 -1.4704347
11396 -2.3294818
11496 -2.9837945
11597 -3.284155
11697 -3.4981327
11798 -3.3565052
11897 -2.8794823
11998 -1.5420258
12097 -0.42361784
12199 0.7950926
12298 1.6392975
12398 2.3004837
12498 2.930163
12732 3.5725498
12816 3.5881395
12918 3.4514942
13033 2.5376577
13117 1.6661224
13216 0.6223202
13317 -0.6655135
13416 -1.8746328
13517 -2.8743763
13616 -3.2597184
13717 -3.621731
13817 -3.4056933
13918 -2.7492375
14018 -1.5703697
14119 -0.6003237
14219 0.3449726
14319 1.1888323
14419 1.8358903
14518 2.4143896
14619 2.8584242
14719 3.1469688
14819 3.2891092
14918 3.3357086
15019 3.1956768
15120 2.569583
15220 1.7137337
15321 0.7869358
15420 -0.19787264
15520 -1.0707271
15620 -1.8857226
15721 -2.4499888
15820 -3.0014129
15920 -3.109261
16021 -3.0839515
16121 -2.785105
16222 -2.180101
16321 -1.4687843
16422 -0.53423166
16521 0.391057
16622 1.1514673
16722 1.8362603
16823 2.2517648
16922 2.5546775
17022 2.7542381
17124 2.8308463
17223 2.6967745
17323 2.1352334
17423 1.0284758
17523 0.2009244
17624 -0.70979214
17724 -1.5021789
17823 -2.1635337
17923 -2.6368442
18025 -2.862726
18125 -3.0578873
18224 -3.0102577
18325 -2.655206
18425 -1.9480975
18525 -1.0149009
18625 -0.030043125
18725 0.88560724
18826 1.523776
18925 2.0220566
19025 2.2883239
19126 2.461885
19227 2.4924898
19327 2.4662619
19426 2.2798119
19526 1.2536569
19627 0.10165644
19727 -1.0140889
19826 -1.8771186
19928 -2.7052193
20027 -3.1760263
20127 -3.3235648
20227 -3.3530736
20328 -3.0727544
20428 -2.5168402
20528 -1.8863547
20629 -1.0722344
20729 -0.23239899
20828 0.5073228
20928 1.231349
21030 1.8433313
21130 2.2028694
21229 2.351808
21330 2.3772683
21430 2.3784075
21530 2.2435722
21630 1.583106
21730 0.19658422
21830 -1.2378135
21931 -2.325725
22031 -3.2758608
22132 -3.7453523
22231 -3.8451457
22331 -3.695675
22432 -3.1234972
22531 -2.3071253
22631 -1.3595881
22716 -0.5638685
22832 0.41001654
22916 1.1064363
23017 1.8869033
23117 2.3059335
23217 2.5342927
23316 2.5628233
23416 2.3551598
23517 1.8096209
23616 0.6666298
23717 -0.24669456
23818 -1.3380566
23918 -2.4211109
24019 -3.163341
24117 -3.5023525
24219 -3.6451821
24318 -3.6524012
24419 -3.3042188
24519 -2.6620793
24618 -1.8679025
24719 -0.9324193
24819 -0.06833935
24920 0.80339336
25020 1.5727906
25121 2.0554876
25220 2.3277297
25320 2.3998046
25420 2.3835387
25520 2.2374787
25620 1.7210922
25721 1.0146341
25820 0.23439407
25920 -0.58316135
26022 -1.6067195
26121 -2.6459436
26225 -3.2046587
26321 -3.6428518
26421 -3.704408
26521 -3.6673062
26622 -3.6008105
26723 -3.3729823
26822 -2.7943254
26923 -1.8767023
27023 -0.9342356
27123 -0.12002468
27223 0.5725312
27323 0.9962101
27423 1.3907199
27523 1.6341414
27624 1.7212477
27723 1.7279968
27825 1.7251639
27923 1.7139258
28025 1.7121544
28124 1.7108355
28225 1.6956697
28324 1.040803
28425 -0.4454794
28525 -1.9991794
28625 -2.972401
28725 -3.7360647
28825 -4.1851
28926 -4.523271
29025 -4.6615915
29126 -4.6013637
29225 -4.451379
29326 -4.2457886
29426 -3.3374918
29526 -2.4462876
29626 -1.3507614
29727 -0.50697756
29828 0.283751
29927 0.8245249
30029 1.1791697
30127 1.366931
30228 1.4183059
30327 1.4233522
30428 1.4217477
30528 1.3839817
30628 1.1140571
30728 -0.11811066
30828 -1.461204
30929 -2.758843
31030 -3.6263828
31129 -3.9472444
31230 -4.0296955
31330 -4.0502796
31430 -4.044354
31530 -3.9910705
31629 -3.077709
31730 -2.1076493
31832 -0.9812951
31931 0.053791523
32031 0.84344006
32131 1.3703165
32231 1.657589
32331 1.7474389
32431 1.6909614
32531 1.5066757
32631 1.1749077
32731 0.48601675
32832 -0.5975661
32932 -1.7318091
33033 -3.0585074
33133 -3.8284469
33232 -3.9699214
33333 -3.9966984
33433 -3.9301853
33533 -3.845662
33632 -3.2977757
33733 -2.416325
33818 -1.6195004
33918 -0.53776264
34018 0.30079746
34118 1.1145296
34218 1.653245
34317 1.94209
34418 2.0150404
34518 1.97716
34619 1.8011637
34719 1.4701438
34818 1.0950928
34919 0.26680422
35020 -0.60834455
35120 -1.487355
35219 -2.2396123
35319 -2.849096
35419 -3.2109976
35520 -3.3544571
35620 -3.3261547
35720 -3.2116137
35822 -2.8144841
35920 -1.944639
36022 -0.7215929
36121 0.31886578
36222 1.106832
36321 1.7476206
36421 2.1532183
36523 2.4070215
36622 2.4847908
36722 2.5003524
36822 2.432252
36923 2.1110282
37023 1.242363
37123 0.2987647
37223 -0.6722851
37323 -1.714386
37423 -2.7209628
37524 -3.3402731
37623 -3.9784715
37723 -4.443764
37825 -4.62906
37924 -4.5458183
38024 -4.1857805
38124 -3.2920392
38224 -2.1565216
38324 -0.7373347
38425 0.42591
38525 1.4016657
38625 1.9314146
38725 2.1945992
38825 2.2646856
38925 2.266986
39025 2.1824708
39126 1.8538346
39226 1.1507373
39326 0.20792007
39426 -0.8266363
39527 -1.8903527
39626 -2.932171
39727 -3.6141508
39828 -4.068887
39928 -4.375913
40028 -4.463311
40128 -4.339027
40228 -3.9903097
40328 -3.3212173
40428 -2.3853266
40528 -1.288615
40629 -0.4261384
40733 0.3981619
40828 1.1731572
40929 1.8825722
41029 2.3554296
41129 2.5200033
41229 2.5634284
41329 2.5612435
41429 2.5509515
41530 2.5234513
41630 2.4488463
41731 1.8948951
41831 0.46491718
41931 -0.91135836
42030 -2.1920152
42131 -3.2146032
42230 -3.7866313
42331 -4.4893484
42431 -4.4291067
42531 -4.3260517
42631 -3.940573
42733 -3.1238358
42832 -2.11178
42932 -0.91265345
43032 0.15429497
43132 1.0373359
43232 2.0059028
43333 2.275382
43432 2.3901
43533 2.3392968
43632 1.9062805
43733 1.0274715
43833 -0.21208048
43934 -1.3592484
44034 -2.5901103
44134 -3.5532987
44234 -3.8918736
44334 -3.999848
44434 -3.9726613
44534 -3.8727188
44634 -3.1489842
44735 -1.811585
44836 -0.40460682
44920 0.55754566
45019 1.6939301
45286 3.2843943
45386 3.396452
45485 3.328226
45586 3.0591822
45687 2.5566187
45787 1.876584
45887 1.0075788
45987 0.06656647
46087 -1.016695
46187 -2.0389924
46437 -4.0358686
46538 -4.0718546
46638 -3.8698847
46739 -2.471093
46838 -1.0294659
46940 0.42389393
47039 1.5525589
47138 2.0945024
47223 2.264502
47339 2.229745
47439 1.9098635
47540 0.98713875
47625 -0.22364283
47723 -1.4038379
47824 -2.6118715
47941 -3.3279986
48024 -3.3886476
48124 -3.0053945
48224 -2.0652575
48324 -0.6410656
48424 0.52740574
48527 1.5346246
48625 2.160428
48725 2.6790075
48824 2.9393158
48926 2.8776908
49025 2.4748168
49126 1.6961355
49226 0.29079723
49326 -0.98499393
49427 -2.3637316
49526 -3.4199982
49629 -4.03856
49726 -4.3629584
49827 -4.3086734
49927 -3.8612542
50028 -2.9147792
50128 -1.2392445
50228 0.11911869
50328 1.4334884
50429 2.348487
50529 3.0255575
50628 3.1750135
50729 3.1940708
50828 2.9807596
50929 2.397204
51029 1.475563
51129 0.31705666
51229 -1.1225235
51329 -2.3341067
51429 -3.2218213
51530 -3.612917
51629 -3.708466
51730 -3.2568574
51830 -2.0274527
51930 -0.68051434
52031 0.6818528
52131 1.7932272
52231 2.4452744
52331 2.68852
52431 2.4209452
52531 1.3112321
52631 -0.06631422
52732 -1.5643764
52831 -2.5227354
52932 -2.773395
53032 -2.0243468
53132 -1.0162215
53232 0.038643837
53333 0.91870785
53433 1.5769744
53533 1.6239557
53635 0.99748516
53733 -0.22180796
53834 -1.3923917
53934 -2.1624327
54033 -2.3745704
54133 -2.1796079
54234 -0.8743224
54334 0.4964614
54434 1.6105714
54535 2.499106
54635 2.9276643
54736 3.1180267
54834 2.9585419
54935 1.7307053
55036 -0.119069576
55135 -1.5078564
55235 -2.747693
55336 -3.0941527
55436 -2.5705152
55537 -0.81838703
55638 1.5256615
55736 3.059039
55837 3.6779175
55937 3.369172
56037 2.392768
56137 1.0992761
56238 0.01563263
56338 -1.1954474
56438 -2.0737917
56539 -2.7717717
56638 -2.968692
56738 -3.0151527
56838 -2.711516
56939 -1.8971696
57039 -0.19475842
57139 0.9859295
57238 1.9265547
57339 2.3286223
57439 2.4134483
57540 2.1753082
57639 1.4930062
57740 0.38474846
57841 -1.2509663
57940 -2.3864853
58041 -3.0487986
58140 -3.3141277
58240 -3.196282
58341 -2.4922671
58440 -0.987494
58541 0.7381196
58641 2.0078683
58743 3.1005573
58842 3.5849924
58942 3.5796556
59042 3.031209
59126 1.947422
59226 0.5210991
59343 -1.4760303
59426 -2.3886425
59526 -3.3960905
59628 -3.7291434
59726 -3.4493706
59826 -2.670369
59926 -1.2075036
60027 0.41086292
60127 2.0368042
60227 3.1322107
60327 3.7200203
60428 3.7565575
60529 2.9572015
60627 1.6497407
60845 -2.2172048
60945 -3.3631296
61046 -3.759195
61146 -3.7224991
61246 -3.117238
61346 -1.8319125
61446 -0.31928825
61546 1.0991507
61647 2.091136
61746 2.9333868
61847 3.6030922
61946 3.8223333
62047 3.6848516
62146 3.0061712
62247 1.6669207
62347 0.25519562
62447 -1.0930474
62548 -2.5327587
62647 -3.4687338
62748 -3.9296424
62848 -3.8000507
62948 -2.9262621
63048 -1.7765756
63149 0.12859869
63249 1.7664323
63349 3.0939608
63449 4.0675297
63550 4.4752865
63651 4.342596
63750 3.5333452
63850 2.078126
63949 0.71779966
64050 -0.942492
64150 -2.3179517
64250 -3.3755164
64351 -3.4834118
64450 -2.4969404
64551 -0.73418045
64651 0.84658384
64752 2.335607
64852 2.9522448
64951 2.9303803
65052 2.2177596
65152 1.0741572
65252 -0.5829587
65353 -1.9864202
65452 -2.8673482
65553 -3.0512683
65652 -2.8238502
65753 -1.3247299
65854 0.24340343
65953 1.6404266
66054 2.7577796
66153 3.3904963
66254 3.375021
66354 2.4858856
66454 1.1721873
66555 -0.55775785
66654 -2.0816617
66757 -2.8446126
66855 -3.7681541
66955 -3.8185563
67055 -2.7551045
67155 -1.7183175
67256 -0.15985584
67356 1.185113
67455 2.3840837
67555 3.1566086
67657 3.1789951
67756 2.1925669
67857 0.7569742
67956 -0.6186118
68057 -2.0370374
68157 -2.9103713
68258 -3.6950378
68357 -3.6094449
68457 -3.7726822
68557 -2.838673
68658 -0.10848904
68758 1.7382317
68858 2.8526459
68943 3.4319916
69042 3.38721
69159 2.2812796
69242 1.0001683
69342 -0.37623787
69442 -2.0134466
69543 -2.9547946
69644 -3.445559
69742 -3.0879893
69843 -2.7691252
69943 -1.139091
70043 0.7044678
70144 2.2997031
70244 3.3581142
70343 3.6506367
70444 2.9486222
70545 1.5203285
70644 -0.1826315
70747 -2.0406532
70845 -2.8746889
70945 -3.0828805
71044 -2.4472501
71146 -1.0367463
71246 0.8465204
71345 2.307547
71447 3.5060663
71546 3.6821404
71647 2.6526504
71746 1.2450724
71847 -0.7135372
71947 -2.2858825
72047 -3.1745834
72148 -3.4516635
72247 -2.748219
72347 -1.9484715
72448 -0.5127516
72549 0.8134146
72648 1.7142992
72747 2.3125067
72848 2.3224564
72948 1.389813
73048 -0.088583946
73148 -1.4576116
73249 -2.7646255
73349 -3.2489245
73451 -3.299022
73549 -2.827288
73651 -1.7117145
73749 -0.071547985
73850 1.2725363
73951 2.3997169
74050 3.2149372
74150 3.2514029
74251 2.4338737
74350 1.0912013
74450 -0.4052143
74552 -1.9774268
74651 -3.1258368
74753 -3.5150023
74851 -3.8093684
74951 -2.9202118
