7 0.44662
107 1.4197693
207 2.168686
290 2.616263
390 2.9918356
490 3.0856276
590 2.934554
690 2.1057177
789 0.64803886
891 -0.70652866
991 -1.6992993
1092 -2.4394584
1192 -2.583508
1292 -2.578677
1392 -2.4172778
1492 -1.9534526
1592 -0.74224806
1693 0.68055916
1792 1.8780646
1893 2.91334
1993 3.342534
2093 3.2829094
2193 2.6096697
2293 1.5728598
2394 0.60939884
2493 -0.041553497
2594 -0.5617733
2694 -1.3737671
2794 -1.8051133
2894 -1.4352753
2995 -0.033382416
3095 1.3557634
3195 2.2757554
3295 2.810028
3395 3.0064983
3495 3.0377893
3595 2.7077036
3695 1.4099655
3796 0.13236523
3896 -0.92372704
3996 -1.8189054
4096 -2.2977886
4196 -2.5037775
4296 -2.5578704
4396 -2.4802797
4714 0.8176279
4814 1.6349578
4914 2.4180183
5014 3.0284443
5115 3.2712145
5215 3.3397064
5314 3.1287699
5415 1.9566331
5515 0.49882984
5615 -0.7015424
5715 -1.6345692
5815 -2.5605288
5915 -3.0645573
6016 -3.1701112
6116 -2.8457656
6216 -2.1537676
6316 -1.1982231
6416 -0.086585045
6516 0.96652365
6617 1.6188407
6717 2.1612496
6817 2.6156707
6917 2.911353
7017 2.9804964
7118 2.288661
7218 0.7650566
7318 -0.4640069
7418 -1.6888871
7518 -2.3858345
7618 -2.8049803
7718 -3.0264826
7818 -3.1106944
7919 -2.8720622
8019 -2.2020912
8119 -0.8639536
8219 0.45026016
8320 1.3659172
8419 2.1080008
8520 2.59544
8620 2.6704612
8720 2.6612868
8820 2.2464662
8920 0.50991917
9021 -1.1161125
9121 -2.26748
9221 -2.6931045
9321 -2.8387237
9421 -2.804051
9521 -2.529759
9621 -1.6736534
9721 -0.36284542
9822 0.8090453
9922 1.6980581
10022 2.397953
10122 2.8797112
10223 3.0559883
10322 3.0047512
10423 2.2168336
10523 0.5919099
10623 -0.96376467
10724 -1.9758689
10823 -2.5468645
10924 -2.792584
11024 -2.916858
11124 -2.9680219
11225 -2.7488189
11324 -1.8616846
11424 -0.46933603
11524 0.5964756
11625 1.4209161
11725 2.1309423
11825 2.6580138
11925 3.0306234
12025 3.0967884
12126 2.9966607
12225 2.0719461
12325 0.22565937
12426 -1.4357288
12526 -2.8003857
12626 -3.5775993
12726 -3.871861
12826 -3.620231
12927 -3.0442405
13027 -2.3555465
13110 -1.4497077
13209 -0.19788933
13310 0.8587432
13409 1.7668428
13510 2.4832067
13609 2.8996263
13711 3.0771942
13811 2.9929476
13912 1.5558472
14012 -0.34683943
14112 -1.7353756
14212 -2.4737725
14312 -2.7305474
14412 -2.6760669
14512 -2.249128
14613 -1.5317974
14713 -0.35710955
14813 0.754488
14913 1.6345396
15013 2.276278
15113 2.6237497
15213 2.6795588
15314 2.2380586
15414 1.3890104
15514 0.5665064
15614 -0.91067123
15714 -2.2062626
15815 -2.9331932
15915 -3.0581782
16015 -2.783073
16115 -2.1438863
16215 -1.3599429
16315 -0.36053467
16416 0.67414045
16516 1.4676385
16616 2.1940103
16716 2.7073622
16816 3.1433048
16916 3.4576397
17016 3.6604404
17117 3.3444004
17217 1.8184104
17317 0.41563892
17417 -0.7019458
17517 -1.5666642
17617 -2.2579436
17717 -2.650597
17818 -2.7768824
17918 -2.7704444
18018 -2.4747243
18118 -1.4733212
18218 -0.1576457
18318 0.92457247
18419 1.8278246
18518 2.5198708
18619 3.0298767
18719 3.259366
18819 3.399993
18920 3.416998
19019 3.286604
19119 2.5616035
19220 0.8707881
19320 -0.78479433
19420 -2.109969
19520 -2.6555438
19620 -2.665079
19721 -2.492682
19821 -2.2756217
19921 -1.8869615
20021 -1.1911685
20121 -0.23657656
20221 0.8217592
20322 1.7245989
20421 2.3093019
20522 2.7072954
20622 2.995822
20723 3.0816593
20823 3.0794268
20922 2.9990172
21022 2.4547272
21123 0.8032503
21223 -0.7778964
21323 -2.1195278
21423 -2.8431334
21523 -2.9936867
21623 -2.9290824
21724 -2.6244528
21824 -1.9676266
21924 -0.9558344
22024 0.10428524
22124 0.9879284
22224 1.6545763
22325 2.2020707
22425 2.5527139
22525 2.7790155
22625 2.9177017
22725 2.9601607
22825 2.792717
22926 1.5014014
23026 -0.0613122
23126 -1.2663932
23226 -2.2386508
23326 -2.718907
23426 -2.8970733
23527 -2.912874
23626 -2.7518888
23727 -2.0795035
23810 -0.9847746
23910 0.19790554
24010 1.2040815
24109 1.9271178
24210 2.4162817
24310 2.6929154
24410 2.8575373
24511 2.9136314
24612 2.8737235
24712 2.1008635
24812 0.6160717
24912 -0.95066977
25012 -2.1620216
25112 -2.661652
25212 -2.7534113
25313 -2.6449478
25413 -2.2702868
25513 -1.4894271
25613 -0.495183
25713 0.5624685
25813 1.5025239
25914 2.2585068
26014 2.7459283
26114 2.9746475
26214 3.0520115
26314 3.003644
26414 2.4600768
26515 0.89143515
26614 -0.4035883
26715 -1.4300296
26815 -2.2085228
26915 -2.6483839
27015 -2.8890905
27115 -3.0336165
27216 -2.9959655
27315 -2.6692402
27415 -1.5013523
27516 -0.24301052
27617 0.8803444
27716 1.7679801
27816 2.3449159
27917 2.7524118
28017 3.0264206
28117 3.175438
28218 3.1951408
28317 3.1478186
28417 2.5605683
28518 0.6490922
28618 -0.48981667
28718 -1.3053398
28818 -1.8896947
28918 -2.1661277
29018 -2.237492
29119 -2.2706418
29219 -2.2573037
29319 -2.063082
29419 -1.0853589
29519 0.2893777
29619 1.4156547
29720 2.2407088
29819 2.879931
29920 3.189639
30020 3.336115
30120 3.3378563
30220 3.180358
30320 2.2103586
30420 0.4599061
30521 -1.1493526
30621 -2.6354134
30721 -3.612065
30821 -3.6537647
30921 -3.4509542
31022 -3.2935312
31122 -2.7837777
31222 -2.1885962
31322 -1.2611942
31422 -0.20080185
31522 0.60364723
31623 1.303019
31723 1.8402815
31822 2.3021765
31923 2.6611023
32023 2.9356718
32123 3.0450535
32223 2.9947028
32324 1.8319907
32424 0.49900055
32523 -0.6467142
32624 -1.5642006
32724 -2.1673384
32824 -2.5172715
32924 -2.6521893
33024 -2.6978774
33125 -2.657845
33225 -2.1996439
33325 -1.0390697
33425 0.40752316
33525 1.5072913
33626 2.3215308
33726 2.8700829
33826 3.2699604
33926 3.4407406
34026 3.448287
34126 3.2502394
34226 2.3293161
34326 0.84113455
34426 -0.515285
34509 -1.5020118
34610 -2.4445615
34710 -2.906774
34809 -3.006069
34910 -2.9680364
35010 -2.7256315
35111 -2.0562255
35212 -0.85457134
35312 0.33718204
35412 1.363442
35512 2.128662
35612 2.5476303
35712 2.8702822
35812 2.9994135
35912 2.779541
36013 1.58669
36113 0.07675791
36213 -1.2486777
36313 -2.1311393
36413 -2.6529016
36513 -2.90045
36613 -3.1370003
36714 -3.2489467
36814 -2.979519
36914 -1.6488254
37014 -0.433424
37114 0.6239352
37215 1.5260367
37314 2.204474
37415 2.5740023
37515 2.775477
37615 2.823461
37715 2.6715674
37815 1.9122839
37916 0.8536434
38016 -0.7694473
38116 -1.7712612
38216 -2.2442424
38316 -2.4152665
38416 -2.3211613
38517 -1.5873199
38617 -0.49123
38717 0.7708483
38818 1.8574204
38917 2.6286073
39017 3.1245852
39117 3.4672995
39218 3.484027
39318 3.2064476
39418 2.4329882
39518 1.427022
39618 0.30381107
39718 -0.92537975
39819 -1.8681054
39918 -2.4341154
40019 -2.6549544
40119 -2.6813538
40219 -2.446129
40319 -1.6001675
40419 -0.4587698
40519 0.6840539
40620 1.6764092
40719 2.328354
40820 2.7668152
40920 3.0714378
41021 3.2532177
41121 3.3141785
41221 3.306551
41321 3.0592632
41421 1.9607649
41522 0.56084824
41621 -0.6260543
41721 -1.7634625
41822 -2.5388224
41922 -2.8058531
42022 -2.7232556
42122 -2.1233096
42222 -1.0500329
42322 0.03840208
42423 1.1262956
42523 1.987483
42622 2.5429077
42723 2.836627
42824 2.9974623
42924 3.0519686
43024 2.9952192
43124 2.5317888
43224 1.3027434
43324 -0.0796113
43424 -1.3885598
43742 -2.9293249
43842 -2.93747
43942 -2.8741302
44042 -2.271129
44142 -0.93376255
44242 0.32060385
44342 1.3862047
44442 2.142161
44542 2.6291327
44643 2.845305
44743 2.934291
44843 2.9188042
44943 2.620758
45310 -2.0098295
45411 -2.6355543
45511 -3.0253053
45611 -3.132657
45711 -3.087256
45811 -2.7491307
45912 -1.9509883
46012 -0.81726265
46112 0.4166603
46212 1.3786402
46312 2.1301827
46412 2.564476
46512 2.7362404
46612 2.7541618
46712 2.589087
46813 1.8849883
46913 0.33011246
47013 -1.011364
47114 -1.825917
47214 -2.3544784
47314 -2.7125201
47413 -2.7984035
47514 -2.5856638
47614 -1.782933
47714 -0.64452934
47814 0.49945593
47915 1.5737686
48015 2.2776098
48098 2.6355972
48198 2.8374252
48298 2.9018545
48398 2.8821516
48498 2.7370634
48598 2.0080123
48699 0.43563938
48799 -0.9849763
48900 -2.0853646
49000 -2.7305322
49100 -2.9874098
49200 -3.0434985
49300 -2.7679088
49400 -2.133163
49500 -1.14427
49600 -0.08565664
49701 0.98522854
49801 1.9127378
49901 2.5592513
50001 2.9581208
50102 3.126195
50201 3.1242847
50302 2.680191
50402 1.5647879
50502 0.2895422
50602 -0.9426193
50702 -1.9953167
50802 -2.5486708
50903 -2.6178856
51003 -2.4919293
51103 -1.9974821
51203 -0.99488354
51303 0.19001102
51403 1.3260098
51503 2.1985312
51603 2.7423859
51704 2.9999518
51804 3.0512276
51904 2.8902488
52004 1.9506364
52104 0.4571333
52205 -1.2150874
52305 -2.719352
52405 -3.565633
52505 -3.4855018
52605 -2.7155573
52705 -1.3897843
52806 -0.1404481
52905 0.98121834
53006 1.7979498
53106 2.3536901
53206 2.5845132
53306 2.658938
53407 2.620603
53507 2.3697076
53607 1.3491607
53708 0.16333342
53807 -1.0806084
53907 -2.0845408
54225 -2.613032
54325 -1.5266991
54425 -0.43331766
54525 0.56083345
54625 1.5982232
55025 3.816043
55126 3.7712574
55226 2.7469263
55326 1.1851187
55426 -0.2984438
55526 -1.5952785
55627 -2.7841914
55726 -3.3635945
55827 -3.5023327
55928 -3.132015
56027 -1.8915143
56128 -0.4673009
56228 1.0827212
56328 2.5111785
56428 3.4609547
56528 3.7624044
56628 3.7918606
56728 3.488534
56828 2.599524
56929 1.335021
57028 0.25497532
57129 -1.152282
57229 -2.4940486
57329 -3.0219042
57429 -2.9987566
57529 -1.9636521
57629 -0.6332946
57730 0.732234
57830 1.7348928
57930 2.499549
58030 3.0265865
58131 3.4306917
58231 3.6690855
58331 3.7682686
58431 3.594019
58531 2.182067
58631 0.25461292
58732 -1.8744216
58831 -3.271748
58932 -3.5948722
59032 -3.2720535
59132 -2.4751716
59232 -1.2472992
59332 0.07836151
59433 1.3510704
59532 2.3864455
59633 3.0853014
59733 3.4064445
59833 3.4198503
59934 2.9990683
60033 2.069841
60134 0.8770728
60234 -0.60548353
60334 -2.285397
60434 -2.851823
60535 -2.464311
60635 -0.87195444
60734 0.9926214
60835 2.586627
60918 3.4578505
61018 4.0743046
61118 4.2655067
61218 4.1208115
61318 3.7135792
61418 3.055767
61519 1.6970277
61619 -0.029542923
61936 -3.2699955
62037 -2.7946405
62136 -2.026695
62237 -0.9213457
62337 0.18420696
62437 1.1352878
62538 2.0121207
62638 2.569889
62738 2.915381
62838 3.039894
62938 2.9684296
63038 2.147129
63138 0.690742
63239 -0.6231141
63339 -1.7890747
63439 -2.2820594
63538 -2.306483
63639 -1.9695992
63739 -1.0264084
63840 0.06714487
63940 1.1684155
64040 2.1212034
64139 2.7546325
64240 3.0826502
64340 3.1727161
64440 3.1268263
64541 2.7029676
64641 1.4487143
64741 -0.14872885
64841 -1.6134415
64942 -2.4700928
65041 -2.9692872
65141 -3.1487536
65242 -2.917623
65342 -2.0984204
65442 -0.8286972
65543 0.28973293
65642 1.2631903
65742 2.0535173
65843 2.6577935
65943 2.9645934
66043 3.0136356
66143 2.7489228
66243 1.6606307
66343 0.1571393
66444 -1.1376863
66544 -2.1861072
66644 -2.7206697
66744 -2.9259472
66844 -2.9185834
66944 -2.4561517
67045 -1.3364844
67145 -0.10694027
67245 0.9772439
67345 1.885066
67445 2.4652052
67546 2.7191153
67645 2.7532234
67746 2.621213
67846 2.1750703
67945 1.1719904
68046 -0.40849924
68146 -2.1216643
68246 -3.0876868
68347 -3.4155939
68446 -3.1497366
68546 -2.6327906
68647 -1.6915112
68748 -0.53577614
68847 0.55572605
68948 1.4809699
69048 2.1799417
69148 2.7062292
69231 2.9499764
69330 3.0580158
69431 2.977952
69531 1.9273224
69631 0.27983665
69731 -1.2158799
69832 -2.0498981
69932 -2.474956
70033 -2.7687914
70133 -2.7909572
70233 -2.4428363
70333 -1.3877263
70433 -0.10679293
70533 1.0501852
70633 2.0334458
70733 2.6868997
70834 3.0342245
70934 3.1428814
71034 3.122714
71134 2.845315
71234 1.5098443
71335 -0.083360195
71435 -1.6809223
71535 -2.7223742
71635 -3.3177323
71735 -3.4683566
71835 -3.1896613
71935 -2.5033984
72036 -1.2782872
72136 -0.13779926
72236 0.8488569
72336 1.6752005
72436 2.336875
72537 2.7806625
72637 2.986795
72737 2.9591522
72837 2.2959352
72937 0.71728945
73037 -0.53400135
73137 -1.6585126
73237 -2.2730832
73338 -2.6050594
73438 -2.6761065
73538 -2.5979412
73638 -2.0692317
73738 -0.80495644
73838 0.4756403
73938 1.6450233
74039 2.395574
74139 2.865776
74239 3.0054293
74339 2.9710646
74439 2.4581184
74539 1.4874792
74640 0.42508984
74740 -0.80047894
74840 -1.8343167
74940 -2.5622184
