6 2.5055451
106 0.7634115
207 -1.3485374
306 -2.41087
407 -2.5118527
507 -1.069732
608 0.9123249
708 2.4316611
808 2.810009
907 1.3710585
1009 -0.7829032
1108 -1.9707568
1208 -2.136151
1310 -0.956738
1410 1.1106429
1510 2.4720678
1610 2.8283195
1710 1.4890885
1810 -0.7830496
1911 -2.2571607
2011 -2.5557058
2111 -1.1529241
2212 0.8694315
2312 2.7830305
2412 3.291173
2512 2.262928
2613 0.047926903
2713 -1.9168324
2813 -3.1688023
2914 -3.1454575
3014 -1.230062
3114 1.0838065
3214 2.7179556
3315 2.9358506
3414 1.6240144
3515 -0.46565914
3615 -2.334191
3716 -2.9659455
3816 -2.157497
3916 0.08478594
4016 2.0071678
4117 2.772502
4216 2.1320114
4317 0.23793125
4418 -1.5995109
4518 -2.4424229
4617 -1.8244326
4718 -0.5176363
4819 1.2061725
4918 2.4204164
5003 2.7173004
5103 1.9369278
5203 0.22513485
5303 -1.6359718
5403 -2.5334969
5504 -1.9868054
5604 -0.23829556
5704 1.80586
5804 3.022563
5905 3.1838055
6004 2.1502824
6105 0.17199612
6205 -1.4926853
6306 -1.3799739
6407 0.33049345
6507 2.5374618
6606 3.46813
6706 2.8400946
6808 0.6727376
6908 -1.7560055
7008 -3.463445
7108 -3.5108159
7208 -1.8238978
7309 0.83028555
7409 2.5339289
7509 2.5818267
7610 0.987391
7710 -1.1171546
7810 -2.8649497
7910 -3.304421
8011 -2.388682
8111 -0.22497225
8211 1.7412615
8310 2.0904984
8412 1.1356001
8512 -1.2943032
8612 -3.2112043
8713 -3.8008013
8813 -2.352757
8913 0.015890598
9013 2.062036
9113 2.5104713
9213 1.6062188
9314 -0.7515478
9414 -3.2994022
9515 -4.1635118
9615 -2.9672787
9715 -0.5382209
9815 1.8250914
9916 2.795536
10016 2.7771864
10115 1.5049181
10216 -1.0094819
10317 -3.3113964
10417 -3.515317
10517 -1.4567871
10617 1.3337889
10717 2.6270514
10818 2.9069242
10918 2.024292
11019 -0.46055174
11119 -2.7254772
11219 -3.6835375
11302 -2.6146255
11403 -0.07192755
11503 2.2937841
11604 2.9629164
11704 2.3604956
11803 0.5940757
11904 -1.9713426
12004 -3.5166256
12105 -2.927784
12205 -0.56032085
12306 1.8415046
12405 3.2015705
12506 3.6844082
12606 2.1989565
12706 -0.3363557
12807 -2.455244
12907 -2.5161786
13007 -0.589417
13108 2.2375908
13208 4.0173645
13308 4.425767
13408 2.256874
13509 -0.16267872
13609 -2.29178
13709 -3.225205
13809 -3.0273411
13910 -1.3410411
14010 1.7275329
14110 3.4280825
14210 3.7319117
14311 2.2637649
14411 -0.23615122
14512 -2.3995962
14611 -3.5668542
14712 -3.394751
14811 -1.5995727
14912 1.6291275
15013 3.4420633
15113 3.6912222
15213 2.2421198
15314 -0.12676668
15413 -2.3399222
15514 -3.380135
15614 -2.956768
15714 -1.183862
15814 1.5935831
15915 2.976287
16015 3.4483595
16116 2.6217585
16216 0.64593935
16316 -1.7406852
16416 -3.170977
16517 -3.4952407
16617 -2.8199515
16717 -1.2177958
16817 0.7644048
16918 1.8838525
17018 2.5186944
17118 2.6512513
17218 2.6672301
17318 2.6930122
17419 2.4822588
17502 1.5667586
17603 0.08097458
17702 -1.2164226
17804 -1.9622574
17903 -2.495683
18004 -2.8544314
18103 -2.8414493
18205 -2.1483808
18305 -0.54403496
18405 0.844872
18505 1.6661744
18605 2.1250181
18706 2.4272523
18806 2.7442446
18906 3.0351963
19007 3.2430162
19107 3.256177
19207 3.2566423
19307 2.9088774
19408 1.7707725
19508 0.8259773
19608 0.11975908
19709 -0.5655451
19809 -1.2577603
19909 -1.6654675
20009 -2.007946
20110 -2.4374433
20210 -2.6917846
20310 -2.6846004
20410 -2.20144
20510 -1.1640887
20611 0.21234846
20711 1.0217633
20812 1.7731543
20912 2.3021226
21012 2.502088
21112 2.53759
21213 2.4622078
21313 2.3720675
21413 2.1676536
21513 1.559228
21613 0.17942333
21714 -1.2741323
21814 -2.263199
21914 -2.7019067
22015 -2.7008252
22115 -2.2817097
22215 -1.5653739
22315 -1.0830982
22416 -0.26374054
22515 0.6808119
22616 1.2869635
22717 1.7818961
22816 2.1703348
22917 2.4150658
23016 2.553121
23117 2.5865045
23217 2.4919739
23318 1.9522848
23419 0.575057
23519 -0.57130146
23618 -1.4200878
23719 -2.0557175
23803 -2.4219453
23903 -2.563437
24003 -2.557415
24104 -2.3809676
24204 -2.1518009
24304 -1.7868214
24404 -1.0612812
24505 0.49594164
24605 1.4903021
24705 2.090477
24805 2.5356383
24906 2.7910357
25006 2.8233824
25106 2.7939696
25207 2.7476664
25307 2.6915994
25407 2.471789
25507 1.326458
25607 -0.051256657
25708 -1.1843033
25808 -1.881289
25908 -2.3403249
26009 -2.4797354
26109 -2.4959824
26209 -2.4958858
26309 -2.496846
26410 -2.4964077
26510 -2.4179611
26610 -1.2587388
26710 0.43737602
26810 1.349184
26911 1.9121346
27011 2.332717
27112 2.5442529
27212 2.5832224
27311 2.6259675
27412 2.6635222
27512 2.6833587
27612 2.466353
27712 1.0717573
27813 -0.28586674
27914 -1.3973012
28014 -1.9713507
28114 -2.3055618
28214 -2.519037
28315 -2.5516691
28415 -2.4331975
28515 -2.1103737
28615 -1.2830589
28716 0.33116627
28816 1.3550973
28916 2.1165109
29016 2.5254388
29116 2.7245855
29217 2.7725167
29317 2.7737656
29417 2.7739463
29518 2.7389054
29618 2.3889246
29719 1.292964
29818 -0.08044577
29919 -1.3437257
30019 -1.8534148
30102 -2.237815
30203 -2.5548208
30303 -2.7048016
30404 -2.746387
30504 -2.7049341
30604 -2.4347997
30705 -1.9413931
30804 -0.8638115
30904 0.47879744
31005 1.4892416
31106 2.1735344
31206 2.6352205
31305 3.034998
31406 3.4399014
31507 3.5459347
31607 3.4404612
31707 3.014063
31807 2.4851675
31908 1.2595129
32008 -0.08677292
32108 -1.1876323
32209 -1.7315593
32309 -2.1065462
32409 -2.4305425
32509 -2.6622188
32610 -2.7641494
32710 -2.7034535
32809 -1.8426926
32910 -0.362154
33011 0.8545418
33111 1.7207236
33212 2.418416
33311 2.8524146
33412 3.0464048
33512 3.2933006
33612 3.5181904
33713 3.5197954
33813 3.2927647
33913 2.4666338
34014 1.4065046
34114 0.057406902
34214 -1.1443982
34314 -2.124799
34414 -2.6332545
34515 -2.7828386
34615 -2.75254
34715 -2.5414042
34815 -2.0258653
34915 -1.4436798
35016 -0.044086456
35116 0.99306774
35216 1.5849061
35316 2.0782456
35417 2.4405107
35517 2.8014412
35617 3.0927792
35718 3.2398243
35818 3.2123566
35918 2.352065
36019 1.189908
36119 0.31597662
36203 -0.51260376
36302 -1.2609844
36403 -1.6192067
36503 -2.05321
36604 -2.290968
36704 -2.3765924
36803 -2.381496
36905 -2.2838922
37005 -1.4500592
37105 -0.065981865
37205 0.97856426
37306 1.5783854
37406 2.0641432
37506 2.520639
37606 2.9404001
37706 3.3459911
37807 3.6749306
37907 3.658966
38007 2.7557268
38108 1.5666566
38208 0.955606
38308 0.027356148
38409 -0.41470003
38509 -1.4913292
38609 -2.1827931
38709 -2.435416
38809 -2.4149442
38910 -1.9961383
39010 -1.2464347
39110 -0.27257156
39211 0.9066229
39311 1.482769
39411 2.151362
39512 2.8468704
39612 3.098833
39712 3.1924047
39812 3.2232876
39912 3.165924
40013 2.3530045
40113 1.1485891
40213 -0.01853323
40314 -1.1316409
40413 -1.7872119
40514 -2.137527
40614 -2.293533
40714 -2.3825629
40815 -2.4398894
40915 -2.4537728
41016 -2.331289
41115 -1.2777894
41216 0.20798779
41316 1.267878
41417 1.8079987
41517 2.309472
41617 2.9535346
41717 3.1318712
41817 3.2944336
41917 3.4306898
42018 3.4213505
42118 3.3603764
42219 2.7421885
42318 1.5531225
42419 0.6347189
42502 0.055132866
42603 -0.7576766
42702 -1.6718602
42804 -2.2500246
42904 -2.600146
43004 -2.753689
43104 -2.784081
43205 -2.567833
43305 -2.141092
43405 -1.1616089
43506 0.2622137
43606 1.383347
43706 2.2471476
43806 2.9734192
43907 2.9538078
44006 2.9410524
44107 2.8427467
44207 2.3583498
44308 1.7283769
44408 0.8150983
44508 -0.13174343
44608 -0.78515244
44709 -1.4780121
44809 -1.9695244
44909 -2.3942218
45010 -2.5947456
45109 -2.5466166
45209 -2.2375028
45311 -1.5433781
45411 -0.5540304
45511 0.47583246
45610 1.2230616
45711 1.5900269
45811 1.8591142
45912 2.2578201
46012 2.3903213
46112 2.1590605
46212 1.1619873
46313 -0.8744507
46412 -1.7053418
46514 -1.7526848
46614 -0.46309137
46715 1.4212813
46814 2.5638618
46915 2.7312098
47014 2.0603013
47115 -0.36438513
47215 -2.0331097
47316 -2.6445556
47415 -2.150729
47515 -0.2052288
47617 1.9049606
47717 2.4816856
47816 1.7645264
47917 -0.1847043
48017 -1.69663
48118 -2.3151827
48218 -1.8193126
48318 0.025745869
48418 1.8987417
48519 2.5380378
48618 2.0361204
48702 0.82460594
48803 -1.3348536
48903 -2.564606
49004 -2.70619
49104 -1.4663482
49204 0.7201171
49304 2.2548065
49404 2.5015059
49505 1.7217841
49605 -0.095560074
49705 -1.899818
49805 -2.3065073
49906 -1.8680685
50006 0.11805868
50106 1.9229517
50207 2.8002577
50307 2.3865523
50406 0.70474005
50508 -1.2824948
50608 -2.152754
50708 -1.9323869
50808 -0.38052368
50908 1.717504
51009 2.7102141
51109 2.5557737
51209 0.87556076
51310 -0.9884286
51410 -2.4071784
51510 -2.6288383
51611 -1.370379
51711 0.74934435
51811 2.285231
51911 2.399714
52011 1.0573196
52112 -0.85544205
52212 -2.2912316
52311 -2.675902
52412 -2.0933018
52513 -0.065199375
52613 1.8152938
52713 2.739624
52813 2.3805552
52913 0.6204152
53014 -1.336874
53114 -2.3937082
53214 -2.1040196
53315 -0.72232914
53415 1.451921
53515 2.5436807
53615 2.5343008
53716 0.7895279
53816 -1.1210542
53917 -2.5909603
54016 -2.4487913
54117 -0.5490117
54217 1.5541816
54318 2.5221434
54417 2.3005152
54518 0.92075014
54618 -0.4646635
54719 -2.0895057
54819 -2.7017922
54919 -2.2408311
55002 -0.63304996
55103 1.3723817
55203 2.3051481
55303 2.251647
55404 1.190381
55504 -0.42371273
55604 -1.6351733
55705 -1.8269782
55805 -0.73417187
55905 1.0471735
56005 2.3106208
56106 2.48592
56206 1.1139593
56306 -0.6754255
56407 -2.2171926
56507 -2.785771
56607 -2.1463466
56707 -0.22253132
56808 1.8614335
56908 2.8441978
57008 2.818017
57108 1.3828988
57209 -0.55465794
57308 -1.8366706
57409 -2.305485
57510 -2.037042
57610 -0.17273808
57710 1.6098633
57810 2.7373734
57910 2.8543892
58011 1.3069034
58111 -0.6516733
58211 -2.1086926
58312 -2.9631047
58411 -2.914247
58512 -1.7609253
58612 0.08475542
58713 1.617724
58813 2.2727876
58913 1.9911361
59014 0.31184435
59114 -1.2876434
59214 -2.348653
59314 -2.6391203
59414 -2.2508128
59515 -0.6456938
59614 1.2690525
59715 2.3530655
59816 2.661522
59915 1.655951
60015 -0.2965803
60117 -1.8396509
60216 -2.5305552
60316 -2.5799842
60417 -1.5219517
60517 0.59564686
60617 2.1413794
60718 2.8746133
60818 2.6477342
60918 1.7365127
61019 0.29072
61119 -1.3109963
61203 -2.2992177
61303 -2.4407113
61403 -0.9645386
61504 1.1080317
61604 2.4100099
61704 3.1259594
61804 2.5918899
61905 0.86828136
62005 -0.9152951
62105 -2.0964322
62205 -2.2310357
62306 -1.7380326
62406 -0.3119068
62506 1.2655859
62606 2.6364374
62707 2.9191885
62807 2.4409027
62906 1.0055742
63007 -0.65624475
63108 -1.8133869
63208 -2.0613942
63308 -1.5243957
63408 0.274158
63509 1.9182587
63609 2.7414703
63709 2.8341436
63810 1.8314261
63909 0.27373075
64010 -1.452539
64110 -2.4572158
64211 -2.8242333
64311 -2.164217
64411 -0.053096294
64512 1.6640587
64611 2.4907432
64712 2.6656952
64812 2.0661063
64913 0.21885252
65013 -1.2756565
65113 -2.2694433
65213 -2.127482
65313 -0.44951963
65414 1.4034934
65515 2.5310912
65614 2.9006262
65715 2.4777007
65815 0.86278915
65915 -0.569633
66016 -1.9506755
66116 -2.208147
66216 -0.7843275
66316 1.2386808
66416 2.629712
66517 3.1856937
66617 2.884169
66717 1.2200103
66818 -0.65590477
66918 -2.087726
67017 -2.7192302
67119 -2.8046193
67218 -1.8493247
67319 0.098207474
67403 1.5844889
67503 2.5892363
67603 2.6789885
67704 1.8161216
67804 0.3112669
67904 -1.2320621
68004 -1.973573
68104 -1.863399
68205 -0.4817667
68305 1.1871505
68406 2.4789553
68505 2.9760294
68606 2.3002005
68706 0.79045725
68806 -1.1611142
68906 -2.3701408
69007 -2.5948608
69106 -1.5920227
69207 0.20310497
69307 2.1729403
69408 3.1835966
69507 2.6244993
69608 0.9617295
69709 -1.2027943
69808 -2.211656
69909 -2.3076591
70010 -1.0712686
70110 0.91486406
70209 2.5362067
70310 3.0138626
70411 2.1366844
70510 0.62110186
70611 -1.2076225
70711 -2.2861352
70812 -2.5613961
70912 -1.3060944
71012 0.8819761
71112 2.6490335
71212 3.1662455
71313 2.597776
71412 1.1609926
71513 -0.64703465
71614 -1.9755099
71714 -1.8799014
71814 -0.4010439
71915 1.5012445
72015 2.8795762
72115 2.9772062
72215 1.3672757
72315 -0.9037256
72416 -2.491529
72515 -2.5628798
72616 -1.2900357
72716 1.0871153
72816 2.6202865
72917 3.4099836
73018 2.9695191
73118 1.3227973
73218 -0.6450348
73318 -1.882535
73419 -1.8898642
73518 -0.5294976
73619 1.6350884
73702 2.8672209
73803 3.3551693
73902 2.861219
74004 1.4447737
74104 -0.4431963
74204 -1.8912475
74304 -2.487247
74404 -1.6857166
74505 0.68963575
74605 2.483859
74705 3.157549
74805 2.699441
74906 1.2343397
75006 -0.5391989
