9 2.7052484
109 1.4249077
209 0.7150016
309 0.049913406
409 -0.5705395
509 -1.2199924
609 -1.7764003
708 -2.1563258
809 -2.5633788
908 -2.6897974
1008 -2.1663861
1109 -1.070826
1209 -0.16935539
1309 0.624166
1408 1.3830333
1511 1.8673096
1609 2.360139
1711 2.8609571
1811 3.3395367
1911 3.4346485
2009 3.2552948
2110 2.0313392
2210 1.1974101
2311 0.5257349
2411 -0.19231558
2510 -0.8689351
2610 -1.7872765
2711 -2.3504872
2812 -2.7533264
2913 -3.1744227
3021 -3.2319434
3111 -2.75323
3212 -1.4474442
3313 -0.38676453
3413 0.49400425
3512 1.0897226
3612 1.6189637
3713 1.8489265
3812 2.234929
3913 2.5506105
4013 2.7099395
4113 2.676385
4213 2.2064285
4314 1.4317713
4415 0.58341694
4514 0.041692257
4614 -0.8186455
4714 -1.4683423
4815 -2.086027
4915 -2.6993246
5015 -3.117289
5114 -3.135934
5215 -2.8183608
5316 -1.9987166
5415 -1.1533508
5515 -0.19753504
5616 0.6288147
5716 1.2583685
5816 1.7734199
5918 2.182292
6016 2.502472
6117 2.8103743
6217 2.9375024
6318 2.660459
6417 1.933835
6518 1.292233
6617 0.646976
6718 0.2120924
6819 -0.50045633
6918 -1.3999772
7018 -2.2121868
7118 -2.672019
7219 -2.8806405
7320 -3.0131166
7420 -3.023324
7519 -2.1029859
7619 -1.1914375
7720 -0.33892393
7819 0.46485806
7919 1.0513105
8003 1.3573847
8103 1.8925257
8203 2.2192106
8303 2.5899763
8406 2.9411926
8503 3.0961637
8606 2.9437704
8706 2.197381
8806 1.5691261
8904 0.84873104
9004 0.22019815
9105 -0.5980687
9206 -1.4086785
9306 -2.0973296
9405 -2.9173052
9505 -2.9977
9605 -3.2210746
9709 -3.2701962
9809 -2.595469
9908 -1.4626999
10006 -0.013733864
10109 1.08213
10209 1.8725433
10309 2.4209313
10409 3.2261438
10508 3.6724348
10609 3.8449192
10708 3.5896206
10809 2.387137
10908 1.1993623
11008 0.23014069
11108 -0.85997915
11209 -1.7786369
11309 -2.282549
11411 -2.5356247
11509 -2.7100384
11611 -2.7782102
11711 -2.6183028
11812 -1.9195044
11911 -0.8619342
12010 -0.049890995
12111 1.0418725
12210 1.7187376
12310 2.381906
12410 2.8688827
12512 3.0339375
12611 3.067192
12712 2.7979746
12812 2.1784391
12911 1.1435075
13013 0.26400995
13111 -0.38572598
13213 -0.99957085
13313 -1.4645934
13412 -1.8496189
13512 -2.1283722
13613 -2.2942436
13714 -2.3148568
13812 -2.1457608
13913 -1.4545772
14013 -0.5017357
14114 0.3052492
14214 1.0365305
14314 1.8568978
14415 2.7133913
14513 3.083416
14614 3.1559162
14716 3.0246964
14817 2.6417718
14916 1.4360976
15015 0.5879426
15114 -0.27576923
15216 -1.0513844
15315 -1.59393
15417 -1.9622655
15516 -2.1399233
15615 -2.1649652
15716 -1.8493676
15818 -0.7213316
15918 0.47144222
16016 1.3092637
16117 2.0062194
16217 2.5042572
16318 2.6998472
16417 2.7334442
16517 2.7254958
16618 2.6344805
16717 1.9569259
16817 0.9827719
16918 0.34143925
17019 -0.1809144
17118 -0.656044
17218 -1.2442966
17321 -1.733324
17419 -2.2407331
17519 -2.522003
17619 -1.8111906
17720 0.06450367
17819 1.2198796
17922 0.95410585
18020 -0.96725655
18103 -2.1654468
18203 -2.958526
18303 -3.2330413
18403 -3.2257597
18504 -2.6222823
18606 -0.7988901
18706 0.752892
18807 1.825736
18905 2.7121382
19006 3.2200546
19107 3.434824
19206 3.4049368
19307 2.8278213
19407 1.7844977
19505 0.69715405
19606 -0.6561055
19706 -1.560405
19806 -2.1313276
19906 -2.5087094
20009 -2.8472168
20106 -2.9497116
20206 -2.846599
20307 -2.2016416
20524 0.5510416
20625 1.5114851
20725 2.2598658
20824 2.706009
20924 3.087017
21025 3.2809992
21124 3.2165833
21226 2.9370513
21325 2.2059693
21425 1.0121489
21525 0.013537407
21626 -0.876039
21726 -1.4527364
21826 -1.9052484
21926 -2.2571082
22027 -2.5267303
22126 -2.5621364
22227 -2.1765103
22327 -1.0176454
22427 0.37418365
22527 1.4983406
22627 2.510789
22727 3.0355034
22828 3.3295965
22930 3.4631977
23030 3.5099773
23130 3.458887
23230 3.0635405
23331 2.2396178
23431 0.62844753
23530 -0.47957087
23629 -1.3982263
23729 -1.7887332
23829 -2.082999
23929 -2.3051245
24030 -2.438394
24130 -2.4871674
24230 -2.389358
24333 -2.031997
24433 -0.8502693
24533 0.48549128
24631 1.4539924
24733 2.3795524
24833 3.0617561
24931 3.345951
25032 3.5257854
25132 3.6013021
25232 3.2472305
25333 2.543734
25433 0.8882265
25532 -0.18808031
25633 -1.09829
25732 -1.7202239
25833 -2.2172534
25933 -2.407002
26033 -2.6853476
26135 -4.7221684
26233 -4.5332255
26334 -3.5821607
26434 -2.34815
26534 -0.9819379
26635 0.3359604
26735 1.1928339
26834 1.8362427
26934 2.1678085
27035 2.4961023
27135 2.65627
27235 2.4894266
27336 2.1507263
27436 1.7676659
27535 1.0664549
27635 0.053372383
27735 -0.67525005
27836 -1.2905109
27937 -1.6820736
28036 -2.043241
28136 -2.2895103
28237 -2.4472337
28338 -2.5036776
28437 -2.4743533
28537 -2.063321
28637 -0.83492374
28738 0.5359926
28838 1.5625868
28921 2.34649
29021 2.9702911
29121 3.2998114
29221 3.5807505
29323 3.8136034
29423 3.952711
29522 3.70232
29622 2.5919518
29722 1.4441595
29822 0.27877092
29923 -0.69869804
30023 -1.4477057
30123 -1.8762021
30223 -2.1386209
30323 -2.428607
30424 -2.5601392
30524 -2.545364
30624 -2.355493
30725 -1.2712255
30824 0.21194172
30925 1.389041
31025 2.356453
31128 3.1259747
31228 3.5540428
31328 4.002409
31428 4.166519
31528 4.174342
31628 3.8880787
31728 2.8544593
31828 1.5782518
31926 0.056141853
32027 -1.1042914
32127 -1.9116576
32227 -2.4442303
32327 -2.6625364
32427 -2.7678542
32528 -2.8458986
32628 -2.880815
32727 -2.8924928
32830 -2.354258
32927 -0.8635249
33031 0.4738965
33130 1.7179594
33230 2.300109
33330 2.9957352
33430 3.4219913
33529 3.7211838
33630 3.5014296
33730 3.0062609
33831 2.393199
33929 1.1558485
34030 0.15721226
34130 -0.64187384
34230 -1.3063474
34333 -1.7976387
34431 -2.292861
34530 -2.613505
34631 -2.8494754
34733 -3.0865755
34833 -2.9902318
34932 -2.513407
35032 -1.3235836
35131 -0.07846832
35232 1.0985641
35333 1.921196
35432 2.7348037
35533 3.1942844
35632 3.4385662
35733 3.548256
35833 3.5258102
35932 3.149619
36033 2.5108566
36133 1.0894237
36233 -0.1138773
36335 -0.8720107
36434 -1.4668872
36535 -1.9136131
36635 -2.2011662
36734 -2.4902036
36835 -2.6086872
36935 -2.6139503
37034 -2.5030875
37136 -2.0992336
37236 -0.64954853
37337 0.68508816
37435 1.753119
37536 2.2886534
37636 2.4827967
37736 2.613141
37836 2.7876167
37936 2.8395462
38037 2.2480803
38137 1.4281907
38237 0.26435423
38338 -0.717401
38438 -1.5873523
38537 -1.9950645
38637 -2.2860198
38737 -2.5744057
38821 -2.7542524
38921 -2.7928982
39021 -4.1394463
39121 -2.462646
39223 -1.1589961
39321 -0.28098726
39422 0.7582507
39523 1.166173
39622 1.5728469
39723 1.8350449
39823 2.0096712
39922 2.026328
40023 1.3338099
40123 0.49739075
40224 -0.6839442
40323 -1.9037545
40423 -2.7257843
40524 -3.4728243
40624 -3.8990097
40725 -4.1783805
40824 -4.216878
40924 -4.113364
41024 -3.6401193
41125 -2.4868355
41228 -0.75922155
41327 0.9425421
41428 2.2704544
41528 3.1164427
41628 3.6535282
41728 3.8500042
41828 4.219555
41927 4.2275066
42026 3.8605738
42126 3.3636646
42227 2.5547552
42327 1.4038253
42427 0.043979168
42528 -1.2398434
42627 -1.975522
42728 -2.2617877
42830 -2.5768557
42928 -2.655853
43028 -2.427034
43129 -1.8738513
43229 -0.96064997
43328 0.43522835
43429 1.4745469
43529 2.438517
43629 2.924675
43729 3.2656727
43829 3.5714083
43933 3.8392353
44029 3.9800816
44130 3.7473555
44230 2.6581206
44333 1.4498177
44433 0.10933018
44533 -1.1007373
44633 -1.8345828
44733 -2.583886
44833 -2.863066
44931 -3.0054948
45032 -3.049882
45132 -2.8450294
45232 -2.3743105
45332 -0.94811726
45433 0.4161253
45533 1.6061959
45632 2.158555
45733 2.5665941
45833 2.9175444
45934 3.4626522
46033 3.4577284
46133 2.4043236
46234 1.5699105
46334 0.88256073
46435 -0.15712786
46534 -1.0887561
46634 -1.7068782
46734 -2.3204894
46834 -2.7622027
46936 -2.8536615
47035 -2.5345075
47134 -1.764461
47236 -0.5926738
47335 0.8527231
47436 1.8624544
47536 3.107524
47637 3.4713535
47736 3.693222
47836 3.5975962
47937 3.257266
48036 2.316659
48136 1.0085478
48237 0.122597694
48337 -0.7267747
48439 -1.3853786
48537 -1.9318776
48637 -2.19087
48738 -2.2801065
48821 -2.3049102
48921 -2.306072
49023 -2.14882
49121 -1.2397695
49222 -0.25047064
49323 0.53820705
49422 1.2531452
49522 2.2389336
49622 2.8514366
49722 3.323698
49824 3.5269766
49923 3.3266296
50023 2.8922434
50123 1.9862976
50223 0.49501514
50323 -0.43057537
50424 -0.8959465
50524 -1.1047795
50627 -1.2991486
50724 -1.495121
50827 -1.707159
50924 -1.8347297
51024 -1.8460689
51127 -1.340126
51227 -0.16577291
51327 0.8385625
51427 1.9985046
51527 3.183982
51626 3.4445934
51726 3.7844315
51827 3.853281
51926 3.6717014
52026 2.7054305
52127 1.678874
52226 0.9399967
52327 0.19477129
52427 -0.71414757
52527 -1.5348155
52627 -2.1895778
52728 -2.7581143
52828 -2.769192
52928 -2.7347846
53028 -2.59091
53129 -2.0089793
53228 -0.73365974
53329 0.43117285
53428 1.4556274
53529 2.4363718
53630 3.3123112
53729 3.8294134
53829 3.927431
53929 3.7965498
54032 3.5469017
54130 2.6169243
54232 1.6260004
54332 1.0616136
54432 -0.17481041
54532 -1.248338
54632 -1.8417108
54731 -2.4235063
54832 -2.7577293
54931 -2.8799052
55031 -2.9341178
55132 -2.8891246
55232 -2.2710748
55332 -0.8509693
55432 0.25319958
55532 1.1221113
55632 1.7865496
55733 2.5482178
55833 3.0457325
55932 3.2418842
56033 3.3547907
56133 3.1714945
56233 2.7760606
56334 2.3932772
56434 1.0113058
56535 -0.12211132
56634 -1.1604342
56734 -1.9577482
56836 -2.4097598
56934 -2.8342285
57037 -3.0552738
57136 -3.1121948
57235 -3.0321789
57336 -2.5468876
57435 -1.0616322
57536 0.22773266
57636 1.4721041
57736 2.6831727
57837 4.057122
57937 4.314974
58038 4.139368
58137 4.196659
58236 3.8540974
58338 2.484243
58437 1.4324365
58538 0.24847507
58637 -1.0105305
58721 -1.7313037
58821 -2.5567331
58921 -2.9786582
59022 -4.1947107
59121 0.0
59222 0.0
59322 0.0
59423 0.0
59522 0.0
59622 0.0
59723 0.0
59822 0.0
59924 0.0
60023 0.0
60123 0.0
60224 0.0
60324 0.0
60424 0.0
60524 0.0
60625 -0.11051369
60724 0.20946264
60825 1.3694286
60928 1.1654253
61027 -0.60636616
61124 -1.0993295
61227 -1.322392
61327 -1.4381237
61428 -1.3988235
61527 -0.7481737
61628 0.0026774406
61727 0.79202986
61826 1.6913443
61927 2.251789
62026 2.7249465
62126 2.7616386
62227 2.125193
62326 1.3689756
62428 0.21651888
62527 -0.25758362
62627 -1.1009991
62727 -1.347405
62828 -2.1824536
62928 -3.6620157
63028 -4.030037
63129 -4.642045
63229 -2.9162707
63328 -1.0534406
63430 0.102879524
63529 0.7430067
63632 1.6090598
63730 2.3155603
63829 2.3244371
63930 2.7626405
64030 2.1306276
64131 1.0571213
64230 -0.07984066
64330 -1.123471
64431 -1.758358
64530 -1.8703158
64631 -1.9867549
64731 -1.9335389
64831 -2.9523602
64932 -3.8394878
65032 -3.1064615
65131 -2.3432329
65232 -1.1993191
65334 -0.21868515
65433 0.7661915
65532 1.2635832
65632 1.6385665
65733 1.890873
65833 1.7310648
65933 0.7787256
66033 -0.42993355
66133 -1.455117
66233 -2.6335397
66333 -3.2722907
66434 -3.9160986
66534 -4.7079024
66634 -5.0
66734 -5.0
66834 -3.986279
66935 -2.5478616
67035 -1.0459187
67135 -0.111445904
67235 0.98355913
67336 1.9333358
67436 2.2323442
67536 2.4626365
67637 2.4911895
67736 2.474958
67836 1.8086166
67936 0.5313492
68036 -0.6110277
68138 -1.3860066
68237 -2.2855935
68337 -3.1208372
68437 -3.5065155
68537 -3.5869858
68638 -3.5404081
68721 -2.9430413
68821 -2.4004836
68921 -1.7171714
69021 -1.0049119
69121 -0.27386332
69222 0.55603456
69322 1.3103933
69422 1.8522263
69522 2.7117958
69622 3.0247622
69723 3.029704
69824 2.8309937
69923 2.1974983
70024 1.6742859
70123 1.1598282
70223 0.24855137
70324 -0.644866
70424 -1.0692248
70527 -1.5005202
70624 -1.971009
70725 -2.132839
70827 -2.1654675
70924 -2.1596253
71025 -1.9460022
71127 -1.1012108
71227 -0.46879292
71327 0.14422607
71427 0.76717854
71527 1.2768173
71626 1.8116622
71728 2.404808
71827 2.9177756
71926 2.9021425
72027 2.6544266
72129 1.9689088
72230 0.9646945
72330 0.068781376
72429 -0.5020542
72530 -1.2697773
72629 -1.9188538
72730 -2.29001
72830 -2.4613063
72928 -2.4748135
73028 -2.2668474
73129 -1.7120323
73228 -0.92403316
73328 0.09962177
73429 0.8558707
73529 1.3242497
73629 1.6833239
73729 2.2585764
73829 2.569632
73929 2.6383715
74031 2.403245
74131 1.6273932
74230 0.23641491
74331 -0.7503557
74430 -1.6104653
74532 -2.2920709
74631 -3.1275644
74732 0.0
74832 0.0
74931 0.0
