20 -0.00979805
106 -0.87432384
204 -1.7683139
305 -2.7950003
405 -3.610008
505 -4.004626
606 -4.235869
705 -4.3276052
806 -4.1916175
906 -3.6608675
1006 -2.5442398
1106 -1.4767723
1207 -0.38911486
1306 0.6848111
1407 1.7017951
1507 2.4858322
1607 3.0923986
1707 3.4955082
1807 3.669818
1909 3.6874475
2007 3.477972
2108 2.7069268
2208 1.7028441
2308 0.5546613
2408 -0.5236912
2509 -1.4101253
2608 -2.1128125
2709 -2.9550853
2810 -3.6890624
2909 -4.0744114
3010 -4.2312493
3109 -4.216739
3209 -3.9278147
3309 -3.1536753
3410 -1.9495192
3510 -0.8369341
3610 0.21939993
3710 1.3256907
3810 2.2616844
3912 3.2096195
4011 3.8040571
4111 4.0868053
4210 4.2935467
4311 4.1942616
4411 3.5859318
4512 2.2614336
4611 0.8203821
4713 -0.34784555
5046 -3.4202151
5146 -4.032188
5231 -4.216593
5331 -4.2461452
5431 -4.195506
5530 -3.845701
5631 -3.0397713
5730 -1.8698559
5830 -0.8301649
5930 0.2941532
6047 1.5572128
6133 2.4458022
6231 3.2568512
6333 3.7672272
6431 4.0591793
6532 4.1141148
6632 4.030531
6732 3.4895182
6832 2.5146537
6932 1.3180223
7035 0.16738367
7133 -0.8335638
7233 -1.9971266
7332 -2.9031804
7434 -3.5634146
7534 -4.1091995
7634 -4.3045216
7734 -4.388606
7834 -4.010488
7934 -3.2439368
8035 -2.2040584
8134 -1.1970952
8235 -0.23777866
8335 0.69723034
8436 1.7603216
8535 2.6278849
8635 3.4034424
8735 3.846902
8835 4.2269
8935 4.266247
9037 4.1872883
9135 3.6395693
9237 2.4874086
9336 1.3692074
9436 0.15350437
9536 -0.9127312
9637 -2.054892
9737 -3.1401913
9837 -3.7656796
9937 -4.335383
10037 -4.5569468
10140 -4.724013
10238 -4.4553213
10339 -3.7214022
10438 -3.031598
10538 -2.154758
10638 -1.1112309
10738 -0.181077
10838 1.0372133
10938 2.0054917
11040 3.2670069
11139 3.8427858
11241 4.0782566
11339 4.1609106
11440 3.9550104
11539 3.548151
11641 2.4993935
11740 1.1441345
11840 -0.20716238
11940 -1.5687611
12041 -2.6031456
12140 -3.5902212
12241 -4.3646436
12342 -4.4515133
12442 -4.4331164
12542 -4.3797975
12642 -3.8927565
12741 -3.1138246
12841 -1.8750262
12942 -0.7814121
13042 0.5055556
13142 1.4159327
13243 2.5804586
13343 3.485734
13443 3.9579334
13543 4.1704693
13643 4.1949997
13743 3.9613676
13844 3.2321806
13943 1.9967828
14044 0.8926506
14143 -0.12810802
14244 -0.9314952
14345 -2.3347769
14445 -3.238883
14545 -3.9420729
14645 -4.4529157
14746 -4.48777
14846 -4.3526907
14946 -3.9330552
15046 -3.2411666
15146 -2.3882706
15247 -1.3687751
15346 -0.575706
15446 0.9180536
15546 2.1465197
15647 3.0528564
15747 3.5272388
15847 3.6840649
15947 3.572299
16047 2.7943192
16131 1.5459375
16231 0.3029623
16331 -0.8820324
16431 -1.8251758
16532 -2.5532238
16632 -2.7737465
16748 -2.7211237
16831 -2.4329948
16948 -1.4389699
17035 -0.5522504
17133 0.5420718
17233 1.7622428
17332 2.6475344
17433 3.0217495
17533 3.0589628
17633 2.784027
17734 1.633493
17833 0.38255262
17935 -0.8029103
18034 -1.7312169
18135 -2.5718434
18234 -2.927613
18335 -3.0835652
18435 -3.0038545
18536 -2.265214
18635 -1.2129982
18735 -0.2251277
18836 0.704566
18936 1.5550818
19036 2.4085617
19136 3.0504837
19236 3.3630075
19337 3.3644705
19437 2.9512177
19537 1.7239037
19637 0.49948597
19737 -0.60939884
19837 -1.4845276
19939 -2.303286
20037 -2.9613442
20137 -3.1779797
20237 -3.2693706
20338 -3.1406026
20438 -2.3607624
20538 -1.0829101
20639 0.20405483
20739 1.2321401
20839 2.1800833
20939 2.7776718
21038 2.9788904
21139 2.9758272
21240 2.7708578
21340 2.163147
21440 1.0395122
21539 -0.035886765
21640 -1.1126201
21740 -1.98859
21841 -2.6364522
21940 -3.1712446
22040 -3.70636
22142 -3.8750744
22241 -3.8912888
22341 -3.6278596
22441 -2.7440941
22541 -1.561496
22642 -0.53002834
22742 0.4643178
22842 1.4379897
22942 2.1576462
23042 2.7824316
23142 3.0487585
23243 3.0032158
23342 2.4686384
23443 1.1771784
23543 -0.081645966
23643 -1.0422089
23744 -1.8449848
23844 -2.4231274
23944 -2.8451543
24044 -3.0855184
24144 -3.1841626
24244 -3.1509674
24345 -2.3127189
24445 -1.1479087
24545 -0.18238258
24645 0.88516855
24745 1.648469
24848 2.504953
24947 3.0038986
25046 3.2075548
25145 3.2689915
25245 3.0578938
25347 1.9524398
25447 0.720943
25546 -0.65079594
25646 -1.5688083
25747 -2.3751333
25846 -2.9178789
25947 -3.400011
26047 -3.807732
26148 -4.021178
26247 -3.9447088
26347 -3.3043246
26448 -2.1521
26548 -1.1085083
26648 -0.11878157
26749 0.6784849
26848 1.4550056
26948 2.1468558
27049 2.6353292
27149 2.9476595
27233 3.0547285
27334 3.0279293
27449 2.3802261
27533 0.890882
27650 -0.39781952
27734 -1.2210732
27850 -1.9966824
27935 -2.4428713
28034 -2.9540238
28136 -3.3359435
28234 -3.7433448
28336 -3.8126757
28434 -3.7313957
28535 -3.3385117
28635 -2.612064
28735 -1.4653778
28836 -0.54680157
28935 0.29590416
29036 1.2235069
29135 1.9824133
29236 2.4663835
29336 2.6768837
29437 2.69831
29536 2.4927988
29637 1.8842864
29738 0.9861026
29837 -0.06729698
29937 -1.1643519
30037 -1.9113603
30138 -2.7023618
30237 -3.350208
30338 -3.6629977
30438 -3.6880932
30538 -3.6810336
30638 -3.4118443
30738 -2.1053367
30840 -1.0140119
30938 -0.15246725
31039 0.6077204
31139 1.3106017
31240 1.9862261
31339 2.372435
31439 2.5109243
31540 2.5239935
31640 2.3704133
31742 1.623023
31840 0.70076704
31942 -0.2194109
32041 -0.88372135
32142 -1.6454029
32241 -2.4354358
32341 -3.022595
32441 -3.533574
32541 -3.6557057
32641 -3.5817807
32742 -3.1564236
32843 -2.3114407
32942 -1.2429764
33044 -0.1615591
33142 0.7417078
33243 1.5950842
33342 2.1332521
33442 2.4387121
33542 2.4547668
33643 2.245552
33743 1.822341
33843 1.0222788
33943 -0.043013096
34044 -0.8585205
34145 -1.5809789
34243 -2.1207926
34345 -2.8482196
34445 -3.5203943
34544 -3.613246
34645 -3.725598
34745 -3.6803908
34847 -3.284779
34945 -2.4356127
35046 -1.2391343
35146 -0.16069889
35246 0.854094
35346 1.7645059
35446 2.227994
35546 2.7436843
35647 3.0099688
35748 3.1708126
35846 3.1330194
35948 2.8023872
36047 1.8922362
36148 0.68284893
36247 -0.20207644
36348 -1.416959
36447 -2.3857317
36548 -3.610324
36648 -4.078521
36748 -4.262864
36848 -4.3149
36948 -4.2074747
37048 -3.7507763
37149 -2.520097
37250 -1.1625638
37350 0.1589222
37449 0.8829751
37549 1.6234436
37650 2.0817137
37749 2.522657
37850 2.664216
37952 2.694944
38051 2.44589
38151 1.371037
38250 0.13823414
38351 -0.98349094
38451 -1.9245625
38551 -2.59101
38650 -3.0807757
38751 -3.4394166
38837 -3.5127192
38935 -3.4868755
39036 -3.190611
39135 -2.4076037
39236 -1.33163
39336 0.07597065
39436 1.0898461
39537 2.1634521
39637 2.7860603
39736 3.2570486
39837 3.4062538
39939 3.4035892
40037 3.2281246
40138 2.2770019
40236 1.1192026
40338 -0.087613106
40438 -1.2350571
40538 -2.1147597
40638 -2.9243312
40738 -3.4062428
40839 -3.762931
40939 -3.8351011
41039 -3.5671499
41138 -2.763291
41240 -1.5841243
41340 -0.38720608
41440 0.54568195
41541 1.4987526
41640 2.3775353
41742 3.072544
41840 3.466013
41940 3.6229925
42040 3.6257381
42141 3.512333
42240 2.8339448
42341 1.3231459
42441 -0.07795143
42541 -1.0461926
42642 -1.8656418
42741 -2.326515
42843 -2.7294354
42941 -2.8275476
43043 -2.847755
43143 -2.557436
43243 -1.4786973
43342 -0.31484222
43443 0.7776685
43543 1.6304069
43643 2.3607302
43745 3.0093527
43843 3.2520714
43944 3.3592434
44044 3.3649273
44144 3.1638489
44244 2.3264184
44344 1.2373552
44445 -0.096877575
44544 -1.2104771
44645 -2.0534854
44744 -2.7277868
44844 -3.2631161
44944 -3.557679
45045 -3.9534864
45145 -3.9586034
45246 -3.5426798
45345 -2.1644645
45446 -0.90749454
45546 0.218009
45646 1.0341992
45746 1.713057
45846 2.1761184
45947 2.693347
46047 3.0440483
46147 3.2218933
46247 3.1035156
46347 2.4566855
46448 1.2431431
46547 0.24111652
46648 -0.88605595
46748 -1.8157954
46849 -2.6052518
46948 -3.1389847
47049 -3.392813
47148 -3.4667296
47249 -3.4441316
47349 -3.1511283
47449 -2.2247617
47550 -0.88401985
47649 0.17131138
47751 1.8120089
47850 2.9941874
47950 3.621664
48050 4.2300625
48150 4.427809
48250 4.4324875
48351 4.387827
48451 3.5090399
48551 2.6414504
48651 1.2920833
48752 -0.5344362
48852 -1.9019084
48952 -2.9653597
49052 -3.6514487
49152 -4.0670257
49252 -4.146845
49353 -4.024315
49453 -3.547784
49552 -2.5207782
49653 -1.4758847
49738 -0.7806158
49854 0.5416212
49938 1.5695214
50037 2.788228
50154 3.6279306
50237 4.0237303
50354 4.194294
50437 4.1791134
50538 3.8917637
50640 3.3243084
50737 2.52285
50839 1.3603663
50938 0.1472497
51039 -1.273967
51139 -2.6570163
51239 -3.6341474
51339 -4.52953
51439 -5.0
51540 -5.0
51639 -5.0
51741 -4.8264627
51840 -3.7149403
51941 -2.370952
52041 -1.2607064
52140 -0.25314474
52240 0.92335176
52340 2.0046682
52441 2.915473
52541 3.3584566
52643 3.503355
52742 3.381425
52842 2.9838295
52943 2.0563455
53042 0.79661274
53142 -0.45978737
53242 -1.4281335
53343 -2.478745
53442 -3.2636797
53545 -4.0238504
53642 -4.257801
53744 -4.2562532
53843 -4.124179
53944 -3.7383344
54043 -2.8786528
54144 -1.7002397
54244 -0.5207701
54344 0.81070805
54444 2.2486634
54545 3.1198978
54645 3.9037352
54745 4.409645
54845 4.6277714
54946 4.629177
55045 4.513529
55145 4.092066
55246 3.0314026
55345 1.809874
55446 0.37459564
55545 -1.0409374
55646 -2.3332076
55747 -3.2712898
55847 -3.989495
55947 -4.694099
56046 -4.9457684
56148 -4.972494
56247 -4.7736964
56347 -4.0737715
56448 -2.9564433
56548 -1.603344
56649 -0.30080318
56748 1.1056476
56849 2.2316856
56948 3.1248035
57048 3.6977377
57149 3.9563665
57249 4.008665
57352 3.9832706
57449 3.6733856
57549 2.5136652
57650 1.1696315
57750 -0.14741611
57850 -1.3944213
57950 -2.365941
58050 -3.2042668
58150 -3.7788959
58250 -4.1709504
58351 -4.2952776
58450 -4.1668086
58551 -3.3235176
58651 -2.067746
58751 -0.9368315
58852 0.25184298
58952 1.4209113
59052 2.4686599
59151 3.2692556
59252 3.8897953
59353 4.3978214
59453 4.4636374
59552 4.373786
59653 3.9052105
59753 3.0742884
59854 1.7280631
59954 0.43630838
60053 -1.1384232
60154 -2.3537478
60254 -3.3702962
60353 -3.9669352
60455 -4.262814
60555 -4.302735
60655 -4.225109
60754 -3.6095247
60855 -2.4015698
60955 -1.0498111
61055 0.052078247
61155 1.2402663
61255 2.2067385
61356 3.1514397
61456 3.7125568
61540 4.092313
61639 4.1915684
61740 4.1829643
61839 3.9715748
61940 3.2778177
62040 2.0960908
62140 0.88465214
62240 -0.40879583
62341 -1.386179
62442 -2.4270308
62541 -3.1668196
62642 -3.797593
62740 -4.2431903
62841 -4.270685
62941 -4.055252
63042 -3.4297707
63142 -2.44939
63243 -1.2139409
63342 -0.035046577
63442 1.1451459
63543 2.4636087
63643 3.2427912
63743 3.7677135
63843 4.067586
63944 4.185999
64044 4.1154327
64143 3.7958736
64244 2.8514519
64343 1.8237009
64445 0.81264305
64544 -0.2777114
64644 -1.2951417
64745 -2.2169569
64845 -2.8137105
64945 -3.3418543
65045 -3.809109
65146 -4.039331
65246 -4.0218596
65346 -3.8997486
65445 -3.633866
65546 -2.7456179
65646 -1.7164416
65747 -0.48823738
65847 0.8820629
65947 2.062211
66046 3.0189362
66147 3.7912989
66247 4.3698845
66347 4.698019
66448 4.7143
66547 4.524252
66649 3.804121
66748 2.6061811
66848 1.3338895
66947 0.12326479
67048 -0.88402414
67148 -1.9546142
67249 -2.8605914
67350 -3.6228628
67449 -4.1062117
67550 -4.369367
67649 -4.397587
67750 -4.182343
67850 -3.5769324
67950 -2.3598475
68050 -0.97438955
68150 0.36077595
68251 1.8849258
68350 2.9982314
68451 3.8395767
68550 4.298685
68652 4.574787
68751 4.629533
68851 4.3721523
68951 3.6164837
69051 2.3964272
69152 0.8748722
69252 -0.47556114
69352 -1.7894197
69453 -2.9228334
69554 -3.7760577
69652 -4.6599913
69753 -5.0
69853 -5.0
69953 -5.0
70053 -4.668482
70153 -3.7614331
70253 -2.4089935
70354 -1.0667834
70453 0.27104092
70555 1.2974114
70655 2.411251
70754 3.5197792
70855 4.19753
70955 4.308446
71055 3.9882202
71155 3.3347301
71255 2.1481028
71340 0.82508373
71440 -0.5281553
71540 -1.5978355
71639 -2.4740224
71740 -2.8428817
71840 -3.1718488
71940 -3.2494917
72040 -2.7960997
72156 -1.393259
72240 -0.22082615
72340 1.0091677
72440 2.0909758
72540 2.6965003
72641 3.285204
72741 3.5521336
72841 3.5430202
72942 2.9351768
73041 1.9535508
73141 0.88389635
73242 -0.029990673
73341 -1.0545993
73442 -2.2497342
73543 -3.2291772
73643 -3.7994726
73743 -4.1089907
73843 -4.10434
73943 -3.6264632
74044 -2.653375
74143 -1.6999626
74245 -0.6833916
74344 0.5897403
74444 1.6222849
74544 2.59367
74645 3.304099
74744 3.6723948
74845 3.91671
74944 3.5980673
