16 -2.2557411
118 -3.0391154
217 -3.165199
317 -2.8451586
417 -2.0590103
517 -0.94394493
617 0.42598438
717 2.1269326
817 3.0309658
1135 3.4272423
1235 2.5571136
1335 1.078733
1436 -0.17917824
1536 -1.1799328
1638 -1.9170172
1736 -2.4385262
1836 -2.578128
1938 -1.9699388
2036 -0.90985537
2138 0.62393904
2238 1.9251595
2337 2.8809266
2437 3.213832
2538 3.086567
2637 2.3420715
2739 0.9343729
2838 -0.5059657
2938 -1.9285583
3039 -3.0975087
3139 -3.3241534
3238 -3.321166
3339 -2.853116
3439 -1.3779869
3539 -0.07765007
3639 1.0966344
3739 2.0298204
3839 2.641646
3941 2.8222094
4041 2.6912255
4140 1.7332954
4240 0.041436195
4340 -1.3740966
4441 -2.7136521
4541 -3.4099283
4641 -3.699648
4741 -3.6149044
4841 -2.885676
4941 -1.5848308
5042 -0.23108387
5143 1.1001649
5244 2.3153238
5342 2.9658608
5442 3.045743
5542 2.4596634
5643 0.8228364
5743 -0.5971842
5827 -1.8311086
5927 -2.7971575
6027 -3.5634646
6127 -3.962575
6227 -3.3223586
6327 -1.9398875
6427 -0.31834173
6527 1.073144
6627 2.2513871
6727 2.9098005
6828 2.956553
6928 2.6459327
7028 1.5576019
7128 0.0571146
7228 -1.2463715
7329 -2.4901342
7429 -3.344105
7529 -3.0890439
7629 -3.1174552
7730 -2.0611854
7830 -0.36242008
7930 0.7679701
8030 2.1141105
8130 2.8485441
8230 2.986167
8330 2.7511902
8430 1.8880768
8530 0.47859192
8633 -0.82758045
8733 -2.145926
8833 -2.8401814
8932 -3.3279123
9032 -3.2289252
9132 -2.4923615
9232 -1.2365413
9332 0.10640049
9432 1.3488884
9533 2.4035482
9632 3.2001514
9732 3.4160166
9834 3.425228
9933 2.7162957
10033 1.2373948
10133 -0.25605106
10234 -1.9035878
10334 -2.8804514
10434 -3.289339
10534 -3.0404196
10635 -2.1739964
10735 -0.8369932
10835 0.50997543
10934 1.7244062
11035 2.6777334
11138 3.12494
11238 3.1170387
11335 2.6318617
11435 1.5037451
11538 0.104840755
11638 -1.1045775
11738 -2.3115036
11838 -2.9795754
11938 -2.8665915
12038 -1.7442691
12138 -0.52984333
12238 0.6844244
12338 1.8156786
12438 2.7215643
12538 3.1841183
12637 3.266243
12738 3.0129452
12838 2.1038084
12938 0.7267103
13038 -0.5746145
13138 -1.7536216
13239 -2.8064547
13339 -3.1788487
13439 -3.0809746
13540 -2.3034472
13640 -0.95897436
13739 0.45105648
13840 1.7119193
13940 2.6857605
14040 3.0270557
14140 2.9670916
14241 2.4397888
14341 1.1527548
14441 -0.27422094
14541 -1.7624733
14642 -2.7777886
14743 -3.1487098
14842 -3.2040136
14942 -2.0909226
15041 -0.9483423
15141 0.38153124
15242 1.600483
15342 2.4518852
15442 2.8730555
15542 2.9996376
15643 2.7517037
15727 1.9331665
15827 0.46909046
15927 -0.99379206
16028 -2.5850625
16127 -3.9053566
16227 -5.0
16330 -5.0
16428 -3.9121463
16527 -2.856153
16628 -1.7789111
16728 -0.3816867
16828 0.81367683
16928 1.8988929
17029 3.0074863
17129 3.3853016
17229 3.4938374
17329 3.4543076
17429 2.9937744
17529 2.2988024
17629 1.3342009
17730 0.37319517
17829 -0.5165777
17930 -1.4348569
18030 -2.2428153
18130 -3.1119752
18231 -4.2490883
18331 -4.729388
18434 -4.5182767
18531 -3.0411627
18631 -1.9453712
18731 -0.71559334
18834 0.37339544
18934 1.3460665
19034 2.171865
19131 2.871348
19234 3.1994362
19333 3.0792103
19433 2.0601416
19533 0.54500484
19633 -0.94084454
19732 -2.5905814
19833 -3.8594687
19936 -5.0
20033 -5.0
20136 -5.0
20236 -3.7134619
20334 -2.1058192
20434 -0.96033955
20535 -0.011013985
20634 1.1981606
20735 2.2251496
20835 3.1055279
20935 3.3853588
21035 3.388072
21135 2.906714
21235 2.0777893
21336 0.97437
21436 -0.11584377
21536 -0.9318423
21636 -2.1200683
21739 -3.2005286
21839 -3.6978493
21939 -3.8899689
22039 -3.6411548
22139 -2.932907
22239 -1.8739705
22338 -0.41191244
22437 0.84603786
22538 1.7337418
22638 2.3866816
22738 2.7483125
22838 3.6333218
22939 3.810854
23039 3.9317713
23139 3.953578
23239 3.6417332
23339 2.6860685
23439 1.5490417
23540 0.21805334
23640 -0.8588877
23740 -1.8439174
23839 -2.618106
23940 -3.830629
24040 -4.5448174
24140 -3.448006
24241 -2.488229
24341 -1.4695802
24441 -0.3122635
24541 0.7061548
24641 1.89747
24742 2.3545942
24842 2.5063758
24942 2.7714067
25042 2.7984986
25142 2.7570581
25243 2.3327417
25342 1.4756074
25444 0.5862107
25543 -0.17987728
25643 -1.0328274
25727 -1.7047997
25827 -2.2911441
25927 -2.82229
26027 -3.009644
26127 -3.0220819
26227 -2.9048617
26328 -2.5654094
26428 -1.9903028
26528 -1.0333633
26628 -0.06293106
26728 0.93165827
26828 1.8978028
26929 2.4775038
27029 2.8152251
27129 3.9742975
27229 4.0854473
27329 3.9454937
27429 3.3714314
27529 2.5079393
27629 1.55755
27948 -1.1611743
28047 -1.825552
28147 -2.2278266
28247 -2.3855205
28348 -2.2140324
28448 -1.6188953
28547 -0.67050457
28648 0.36888552
28748 1.3410559
28849 2.135572
28948 2.7415152
29050 3.2412758
29150 3.4560385
29249 3.515707
29350 3.4052362
29451 2.9815688
29550 2.1516862
29649 1.2189474
29750 0.3236475
29850 -0.3613186
29950 -1.1334941
30051 -1.783556
30151 -2.4255137
30252 -2.5096507
30352 -2.4254694
30451 -1.8390565
30551 -0.78689766
30652 0.2511735
30752 1.3191242
30851 2.1397033
30952 2.7807374
31052 3.2632484
31152 3.4725313
31253 3.620844
31352 3.7304707
31452 3.720664
31554 3.336687
31653 2.5386338
31755 1.4954004
31854 0.5656848
31953 -0.40287066
32054 -1.4681594
32137 -2.0349784
32238 -2.5135188
32338 -2.655658
32437 -2.677636
32538 -2.5927846
32638 -2.2400908
32738 -1.5456924
32838 -0.846961
32938 -0.0872798
33039 0.7265272
33139 1.391036
33239 1.982863
33339 2.4369516
33439 2.8444262
33540 2.3139648
33640 3.032424
33740 3.0451803
33840 2.3870592
33940 1.2593908
34041 0.10050678
34141 -0.76689386
34241 -1.5417817
34341 -2.139777
34441 -2.766287
34541 -3.223164
34642 -3.1333055
34741 -2.5203133
34845 -2.0314472
34945 -1.4633491
35045 -0.7883673
35145 -0.15028238
35242 0.45151424
35342 1.058147
35443 1.6867843
35543 2.2089043
35643 2.6487174
35743 3.0160236
35844 3.090397
35943 2.7670693
36044 2.0957246
36145 1.1401725
36247 0.1612091
36344 -0.54899406
36447 -1.3588192
36547 -2.0178378
36647 -2.3622823
36747 -2.5968597
36847 -2.6710076
36947 -2.6806278
37046 -2.5080698
37146 -1.6682649
37246 -0.57555723
37346 0.27610683
37447 1.0231228
37547 1.7135496
37646 2.2174644
37746 2.5157228
37850 2.605493
37947 2.3875632
38047 1.602273
38150 0.5032244
38250 -0.5463028
38348 -1.3669701
38448 -2.0036614
38548 -2.5148997
38649 -2.6667423
38749 -2.6509423
38849 -2.5823662
38949 -2.4546008
39049 -2.1108713
39149 -1.1012943
39249 0.08861256
39349 1.1190667
39450 2.0258455
39550 2.8059044
39650 3.2259932
39750 3.4173145
39851 3.4365873
39951 3.067994
40051 2.4609504
40151 1.7157354
40251 0.7542753
40352 -0.14922142
40452 -0.83940697
40552 -1.4112916
40652 -1.7868524
40752 -2.0285163
40853 -2.1525276
40952 -2.1803868
41053 -2.053717
41153 -1.5581138
41253 -0.61531353
41353 0.25095224
41453 1.0758538
41554 1.9159822
41653 2.499804
41753 2.9546814
41853 3.1858654
41938 3.2864342
42038 3.2981672
42138 2.9044204
42238 2.2391157
42338 1.1057439
42438 0.1660614
42538 -0.7136841
42638 -1.5414531
42738 -2.1750472
42839 -2.632503
42939 -2.7593293
43039 -2.7781758
43139 -2.5653386
43240 -2.1063058
43339 -1.3178878
43440 -0.46152306
43540 0.405869
43640 1.1810789
43740 1.8580427
43840 2.4025412
43940 2.7705002
44040 2.94655
44141 2.9884977
44241 2.7408457
44341 1.98314
44441 0.63083744
44541 -0.44246387
44645 -1.415982
44745 -2.2419994
44844 -3.2557578
44944 -3.6487103
45042 -4.055991
45143 -4.2133565
45244 -3.7776942
45343 -2.548054
45443 -1.5307827
45544 -0.4909072
45644 0.69829416
45743 1.6620584
45844 2.272368
45944 2.6023035
46046 2.6725426
46146 2.6284857
46246 2.3675432
46345 1.4782362
46445 0.20942211
46545 -0.76464796
46646 -1.547339
46745 -2.3100986
46846 -2.7625067
46946 -3.0397966
47046 -3.1333046
47146 -3.0715523
47246 -2.5246902
47349 -1.4630921
47449 -0.76700354
47547 0.1870203
47649 1.0129671
47749 1.8390884
47849 2.3387618
47949 2.7063637
48050 2.916504
48148 2.9758835
48248 2.8940516
48348 2.0829172
48448 0.3892784
48548 -0.84583664
48648 -1.7885983
48749 -2.419735
48849 -2.8713279
48949 -2.9804518
49049 -2.8805413
49149 -2.5107694
49249 -1.7967942
49351 -1.0853724
49450 -0.07263851
49550 0.7932539
49650 1.5186219
49751 2.2133741
49851 2.8246002
49951 3.2156544
50050 3.4215555
50151 3.4606504
50251 3.202878
50351 2.0811667
50453 0.82118464
50554 -0.25713634
50652 -1.1605592
50752 -1.9714394
50852 -2.628858
50952 -2.9066029
51053 -2.9949102
51153 -2.8052824
51253 -2.2769196
51353 -1.2786403
51453 -0.41623592
51553 0.26415348
51653 1.2144694
51755 1.8353539
51855 2.33777
51954 2.75597
52038 3.0103397
52138 3.1772623
52238 3.0935345
52338 2.5459685
52438 1.6231918
52538 0.46934032
52639 -0.6521063
52739 -1.4832063
52839 -2.3413956
52939 -2.753405
53039 -2.8365788
53140 -2.658318
53240 -1.9765604
53340 -1.22107
53439 -0.4875555
53540 0.52440023
53640 1.3728876
53740 2.0216699
53841 2.501357
53941 2.9632049
54042 3.2372227
54141 3.2955399
54241 3.0898323
54341 2.128646
54444 1.0497084
54544 -0.07219648
54644 -1.1154761
54744 -2.136126
54844 -2.8861384
54945 -3.269615
55045 -3.443603
55145 -3.4904687
55245 -2.7357812
55344 -2.042941
55444 -0.97365665
55543 -0.21194744
55646 0.8335929
55746 1.6708117
55846 2.2766013
55946 2.7313051
56046 3.0399113
56146 3.2541971
56245 3.524622
56345 3.516634
56444 3.082468
56545 2.0406303
56646 0.8675947
56746 -0.5259638
56846 -1.5466125
56946 -2.4898374
57046 -2.9346013
57149 -3.1284382
57249 -3.0969718
57347 -2.733504
57447 -1.8070824
57547 -0.7658801
57648 0.28767347
57748 1.2597108
57848 2.1907082
57948 2.9984117
58047 3.5457602
58147 3.8884258
58249 4.0920706
58348 4.03582
58449 3.021225
58549 1.7557435
58649 0.63203144
58748 -0.5368056
58851 -1.4539375
58950 -2.0203674
59049 -2.697206
59150 -2.989099
59250 -3.004284
59350 -2.8243182
59450 -1.8522751
59550 -0.85494614
59650 0.044309616
59750 0.78403044
59851 1.8467536
59951 2.5070853
60053 2.9712915
60152 3.2892542
60253 3.5665054
60351 3.6189585
60453 3.259076
60552 1.799511
60652 0.4344964
60752 -0.58681154
60852 -1.7088752
60952 -2.618923
61053 -3.172261
61153 -3.4636137
61253 -3.590653
61354 -3.237372
61454 -2.3420508
61553 -1.3235049
61654 -0.46347427
61738 0.4820614
61838 1.3742213
61938 1.9767447
62038 2.439106
62138 2.6927314
62238 2.8095145
62338 2.793995
62439 2.3974967
62539 1.2745414
62639 -0.036088943
62739 -1.081737
62840 -1.8594213
62939 -2.4236786
63039 -2.815465
63139 -3.0141196
63240 -3.042308
63340 -2.856618
63440 -2.0212498
63540 -0.92798233
63641 0.08478403
63741 0.977767
63841 1.7360778
63941 2.2824202
64041 2.6335511
64141 2.6803842
64244 2.4876533
64344 1.7864599
64444 0.6996484
64544 -0.42876244
64644 -1.6979854
64744 -2.775196
64844 -3.341126
64944 -3.4309144
65043 -3.229508
65143 -2.6776178
65243 -1.6981049
65343 -0.6250739
65443 0.30896425
65544 1.1127491
65644 1.9373717
65744 2.7345185
65844 3.0967436
65944 3.2580395
66045 3.3770647
66145 3.0686026
66245 1.4945998
66345 0.24832726
66445 -0.80763197
66545 -1.6042418
66645 -2.0743127
66746 -2.454664
66846 -2.4343932
66946 -2.040176
67046 -1.4163632
67149 -0.6165228
67247 0.19760227
67347 0.9493494
67447 1.6918564
67547 2.3479705
67647 2.8126655
67747 3.13552
67848 3.2282763
67948 3.0469236
68883 -2.5115733
68983 -1.5860672
69083 -0.7488189
69183 -0.044549942
69286 0.7019396
69386 1.4089775
69483 2.087287
69583 2.5774398
69686 2.9038405
69787 3.108323
69886 3.1781187
69986 3.1557503
70086 2.4116807
70186 1.0217304
70286 -0.08517027
70385 -0.8651738
70485 -1.8090334
70588 -2.2615972
70688 -2.282281
70788 -2.1199756
70886 -1.6757398
70989 -0.7915697
71089 0.27334213
71188 1.089664
71289 1.7277536
71387 2.168232
71487 2.471428
71587 2.5548897
71688 2.2814264
71787 1.2148981
71888 0.06176281
71988 -0.89545727
72088 -1.7151058
72188 -2.1844206
72288 -2.2865021
72391 -2.202273
72491 -1.8127346
72591 -1.2251236
72691 -0.47448444
72791 0.41161823
72891 1.3683147
72991 2.3091955
73090 3.0022821
73191 3.3817253
73290 3.4624748
73390 3.324913
73490 2.7534666
73590 1.3098326
73692 0.047766685
73791 -1.0264297
73891 -1.9784663
73991 -2.408525
74092 -2.4865854
74192 -2.455224
74526 -1.3157089
74626 -0.31998014
74726 0.50212
74826 1.2967224
74926 2.290976
