14 3.4886932
114 3.6907988
214 3.7397556
314 3.6904078
414 3.3983078
514 2.732183
614 1.8611703
715 0.98549366
814 -0.07847452
915 -0.8966265
1015 -1.7397239
1115 -2.3684466
1216 -2.8742394
1315 -3.0911975
1416 -3.1591942
1516 -3.161363
1616 -3.1179948
1715 -2.8048167
1816 -2.0583835
1917 -1.2734058
2017 -0.4206338
2116 0.38526726
2217 1.1141481
2317 1.8716445
2417 2.4457726
2517 2.9492035
2618 3.349245
2717 3.4759617
2800 3.5217075
2900 3.4644299
3000 3.145339
3100 2.5655985
3200 1.7547836
3301 0.87513924
3402 -0.09534168
3503 -0.8680558
3603 -1.6492169
3703 -2.39627
3803 -2.958625
3903 -3.4361062
4003 -3.7294557
4103 -3.8381126
4204 -3.7986698
4304 -3.5038357
4404 -2.6758626
4504 -1.681395
4604 -0.67559147
4704 0.1849885
4804 1.1866388
4905 1.8577957
5005 2.4523802
5105 2.8802238
5205 3.2139072
5305 3.427555
5405 3.6659317
5505 3.6799612
5605 3.2978096
5706 2.420301
5806 1.4676399
5906 0.68642616
6006 -0.15215778
6106 -0.9721055
6206 -1.69362
6307 -2.4670744
6407 -3.073892
6507 -3.3346453
6608 -3.4157534
6707 -3.3654256
6808 -3.144575
6908 -2.621117
7008 -1.7666087
7108 -0.9162164
7208 0.05141449
7308 0.97652245
7408 1.7946992
7508 2.3661118
7609 2.7619715
7710 3.1134815
7810 3.3250742
7909 3.364913
8010 3.2090778
8110 2.7788558
8210 2.206729
8311 1.376226
8410 0.7637477
8510 0.06390047
8611 -0.73252535
8711 -1.3562748
8812 -2.1259155
8912 -2.6457815
9012 -2.9543815
9111 -3.0223823
9212 -2.9513488
9312 -2.6376295
9413 -2.1055608
9513 -1.2507224
9613 -0.41445065
9713 0.46429825
9812 1.2051444
9913 1.9069963
10014 2.4723177
10114 3.0730171
10213 3.4825869
10313 3.6026592
10413 3.5859528
10514 3.3448696
10614 2.6823325
10715 1.9640946
10815 1.1900206
10915 0.5744343
11015 -0.0071058273
11115 -0.63671255
11215 -1.4395435
11316 -2.1946378
11415 -2.8626437
11516 -3.3360667
11615 -3.5482786
11716 -3.4838197
11817 -3.0599291
11916 -2.157144
12017 -1.1992393
12117 -0.35454893
12217 0.48912048
12317 1.3947592
12417 2.1278296
12518 2.6181169
12618 2.9830756
12718 3.1568718
12800 3.2110538
12900 3.1823988
13000 2.9031553
13100 2.375711
13200 1.4198866
13300 0.36993265
13403 -0.714066
13503 -1.6395569
13603 -2.4363778
13703 -3.1526685
13803 -3.6215234
13903 -3.7710066
14003 -3.6007204
14104 -3.1703048
14204 -2.5785365
14304 -1.8891945
14404 -0.95123625
14504 -0.13468075
14604 0.85823345
14704 1.6669245
14804 2.3255148
14905 2.828093
15005 3.2420826
15105 3.4953432
15205 3.615427
15305 3.6048002
15405 3.3764448
15506 2.6156912
15606 1.6556959
15706 0.72198963
15806 -0.18220472
15906 -1.0093396
16006 -1.7879689
16106 -2.4515204
16206 -3.0172436
16307 -3.3054338
16407 -3.418817
16507 -3.3589354
16607 -3.01091
16707 -2.5449271
16807 -1.7090156
16908 -0.9099355
17008 -6.5898895E-4
17108 0.93298197
17209 1.7424421
17308 2.4824357
17409 2.9753923
17508 3.2420359
17609 3.2971964
17710 3.2478352
17809 2.9740324
17910 2.345759
18010 1.4636145
18110 0.5925226
18210 -0.24241924
18311 -0.9673481
18411 -1.7469459
18511 -2.4080882
18611 -3.0770674
18712 -3.3461545
18811 -3.357244
18911 -3.0744958
19012 -2.4782357
19112 -1.7143826
19212 -0.92008257
19313 -0.048233986
19413 0.7405324
19513 1.4817171
19613 2.0582786
19713 2.6034074
19813 3.08634
19913 3.3614187
20014 3.406084
20113 3.3263302
20214 2.8638291
20313 2.1865692
20414 1.4112387
20514 0.44570398
20615 -0.37847042
20714 -1.0429916
20814 -1.7822037
20914 -2.3619092
21015 -2.867203
21115 -3.077042
21215 -3.0825562
21316 -2.9374068
21416 -2.7065659
21515 -2.315719
21616 -1.675513
21716 -0.739316
21816 0.12350798
21917 1.0267038
22017 1.7999701
22116 2.3932714
22217 2.8065858
22317 3.0264864
22417 3.1675806
22517 3.280367
22617 3.386654
22700 3.4335737
22800 3.4558372
22900 3.3780565
23000 2.8880587
23101 2.0730658
23200 1.0831323
23302 0.17562342
23402 -0.46556282
23503 -1.1081359
23603 -1.6066387
23703 -2.102818
23803 -2.5161638
23903 -2.7177396
24003 -2.735353
24103 -2.5698128
24204 -2.1509075
24304 -1.5413699
24404 -0.71989155
24504 0.07467079
24604 0.94405794
24704 1.7139688
24804 2.472394
24905 3.1565685
25005 3.5974903
25105 3.7554026
25205 3.749792
25305 3.5039616
25405 2.8414397
25506 1.8798423
25606 1.0428762
25706 0.12127447
25806 -0.59231853
25906 -1.294044
26006 -1.9567876
26106 -2.4492104
26207 -2.7501454
26307 -2.8501923
26407 -2.7980986
26507 -2.4823296
26607 -1.7039866
26708 -0.7640476
26808 0.11614561
26909 0.9664068
27008 1.671566
27108 2.3371415
27208 2.7936296
27308 3.0983257
27409 3.247961
27510 3.2883005
27609 3.2303133
27709 2.744619
27810 1.655417
27910 0.79583645
28010 0.036153793
28109 -0.6620207
28211 -1.4531865
28310 -2.0900445
28411 -2.47754
28511 -2.6624212
28611 -2.6919098
28711 -2.620937
28812 -2.2515502
28911 -1.3215592
29012 -0.19124651
29112 0.9044094
29212 1.7448301
29312 2.3095255
29412 2.6234093
29512 2.832409
29612 2.9116998
29713 2.9259315
29812 2.7691665
29913 2.2106385
30013 1.342289
30114 0.5144787
30214 -0.28858995
30314 -1.0985532
30414 -1.9331529
30514 -2.6419635
30615 -3.1591647
30715 -3.4531136
30815 -3.526382
30914 -3.4393873
31015 -3.0439231
31115 -2.2710726
31216 -1.364397
31315 -0.3884592
31416 0.49529743
31516 1.3199205
31615 1.922895
31716 2.4797873
31816 2.8569517
31916 3.0147533
32017 3.0462475
32116 2.9709816
32217 2.6568656
32317 2.1179838
32417 1.2457533
32517 0.40756702
32618 -0.3786354
32700 -0.97182703
32800 -1.7609813
32900 -2.4087126
33000 -2.764314
33100 -2.9872837
33200 -3.0742583
33302 -3.0639515
33403 -2.9080803
33503 -2.6865125
33603 -2.4660726
33703 -2.1655803
33803 -1.5696983
33903 -0.92113924
34003 -0.11678648
34104 0.7286377
34204 1.7602029
34304 2.5364943
34404 3.1977673
34504 3.582059
34604 3.7140398
34704 3.7546425
34805 3.7284775
34904 3.5256891
35005 3.1221857
35105 2.55372
35205 1.7619843
35305 0.85071325
35405 0.07550144
35506 -0.68647814
35606 -1.3360698
35706 -1.981606
35806 -2.4467862
35907 -2.7107377
36006 -2.8958404
36106 -2.9720964
36207 -2.9923499
36307 -2.7540474
36407 -1.9987302
36507 -1.1536479
36608 -0.2589922
36707 0.51053905
36807 1.2373967
36908 1.8738136
37008 2.348011
37108 2.7622023
37208 3.009367
37309 3.2357883
37408 3.401349
37509 3.4853344
37609 3.4960098
37710 3.5049467
37809 3.455512
37910 2.9182892
38010 1.7696867
38109 0.75137997
38210 -0.18415928
38310 -0.9779868
38410 -1.6981628
38511 -2.3200629
38611 -2.6942105
38711 -2.8817267
38812 -2.8736
38912 -2.578712
39011 -1.9500022
39112 -1.0688477
39212 -0.17245197
39313 0.80056524
39412 1.6591101
39513 2.3536124
39612 2.8562102
39713 3.2988062
39813 3.5837383
39913 3.6557026
40014 3.6602
40114 3.471777
40214 2.7481675
40314 1.8219233
40414 0.77268267
40514 -0.09315395
40615 -0.9087839
40714 -1.6356552
40815 -2.1984425
40915 -2.632018
41015 -2.8216596
41115 -2.867029
41216 -2.6792178
41316 -1.944535
41416 -0.96132565
41515 0.15949154
41616 1.2168684
41717 2.2225065
41816 3.060175
41916 3.434534
42016 3.5167084
42117 3.5031195
42217 3.2964554
42317 2.7490158
42417 1.9660163
42517 1.0339098
42618 0.079509735
42718 -0.8411875
42800 -1.4122708
42900 -2.0715268
43000 -2.4317636
43100 -2.6469746
43200 -2.7127156
43300 -2.4867349
43403 -1.9437122
43503 -1.0168309
43603 -0.11751127
43703 0.67535734
43803 1.5761857
43903 2.288817
44003 2.7778702
44104 3.0054731
44204 3.0618029
44304 2.9267693
44404 2.3771086
44504 1.5914826
44604 0.5032749
44704 -0.6309233
44805 -1.5134206
44905 -2.3492284
45005 -2.8189173
45105 -3.072256
45205 -3.1475582
45305 -3.0437443
45405 -2.5693886
45506 -1.8462238
45606 -1.029412
45706 -0.028277397
45806 0.85915756
45906 1.6236582
46006 2.2874613
46107 2.8182092
46207 3.2725925
46307 3.50391
46407 3.5520964
46507 3.5457897
46608 3.4307327
46707 3.0197086
46807 2.0084748
46908 1.1181417
47008 0.26101398
47108 -0.62667227
47208 -1.4350228
47309 -2.28556
47408 -2.7958858
47510 -3.0935912
47610 -3.125475
47709 -2.9780383
47809 -2.6635768
47910 -1.94888
48010 -0.89975214
48110 0.05129385
48211 1.0930252
48310 1.9872322
48410 2.6575317
48511 3.162527
48611 3.4461174
48711 3.6385555
48811 3.6773043
48912 3.6634502
49011 3.3179073
49112 2.46074
49212 1.5982833
49312 0.4818883
49412 -0.37367678
49513 -1.0332139
49613 -1.630944
49713 -2.2282755
49813 -2.7293277
49913 -3.0714278
50014 -3.251904
50113 -3.2958827
50213 -3.0004783
50314 -2.2458081
50414 -1.1585605
50514 -0.18720913
50615 0.5459118
50714 1.3636961
50814 1.9970293
50915 2.7020354
51015 3.2144346
51116 3.464076
51216 3.588828
51316 3.575038
51416 3.3744125
51516 2.821447
51616 1.8540487
51717 1.0528121
51817 0.14210892
51916 -0.61090946
52016 -1.3359818
52116 -1.99791
52217 -2.4982839
52317 -2.956422
52418 -3.0961194
52517 -3.1096935
52618 -2.9057534
52700 -2.435314
52800 -1.5624092
52900 -0.5206995
53000 0.29027653
53100 1.2089677
53200 1.8783417
53302 2.51055
53403 3.0268059
53503 3.3587132
53603 3.4784184
53703 3.5012531
53803 3.3425074
53903 2.7468467
54003 1.7663589
54104 0.92146206
54204 0.05616188
54304 -0.7652674
54404 -1.3576298
54504 -2.0238612
54604 -2.6912441
54705 -3.1149905
54805 -3.2335591
54905 -3.059692
55005 -2.5524986
55105 -1.6671605
55205 -0.70824003
55305 0.3111148
55406 1.3278008
55506 2.1792097
55606 3.0562124
55706 3.6113186
55806 3.8478699
55906 3.8807955
56006 3.8226147
56107 3.4071016
56207 2.4801178
56307 1.4989791
56407 0.6408777
56507 -0.3531108
56607 -1.113224
56708 -1.8231301
56808 -2.4496667
56909 -2.963764
57008 -3.2185435
57108 -3.236877
57209 -3.0051644
57308 -2.5593836
57409 -1.8917422
57510 -1.1826577
57609 -0.31120586
57710 0.710124
57809 1.7143126
57910 2.4900503
58010 3.0894823
58110 3.3527737
58210 3.4969063
58311 3.5398445
58411 3.4503574
58511 2.9271774
58611 2.0378962
58711 1.150773
58811 0.2808137
58911 -0.6293497
59012 -1.3193614
59112 -2.1400733
59212 -2.7830987
59312 -3.2641063
59412 -3.4449046
59513 -3.4470255
59613 -3.109469
59713 -2.3659472
59813 -1.4549668
59914 -0.7320447
60014 -0.011775017
60114 0.81348896
60213 1.7593765
60314 2.751933
60414 3.6054897
60514 3.997345
60614 4.0439844
60714 3.863493
60814 3.2945366
60915 2.374209
61015 1.4851747
61116 0.54765606
61216 -0.37857437
61315 -1.2400055
61416 -2.0772154
61516 -2.6229136
61616 -2.9317303
61717 -2.9993708
61816 -2.915131
61916 -2.573308
62017 -1.9465966
62117 -1.2238281
62217 -0.30523443
62317 0.7415209
62417 1.6580086
62517 2.3546576
62618 2.7802925
62700 2.9935546
62800 3.1152954
62900 3.1652918
63000 3.1705923
63100 3.1145697
63200 2.6706834
63302 1.6848006
63403 0.87724686
63503 0.0982337
63603 -0.6273966
63703 -1.2566917
63803 -2.0147667
63903 -2.6853442
64003 -3.1452413
64104 -3.386455
64204 -3.4331086
64304 -3.292914
64404 -2.8649218
64504 -1.9630294
64604 -1.1283927
64705 -0.24564075
64805 0.5340748
64905 1.3828926
65005 2.071866
65105 2.6000376
65205 3.0345707
65305 3.207841
65405 3.248685
65506 3.1285238
65606 2.672326
65706 1.9575539
65806 0.96871376
65906 0.0333066
66006 -0.95137787
66107 -1.7970512
66207 -2.6104312
66307 -3.2153494
66407 -3.6402652
66507 -3.8485937
66607 -3.7636583
66707 -3.3312159
66808 -2.8820486
66909 -2.2259808
67009 -1.3304563
67109 -0.4506197
67208 0.5092602
67308 1.3170981
67409 2.0009527
67509 2.4969687
67610 2.898543
67710 3.1863613
67810 3.4812279
67910 3.6375093
68010 3.672059
68110 3.4930058
68210 2.6419134
68311 1.4212294
68410 0.32577276
68511 -0.72663164
68611 -1.4868798
68711 -2.294931
68811 -2.7809172
68912 -3.2160122
69011 -3.38201
69113 -3.3798032
69212 -3.0348353
69313 -2.4035327
69413 -1.4031479
69512 -0.5512047
69613 0.30483675
69713 1.0628476
69812 1.8035707
69913 2.5791183
70014 3.119112
70114 3.3767853
70214 3.4058552
70314 3.3066673
70414 3.0123558
70515 2.257987
70614 1.2807302
70715 0.3194542
70814 -0.5445738
70915 -1.3952549
71015 -2.3281748
71116 -2.8908134
71215 -3.2926366
71316 -3.4534433
71415 -3.501291
71515 -3.364803
71616 -2.7276897
71717 -1.8609881
71817 -1.015939
71916 -0.34734535
72017 0.48385334
72116 1.4363413
72217 2.1547265
72318 2.7742372
72418 3.0967493
72517 3.255621
72600 3.271882
72700 3.2329626
72800 2.9876366
72900 2.334629
73000 1.5254564
73100 0.5524368
73200 -0.4193468
73302 -1.1769423
73403 -2.0250819
73503 -2.8415504
73603 -3.6696594
73703 -4.1463585
73803 -4.2741113
73903 -4.2789717
74004 -4.0688844
74104 -3.4565887
74204 -2.6957726
74304 -1.6912632
74404 -0.8140607
74504 0.14711666
74605 1.0268178
74704 1.827127
74805 2.4643173
74905 2.9094343
75005 3.2733974
