13 -2.6426275
113 -1.8532739
213 -0.75080776
313 0.64549017
413 1.6895156
514 2.5313363
614 2.7729836
714 2.735485
814 2.393828
914 1.480278
1014 0.29370308
1114 -1.045157
1214 -2.0819511
1315 -2.730887
1415 -2.8978746
1515 -2.8534524
1615 -2.4020524
1716 -1.5180378
1816 0.09909868
1915 1.2115374
2016 2.3967538
2116 2.9304137
2216 3.1515942
2317 3.182002
2416 3.0020266
2517 1.9057755
2617 0.18548536
2717 -1.3269761
2817 -2.5523486
2917 -3.1387162
3017 -3.1040175
3118 -2.8214917
3218 -2.2522185
3318 -0.71728945
3418 0.9939623
3518 2.4251504
3618 3.435194
3719 3.8802853
3819 3.9815063
3902 3.8328323
4002 3.019127
4102 1.398521
4202 -0.25408173
4302 -1.9946942
4402 -2.7964282
4503 -3.2143521
4603 -3.1336045
4703 -2.7700908
4804 -2.135157
4904 -0.87132835
5004 0.466959
5104 1.6430674
5204 2.507225
5304 2.96213
5405 3.0621433
5505 2.924737
5605 2.1276321
5705 0.585248
5805 -0.99680996
5905 -2.3134713
6005 -3.0307305
6106 -3.4125712
6206 -3.2489412
6306 -2.9956617
6406 -2.2528093
6506 -1.2830646
6606 0.32054043
6706 1.6562371
6807 2.673921
6907 3.376565
7007 3.6354322
7107 3.5950184
7207 2.9295502
7307 1.4095063
7408 -0.26790714
7508 -1.7417572
7608 -2.7413437
7709 -3.3775208
7808 -3.5119205
7908 -3.5389452
8009 -3.300879
8109 -2.1293635
8209 -0.42598963
8309 1.1682096
8409 2.419404
8509 3.2229862
8610 3.5262976
8710 3.5857887
8810 3.4190168
8910 2.8570356
9010 1.4256058
9110 -0.1801362
9211 -1.6053243
9311 -2.684294
9411 -3.4491148
9511 -3.5641696
9611 -3.5677803
9711 -3.294582
9811 -2.2398303
9912 -0.9202771
10012 0.39947605
10111 1.6727195
10213 2.6357994
10313 3.1977444
10412 3.3661995
10512 3.2754211
10612 2.8801436
10713 1.8696876
10813 0.578516
10913 -0.9869871
11013 -2.2258677
11113 -3.0809865
11214 -3.3231263
11314 -3.392268
11414 -3.3576326
11514 -2.6890006
11614 -1.3281567
11714 0.1757803
11815 1.6192207
11915 2.6934586
12015 3.6306276
12115 3.9438572
12215 4.0935354
12315 3.9772654
12416 3.1030903
12516 1.5350065
12616 -0.15688467
12716 -1.4807372
12816 -2.444145
12916 -2.7656388
13016 -2.8797133
13117 -2.6057677
13217 -1.807982
13317 -0.49755192
13417 0.8914585
13517 1.9831719
13617 2.9234724
13718 3.421339
13818 3.6176987
13917 3.5906305
14018 3.1528826
14118 2.248591
14218 0.86359644
14319 -0.6427822
14419 -1.6565692
14502 -2.308129
14602 -2.6632435
14702 -2.8715005
14802 -2.7694507
14902 -2.2265334
15002 -1.0688953
15102 0.37216377
15202 1.5048089
15303 2.5596938
15403 3.432104
15504 3.656847
15604 3.5484943
15704 3.098815
15804 2.3466964
15904 1.2788572
16004 0.38316917
16104 -1.0511241
16205 -2.1291463
16305 -2.7456336
16405 -3.227364
16505 -3.43177
16605 -3.48416
16705 -3.2816231
16806 -2.543522
16906 -1.5610039
17006 -0.098612785
17106 1.2805061
17206 2.2128143
17306 3.200533
17407 3.3715
17507 3.2591228
17607 2.7129312
17707 1.6950974
17807 0.24368763
17907 -1.0136776
18007 -2.1164126
18108 -2.908139
18208 -3.2528234
18308 -3.1933196
18408 -3.056199
18509 -2.245704
18608 -0.8749037
18709 0.6626482
18809 1.8580918
18909 2.8960404
19009 3.4970722
19109 3.7271538
19210 3.6803942
19309 3.1930237
19410 1.9492354
19509 0.66749287
19610 -0.5873456
19710 -1.8929112
19811 -2.657661
19911 -3.1996841
20011 -3.4855366
20111 -3.4636679
20211 -3.1213279
20311 -2.0495124
20411 -1.063931
20511 0.2804489
20612 1.5169945
20712 2.4792032
20812 3.3256702
20912 3.8380527
21012 4.0816317
21113 4.092621
21213 3.7464924
21313 2.7156587
21413 1.0254035
21513 -0.6131449
21613 -2.0835676
21713 -3.0827756
21814 -3.8758173
21914 -4.3506823
22014 -4.4485693
22114 -4.389318
22214 -3.622087
22314 -2.6530092
22415 -1.6109257
22515 -0.61469936
22615 0.49031734
22715 1.3940954
22815 2.4364867
22915 3.0708466
23015 3.3293247
23116 3.3473978
23216 3.1900616
23316 2.725503
23416 1.5985832
23516 0.36637926
23616 -0.852643
23716 -1.931757
23817 -2.9405448
23917 -3.3877292
24017 -3.542924
24118 -3.5160048
24217 -3.184045
24318 -2.6131878
24418 -1.3532891
24518 -0.13334417
24618 0.8974967
24718 1.8911958
24818 2.6975083
24919 3.1621428
25019 3.3362017
25119 3.3174744
25219 3.0313864
25302 2.4432478
25402 1.1825991
25502 0.028390884
25602 -1.0777507
25702 -2.1312582
25802 -2.8676324
25903 -3.1154895
26003 -3.1826985
26103 -3.1704738
26204 -3.10467
26304 -2.7929375
26404 -2.135878
26504 -1.092432
26604 0.2234621
26705 1.2649994
26805 2.3083162
26905 2.9794526
27005 3.4566698
27105 3.6800308
27205 3.5702572
27305 3.1613007
27405 2.4215403
27506 1.516509
27606 0.5442405
27706 -0.8175707
27806 -1.9528928
27906 -2.748608
28006 -3.1628313
28107 -3.4305782
28207 -3.532178
28307 -3.5048118
28407 -3.3389223
28507 -2.8146224
28607 -1.8327851
28707 -0.63975763
28808 0.6733694
28908 1.705554
29008 2.6063766
29108 3.0980616
29209 3.3014374
29309 3.3519468
29408 3.3077402
29509 2.9060655
29609 2.2021675
29709 0.8443327
29809 -0.34182882
29909 -1.6001804
30009 -2.508279
30110 -3.0124362
30211 -3.2382827
30310 -3.2641187
30410 -3.21209
30511 -3.0386205
30611 -2.6542451
30710 -1.0519745
30811 0.2525077
30911 1.2816005
31011 2.1011543
31111 2.9341712
31212 3.4599924
31312 3.55682
31412 3.6552668
31513 3.5835114
31612 3.0899267
31712 2.1378946
31813 0.904881
31912 -0.1575265
32013 -1.067204
32113 -1.8507826
32213 -2.4784575
32314 -2.9009743
32413 -2.9895616
32513 -2.9650064
32614 -2.6504655
32714 -1.8230593
32814 -0.60877895
32914 0.62079144
33014 1.3596759
33115 2.0649323
33215 2.69559
33314 3.1070719
33415 3.365919
33515 3.4706059
33616 3.3783522
33715 2.9909606
33816 2.2347403
33916 1.311615
34016 0.05603504
34116 -1.1171696
34217 -1.9455409
34316 -2.6601744
34417 -3.0711384
34516 -3.2345176
34617 -3.1895525
34717 -3.1838074
34817 -3.1133378
34917 -2.3710787
35018 -0.90516424
35118 0.4699273
35218 1.3264284
35318 2.1283188
35419 2.743596
35518 3.1874075
35619 3.4591808
35719 3.6483135
35819 3.6594992
35919 3.3720474
36002 2.4032621
36102 1.0071363
36202 -0.3524623
36302 -1.4734528
36402 -2.3903089
36502 -2.814179
36602 -3.0620508
36703 -3.0821478
36804 -3.0263748
36904 -2.7812872
37004 -1.8224597
37104 -0.41977024
37204 0.7112932
37304 1.6827826
37405 2.4761634
37504 3.120802
37605 3.4007607
37705 3.5114899
37805 3.4537573
37905 3.1653938
38005 2.5010476
38105 1.397706
38206 0.004945278
38306 -1.5544968
38406 -2.515828
38506 -3.2786994
38606 -3.6194062
38706 -3.639247
38806 -3.656918
38907 -3.5396574
39007 -2.9489655
39107 -2.0459828
39207 -0.7741251
39307 0.77849483
39408 1.7892342
39507 3.0134163
39608 3.7160683
39708 3.97935
39808 3.9601936
39908 3.6382332
40008 3.1494808
40108 2.1587324
40209 0.83832073
40309 -0.83506775
40409 -2.005395
40510 -2.8822494
40609 -3.146689
40709 -3.758608
40810 -4.0184283
40910 -4.0744123
41010 -3.9359443
41110 -2.8841019
41210 -1.3996284
41311 0.1973486
41411 1.994494
41511 2.8338523
41611 3.3961382
41712 3.6362705
41811 3.646286
41911 3.3224716
42012 2.8300848
42112 1.805345
42212 0.530797
42313 -0.90960264
42412 -2.0784988
42512 -2.8662195
42613 -3.3269355
42712 -3.623239
42813 -3.6823387
42913 -3.5994859
43013 -3.1920154
43113 -2.5308766
43214 -1.4573758
43314 -0.26906776
43414 0.74932814
43514 1.630835
43614 2.4719224
43715 3.1051054
43815 3.457243
43915 3.5966702
44015 3.524725
44115 2.9819312
44215 1.7146578
44315 0.31026745
44415 -1.0798638
44516 -2.1634278
44616 -2.8597603
44716 -3.1506398
44816 -3.3665874
44916 -3.398953
45017 -3.2775934
45116 -2.9779425
45217 -2.3090258
45317 -1.360894
45417 -0.22243595
45517 0.8854561
45617 1.7383299
45718 2.7892594
45818 3.5206404
45918 3.7992792
46018 3.8208704
46118 3.7805042
46218 3.573103
46318 3.0152864
46418 1.6212478
46502 0.43670654
46602 -1.0224686
46702 -2.2553077
46802 -2.9811723
46902 -3.3097863
47002 -3.3596287
47102 -3.2871916
47203 -3.0173154
47303 -1.9686751
47404 -0.55988693
47504 0.619709
47604 2.0724268
47704 3.231638
47804 3.9769125
47904 4.212303
48004 4.2882786
48105 4.1260357
48205 3.7536144
48305 2.8258529
48405 1.4573603
48505 0.45344257
48605 -0.67229176
48706 -1.4071927
48806 -2.0449681
48906 -2.36369
49006 -2.469138
49106 -2.4292924
49206 -1.9487357
49306 -1.1230679
49407 0.084495544
49506 1.1362977
49607 2.0918832
49707 2.8548875
49807 3.243126
49907 3.317318
50007 3.2316332
50108 2.8828554
50208 2.0503044
50308 0.8111563
50408 -0.4613018
50509 -1.7183812
50608 -2.4235513
50709 -2.8472915
50809 -3.0606961
50909 -2.8546107
51009 -2.2646794
51109 -1.3410554
51209 -0.011792183
51310 1.1744838
51410 2.4223337
51510 3.1447544
51610 3.543891
51711 3.7081108
51810 3.7276993
51911 3.6444092
52011 3.1917906
52111 1.8415322
52211 0.41767454
52311 -1.0154767
52411 -1.9441388
52512 -2.5853324
52612 -2.8749459
52712 -2.910103
52812 -2.8289716
52912 -2.4475634
53012 -1.5781147
53112 -0.22671604
53213 1.2092633
53313 2.5590148
53413 3.6313229
53512 4.0286875
53613 4.206064
53713 4.040016
53813 3.280177
53914 1.8849535
54014 0.41923523
54114 -0.9691539
54214 -1.9832463
54314 -2.6567044
54414 -2.769452
54515 -2.7794216
54615 -2.6299932
54715 -2.2148957
54815 -1.0451572
54915 0.17812061
55015 1.2466855
55116 2.0481796
55216 2.6217232
55316 2.8475847
55416 2.861219
55516 2.5561152
55616 1.7501764
55716 0.4837618
55817 -0.84281826
55917 -1.8219566
56017 -2.455932
56117 -2.908759
56217 -2.8850508
56318 -2.5251865
56418 -1.804585
56517 -0.7617984
56618 0.4839325
56718 1.5911202
56818 2.634098
56919 3.3137665
57019 3.6606627
57119 3.6536427
57202 3.455553
57302 2.5099702
57402 0.88322544
57502 -0.6465659
57602 -2.1728456
57702 -3.115417
57802 -3.8346982
57903 -4.0304317
58003 -4.0447927
58104 -3.735281
58204 -2.8810456
58304 -1.9192982
58404 -0.49845934
58504 0.7788701
58604 1.8648653
58704 2.6762094
58805 3.2224445
58905 3.369524
59005 3.3245792
59105 3.0629768
59205 2.257135
59305 1.1996684
59405 -0.2014246
59506 -1.6116052
59606 -2.782061
59706 -3.1746678
59806 -3.3172836
59906 -3.3251681
60007 -3.0470555
60107 -2.2383523
60206 -0.79902935
60307 0.5966463
60407 1.68574
60507 2.5420938
60607 3.2324238
60707 3.5982351
60807 3.669362
60908 3.53619
61008 3.0899115
61108 1.9963255
61208 0.7399812
61309 -0.86049557
61408 -1.9450982
61509 -2.8392801
61609 -3.2849514
61709 -3.3036582
61809 -3.294152
61909 -3.0725355
62009 -2.460075
62110 -0.86243343
62210 0.73714924
62310 1.9113474
62410 2.864831
62510 3.4652538
62611 3.6529694
62711 3.6189756
62811 3.2384262
62911 2.4097433
63011 0.9142313
63112 -0.22453642
63211 -1.5588593
63312 -2.5919855
63412 -3.3174129
63512 -3.282617
63612 -3.1881983
63712 -2.4731376
63812 -0.92315817
63913 0.5590205
64012 1.6374412
64113 2.5835733
64213 3.2666664
64314 3.5586185
64413 3.521226
64514 2.9904518
64613 1.7838554
64714 0.48183727
64814 -1.0499539
64914 -2.1372828
65014 -3.1658244
65115 -3.4933357
65215 -3.1213856
65315 -2.8610463
65415 -2.1250534
65515 -1.0153441
65615 0.18125439
65715 1.4957666
65816 2.4179344
65915 3.112399
66016 3.4329395
66116 3.3653765
66216 2.7954154
66316 1.4958777
66417 -0.22035837
66517 -1.6213417
66617 -2.6224227
66717 -3.1950662
66817 -3.3805368
66917 -3.3137326
67018 -3.2125716
67118 -2.6436038
67218 -1.4118187
67318 0.30224276
67418 1.8436365
67518 3.086236
67618 3.816516
67718 4.066454
67818 3.9634962
67919 3.4533863
68002 2.714223
68102 1.2168512
68202 -0.41838884
68302 -1.9908128
68402 -3.078941
68503 -3.5492172
68603 -3.729948
68703 -3.486289
68804 -2.930038
68904 -2.286139
69004 -1.0796051
69104 0.2866373
69204 1.5539141
69304 2.4096818
69405 3.246687
69505 3.413681
69605 3.1722927
69705 2.4188223
69805 1.1253624
69905 -0.42260265
70005 -1.9728646
70105 -3.1522846
70206 -3.639361
70306 -3.7369108
70406 -3.7281802
70506 -3.3328233
70606 -2.8343148
70706 -1.4478416
70807 0.054636955
70906 1.5792174
71007 2.6626139
71107 3.4691467
71207 3.5669765
71307 3.539137
71408 3.082508
71508 1.876442
71607 0.43897104
71708 -0.9839473
71808 -2.332219
71909 -3.1410751
72008 -3.5584226
72109 -3.5140395
72209 -3.4110208
72309 -3.682687
72409 -2.9577873
72509 -1.904937
72610 -0.49347305
72710 0.725759
72810 1.4909844
72910 3.1977139
73010 3.2930145
73110 3.0288935
73211 2.3373437
73311 1.0444632
73411 -0.4216051
73511 -1.8375461
73611 -2.8468504
73712 -3.4283555
73811 -3.4915242
73911 -3.4343264
74012 -3.1008894
74112 -2.0620637
74212 -1.057864
74312 0.1637578
74412 1.3952231
74513 2.4593887
74613 3.299262
74713 3.495718
74813 3.2906027
74913 2.7200155
75013 1.6243486
