10 -1.0838082
109 -2.3504739
210 -3.3967896
310 -4.2219534
410 -4.442813
510 -4.3827047
611 -3.843306
711 -2.5433202
810 -1.1590743
913 0.31276798
1011 1.6942225
1112 3.1083002
1211 3.8829136
1312 4.199897
1412 4.2172737
1512 4.2180977
1613 3.6623755
1712 2.100348
1814 0.7693343
1913 -0.51497364
2013 -1.7617626
2113 -2.8692222
2214 -3.6424117
2314 -3.9843452
2414 -4.0082474
2513 -3.6333647
2614 -2.6218803
2714 -1.2244313
2813 0.027685165
2915 1.2084656
3015 3.0033283
3115 3.9366379
3214 4.0890484
3315 4.0460033
3414 3.6730518
3515 2.5757432
3615 1.1000609
3715 -0.29331398
3815 -1.678962
3916 -2.9068582
4016 -3.816476
4116 -4.45722
4216 -4.6078157
4316 -4.4068956
4417 -3.8497393
4517 -2.7530034
4617 -1.5072365
4718 -0.41674328
4817 0.6947813
4918 1.6391945
5018 2.6513648
5118 3.2789555
5218 3.3699865
5318 3.3452883
5419 2.6140199
5518 1.5230165
5619 -0.070448875
5719 -0.9476752
6036 -3.3212588
6136 -3.6080232
6238 -3.5983145
6336 -3.137951
6437 -2.091874
6537 -0.89691067
6637 0.13363934
6738 1.2526484
6838 2.3134484
6939 3.2766762
7037 3.6281805
7138 3.75239
7238 3.7072315
7338 3.634799
7439 2.1670609
7539 1.0958743
7639 -0.2105341
7956 -3.2266428
8056 -3.9640052
8157 -4.0895357
8257 -4.17032
8356 -3.9749918
8458 -3.4314399
8557 -2.4166858
8657 -1.3959782
8757 -0.32327795
8858 0.7057953
8958 1.6730947
9058 2.3790154
9159 3.1280231
9258 3.6862965
9359 3.7034283
9458 3.6215277
9559 3.1292706
9659 2.0018563
9759 1.1740713
9858 -0.10358238
9959 -1.1567471
10060 -2.1856556
10160 -2.9989038
10260 -3.6715083
10361 -3.8721893
10461 -3.8713105
10560 -3.5600502
10660 -2.7576249
10760 -1.7549903
10861 -0.8263726
10961 0.46147537
11061 1.4652
11162 2.67248
11261 3.5052738
11362 3.8423767
11462 3.8647966
11561 3.570776
11662 2.9453917
11762 1.6960955
11861 0.35410213
11963 -0.95462894
12062 -2.3734374
12163 -3.5627034
12262 -4.1889024
12363 -4.4528823
12464 -4.4324837
12564 -3.4421842
12664 -2.340471
12764 -0.9761839
12864 0.07356739
12964 1.3858871
13064 2.787683
13164 3.7207413
13264 3.8736515
13366 3.8546467
13465 3.5933867
13565 3.3805876
13665 1.9152575
13766 0.6329088
13865 -0.48927164
13966 -1.6275966
14066 -2.9940867
14166 -4.2226524
14267 -4.5455136
14368 -4.7010784
14467 -4.2070384
14567 -3.189351
14667 -1.8313384
14767 -0.55997753
14867 0.56309986
14967 1.8272591
15068 2.9988303
15169 3.6644135
15269 4.5762234
15369 4.863368
15452 4.4091425
15569 4.114686
15653 3.6976576
15769 1.931726
15868 0.3994112
15969 -0.8744526
16069 -1.8853602
16169 -2.688376
16270 -3.7372189
16370 -3.8091955
16470 -3.4172788
16570 -2.7941716
16671 -1.4695354
16770 -0.2343626
16871 0.5521593
16970 1.5258818
17071 2.6118264
17171 3.0503178
17271 3.2225533
17372 3.1518202
17472 2.4455657
17572 1.1585636
17672 0.04612446
17772 -0.9189162
17872 -1.7042835
17973 -2.2207022
18072 -2.6710322
18173 -2.8696404
18272 -2.8565683
18374 -2.599252
18473 -1.3381209
18573 -0.32245445
18673 0.5212412
18774 1.2532034
18874 1.7409568
18974 2.472436
19074 3.0427513
19175 3.1078548
19275 2.6836944
19375 1.5425506
19475 0.1855278
19576 -0.6174059
19675 -1.2059186
19776 -1.7555504
19875 -2.2437148
19975 -2.5781956
20077 -2.665376
20175 -2.6866848
20276 -2.6875885
20376 -2.424391
20476 -1.3432305
20577 -0.6207962
20677 0.026303291
20777 0.6971741
20877 1.2326493
20977 1.684186
21077 2.1304102
21179 2.290265
21278 2.2813096
21380 1.5285325
21482 0.18546963
21579 -0.7478852
21662 -1.3397574
21779 -1.9010873
21862 -2.1414413
21979 -2.7471232
22064 -3.1805654
22163 -3.3899868
22264 -3.294851
22364 -2.961931
22463 -2.5075917
22563 -1.0915742
22664 -0.35899162
22763 0.2545643
22864 0.86526537
22965 1.443007
23065 1.9828758
23166 2.3477402
23264 2.4375167
23365 1.975946
23466 0.6600814
23566 -0.29159212
23666 -1.2687104
23766 -1.7016709
23867 -2.0274882
23966 -2.4105947
24068 -2.733025
24166 -2.9932294
24267 -3.1284735
24367 -2.9177086
24467 -2.1939301
24567 -1.006815
24667 -0.2927065
24767 0.76322985
24867 1.3978224
24968 2.0071669
25068 2.2458358
25168 2.5526772
25268 2.633521
25369 2.5760803
25468 1.8562088
25569 0.47980976
25668 -0.61628914
25769 -1.2686133
25870 -1.9976008
25969 -2.7651772
26070 -3.0179875
26169 -3.5450127
26271 -3.6455803
26370 -3.600917
26470 -3.097487
26571 -2.302215
26671 -1.258615
26770 -0.15569592
26870 0.5719423
26970 1.3888559
27071 2.0045953
27171 2.5551262
27271 2.8410978
27372 2.9693918
27471 3.0392742
27572 2.7672873
27671 1.4835997
27772 0.30273533
27872 -0.73613787
27972 -1.4408894
28073 -2.2452798
28173 -2.683822
28274 -3.0436826
28373 -3.2856572
28474 -3.3759665
28573 -3.3238735
28673 -3.129268
28773 -1.6638412
28874 -0.598155
28973 0.21356678
29074 0.6787958
29175 1.3078456
29275 1.8367181
29375 2.3012304
29474 2.6377525
29575 2.7090197
29675 2.5962539
29775 1.7873983
29875 0.3474679
29976 -0.55032635
30076 -1.3891335
30177 -2.2665436
30276 -3.0921433
30377 -3.6689658
30477 -4.043431
30576 -4.0359187
30677 -3.7588153
30777 -3.0219598
30877 -2.0871024
30977 -1.1462035
31077 -0.30814838
31177 0.42629337
31278 0.92183447
31378 1.5919485
31477 2.3799567
31579 2.4445124
31678 2.523075
31779 2.517077
31878 1.9295974
31978 0.92278767
32080 -0.29730177
32180 -1.0991104
32264 -1.4586418
32363 -1.9157808
32480 -2.6505508
32563 -3.206436
32680 -3.433066
32763 -3.5866663
32880 -3.0254579
32964 -3.0559962
33064 -2.9031024
33165 -2.1228166
33265 -1.1311886
33365 -0.16815186
33464 0.99615574
33565 1.5944877
33665 2.3446593
33766 3.1072493
33866 3.3132772
33966 3.3176327
34066 3.2157364
34166 2.6256552
34267 0.95800114
34367 -0.1080904
34467 -0.7996454
34567 -1.2821021
34667 -1.7373524
34769 -1.940439
34867 -2.4576702
34967 -2.7322078
35067 -2.7497268
35168 -1.8748322
35268 -0.72170925
35368 0.3358755
35468 1.2350864
35568 1.9685936
35668 2.4896746
35769 3.2510262
35870 3.55591
35968 3.7151423
36069 2.9310355
36169 2.3220344
36270 1.5129728
36370 1.0004416
36470 0.283998
36570 -0.74649954
36670 -1.6463599
36770 -2.3543763
36870 -2.6346042
36970 -2.9656782
37072 -3.0343087
37171 -3.0010927
37272 -2.47308
37371 -1.4265683
37471 -0.14788723
37572 0.6869359
37672 1.2622404
37772 1.847177
37872 2.39143
37973 2.543808
38072 2.4463224
38173 1.6972075
38273 0.84712505
38373 0.1858859
38473 -0.35012674
38572 -1.2181828
38673 -1.9789996
38773 -2.8442857
38874 -3.1808808
38973 -3.5796366
39074 -3.7078214
39175 -3.6448512
39274 -3.2873619
39374 -2.27687
39474 -1.0273395
39575 0.083586216
39675 0.6069808
39775 1.2081127
39877 2.0065103
39975 2.5047212
40075 2.5560036
40176 2.5847306
40276 2.346456
40376 1.307941
40477 -0.009290695
40576 -0.91215134
40676 -1.6623912
40778 -2.2877805
40877 -3.2084672
40978 -3.5833547
41078 -3.8138263
41177 -3.7329469
41277 -3.5587316
41378 -2.5994754
41478 -1.3305416
41579 -0.25845957
41680 0.3629632
41778 1.1347685
41879 1.7836809
41979 2.5612817
42079 2.6080728
42179 2.6191368
42279 2.5821395
42363 1.8316331
42480 0.51089907
42565 -0.522933
42680 -1.5088229
42764 -1.8144059
42864 -2.142407
42965 -2.9212284
43064 -3.367389
43164 -3.487736
43264 -3.44169
43365 -3.201704
43464 -2.1294045
43581 -0.86809826
43666 0.18149853
43766 0.9690294
43867 1.9190178
43965 3.2027197
44066 2.9056845
44166 2.851307
44266 2.395215
44366 1.7720633
44466 1.2449656
44568 0.2636423
44667 -0.6011734
44769 -1.6514707
44868 -2.647977
44968 -3.3185444
45067 -3.92214
45168 -4.1209574
45270 -4.07854
45369 -3.6660264
45468 -2.8245196
45569 -1.5066483
45668 -0.1279831
45769 0.84460926
45869 2.189508
45969 3.1456022
46070 3.733549
46169 3.9142113
46269 3.9192162
46369 3.9175167
46469 3.8282518
46569 2.2660317
46670 1.0147848
46771 -0.6598444
46870 -2.0718088
46971 -3.3194
47070 -3.8880467
47171 -4.2785654
47271 -3.718488
47372 -2.5173395
47471 -1.3349667
47572 -0.16760206
47674 1.0666065
47771 2.2401276
47872 3.5341215
47972 4.42735
48072 4.882038
48173 5.0
48273 4.79088
48373 3.9115353
48472 3.2807865
48573 2.4849625
48673 0.9406915
48774 -0.7358718
48873 -2.1303916
48974 -3.8021715
49074 -4.2055073
49174 -4.455709
49274 -4.477063
49375 -4.2349563
49474 -2.987488
49575 -1.4434037
49676 0.20249844
49775 1.5899291
49876 2.5097017
49976 3.264742
50075 3.623232
50176 3.7221842
50276 3.5810719
50376 3.3226938
50476 2.9372396
50578 2.0776381
50676 1.1078615
50777 0.08248329
50877 -0.8673997
50977 -1.8289783
51077 -2.8570323
51178 -3.5400076
51277 -3.7925487
51378 -3.9859781
51478 -3.7035303
51578 -2.846804
51678 -1.9843717
51778 -0.8014407
51879 0.5750561
51978 1.6985388
52079 2.6673217
52179 3.389676
52279 3.8103437
52380 4.0857067
52479 3.9055195
52579 3.6460247
52679 3.0168695
52779 1.9681101
52880 1.0511112
52982 -0.1699562
53066 -1.0825534
53180 -2.4538703
53264 -3.2103739
53381 -4.061698
53481 -4.521971
53581 -4.697174
53682 -4.613497
53765 -4.3382583
53883 -2.5707073
53965 -1.4615707
54066 -0.17644787
54166 1.0005517
54266 1.8895683
54369 2.5832567
54483 3.0776806
54568 3.1120634
54666 2.8571196
54767 2.434554
54866 1.7547445
54968 0.58380413
55067 -0.26885605
55167 -1.3536515
55268 -2.4761093
55368 -2.9611332
55469 -3.4981618
55568 -3.8435223
55669 -4.029175
55767 -3.9553027
55869 -3.3637588
55969 -2.1197743
56069 -0.8111949
56169 0.34576416
56269 1.3555665
56369 2.213791
56469 2.6212974
56569 2.956159
56670 3.0338058
56770 3.1003103
56870 3.006651
56971 2.2102232
57070 0.9755144
57171 -0.13443184
57271 -1.1214287
57371 -1.941818
57471 -2.778121
57571 -3.2616448
57672 -4.0516033
57772 -4.3476577
57872 -4.2385416
57972 -3.6651673
58073 -3.1550841
58173 -1.9702842
58272 -0.612381
58373 0.7935896
58473 1.9229059
58574 2.7689261
58673 3.2137709
58774 3.7450924
58874 3.8978634
58973 3.9445896
59074 3.9105349
59174 3.6867733
59273 3.3836613
59374 1.2217503
59474 -0.30639315
59574 -1.5150635
59675 -2.7288222
59774 -3.482906
59875 -3.95202
59975 -3.8733218
60076 -3.8974452
60175 -3.7812326
60275 -3.285293
60377 -1.7234826
60476 -0.2417388
60577 0.93699026
60676 1.8741326
60778 2.8011656
60877 3.4057198
60977 3.747614
61077 3.3138924
61177 3.285534
61277 3.158451
61377 2.6007338
61477 1.5859833
61578 0.6010351
61678 -0.34535933
61778 -1.2160811
61878 -1.8590343
61978 -2.5677848
62079 -3.1422698
62179 -3.421176
62279 -3.656591
62381 -3.69535
62479 -3.4247708
62580 -2.5310044
62680 -1.3636985
62780 -0.276361
62879 0.5830836
62980 1.5694265
63080 2.6068153
63181 3.214819
63280 3.5016413
63381 3.6665554
63481 3.8071346
63581 3.8887196
63682 2.9549508
63781 1.651422
63883 0.2427206
63981 -1.0496571
64082 -1.8912139
64169 -2.6887836
64282 -3.2571
64383 -3.6863737
64466 -3.7970808
64567 -3.7112968
64666 -2.9218721
64768 -1.4380119
64866 -0.17307615
64967 0.8847189
65067 1.9449325
65167 3.0248985
65270 4.0594616
65368 4.5772104
65469 4.8268604
65567 4.7506504
65668 4.2258167
65769 2.435048
65869 1.3616962
65970 0.014834881
66068 -1.1726456
66169 -2.3217518
66269 -3.3359601
66369 -3.9359446
66469 -4.1089225
66571 -4.0648255
66670 -3.8053484
66771 -2.8987608
66870 -1.6109881
66971 -0.3002677
67070 0.84681416
67171 1.8801165
67270 2.5357347
67370 2.9740057
67472 3.451868
67571 3.806284
67671 3.9733639
67772 3.9075441
67872 3.2791243
67972 2.2742186
68071 1.3414564
68172 0.65749407
68273 -0.01354599
68372 -1.0513623
68473 -2.592362
68572 -3.4344826
68673 -4.171346
68773 -4.6483464
68873 -4.860521
68973 -4.7618594
69073 -4.15608
69174 -3.149199
69276 -1.9639726
69374 -1.0802562
69476 -0.031937122
69574 0.8975115
69675 1.7842155
69775 2.208673
69875 2.72221
69975 2.9468665
70075 3.0388432
70175 3.027194
70275 2.9370856
70375 2.268228
70475 1.1612501
70576 0.31566095
70676 -0.49616194
70776 -1.2759476
70877 -2.252316
70977 -3.1757321
71077 -3.787725
71177 -4.1644206
71278 -4.279123
71377 -4.199289
71478 -3.1739793
71577 -1.9187286
71678 -0.78331375
71778 0.29252338
71878 0.9136095
71978 1.8052659
72079 2.6842833
72178 3.34165
72279 3.5817375
72379 4.197319
72480 4.7409763
72580 4.867652
72679 4.751852
72779 4.2016306
72879 2.6809683
72980 1.4843912
73079 0.3580885
73180 -0.81132174
73280 -1.7500858
73380 -2.5886157
73482 -3.2697885
73582 -3.6572318
73681 -3.808839
73782 -3.8130722
73882 -3.57789
73982 -2.305702
74082 -1.271735
74181 -0.095504284
74282 0.85333204
74367 1.4519906
74466 2.1595154
74567 2.8156996
74666 3.1485682
74767 3.4303904
74866 3.7806215
74967 3.891303
