95 -1.0578809
195 -2.0205011
295 -2.704268
396 -3.0280604
497 -2.283649
596 -1.0602939
696 -0.10141802
796 0.7925501
896 1.7519875
997 2.483574
1098 2.7289734
1197 2.572441
1298 1.8380599
1397 0.7086053
1497 -0.28045702
1597 -1.399287
1698 -2.1639507
1798 -2.532349
1899 -2.5480351
1998 -1.6688449
2098 -0.6384816
2200 0.5096574
2300 1.5877023
2400 2.5062685
2499 3.2454214
2599 3.3935013
2699 3.0832357
2799 2.0913253
2900 0.7012048
3000 -0.41608477
3100 -1.5819404
3200 -2.3474607
3300 -2.8362532
3402 -2.7389834
3502 -1.5917068
3601 -0.451993
3702 0.6819649
3801 1.8655815
3901 2.760109
3985 3.3569813
4085 3.908308
4185 3.798605
4285 3.0798817
4385 2.0825372
4486 0.3516283
4586 -1.2068939
4686 -2.7553978
4786 -4.2735724
4886 -3.8722954
4986 -2.0691607
5087 -0.59522676
5186 0.80898905
5287 2.0270796
5388 2.8409147
5487 3.1461897
5587 3.0099087
5687 2.5563364
5791 1.4439406
5891 0.04695797
5991 -1.0989795
6091 -2.1241355
6188 -2.8003201
6291 -3.6953928
6390 -3.2676344
6491 -1.4952922
6591 4.1627884E-4
6691 1.4502778
6791 2.5437179
6889 3.473755
6991 3.7627783
7091 3.1993809
7191 2.34191
7293 0.7507181
7390 -0.5432787
7493 -1.98317
7593 -2.892615
7693 -2.9448457
7793 -2.902068
7891 -1.6992588
7991 -0.38940525
8091 0.9471226
8192 2.1058135
8293 2.8670464
8392 3.2101479
8493 2.8832502
8592 1.2725987
8692 -0.74196434
8793 -2.2408757
8893 -2.6728811
8993 -1.5697732
9096 -0.28125668
9193 1.1543965
9296 2.4200315
9396 2.99125
9496 2.921051
9595 2.3785276
9695 1.3538618
9796 0.057674885
9894 -0.9124937
9995 -1.9716063
10095 -2.8718834
10196 -2.7472608
10296 -2.0381577
10396 -0.83716583
10498 0.37206364
10598 1.4289985
10697 2.1372643
10796 2.325334
10896 2.2728143
10996 2.1537108
11097 1.2906666
11197 -0.004501343
11297 -1.3148131
11397 -2.4968927
11499 -3.0149932
11600 0.0
11698 0.0
11800 0.0
11900 0.0
12000 0.0
12098 0.0
12198 0.0
12299 0.0
12399 0.0
12498 0.0
12599 0.0
12699 0.0
12800 0.0
12900 0.0
13000 0.12653351
13101 0.5524411
13202 0.9641509
13301 0.24994564
13401 0.6845517
13500 0.0
13601 0.0
13701 0.0
13801 0.0
13901 0.0
13985 0.0
14085 0.0
14185 0.0
14286 1.3093643
14385 0.63908863
14486 -0.971694
14585 -2.1224277
14686 -2.7754931
14786 -2.7686605
14886 -2.3659873
14986 -1.2641075
15086 -0.3684826
15187 0.58145285
15287 1.4024763
15388 2.2330475
15488 2.6761732
15588 2.2846398
15688 1.1914454
15788 -0.07375145
15888 -1.1859455
15988 -2.2130828
16088 -3.1250002
16189 -4.601143
16288 -4.653859
16391 -4.227277
16490 -3.451015
16591 -2.1891382
16691 -1.124414
16791 -0.2103033
16889 0.68108654
16990 1.3403292
17090 1.8347664
17190 1.8122697
17290 1.042326
17390 0.28031635
17494 -1.0176158
17590 -2.104865
17694 -3.041659
17794 -3.5444448
17892 -3.6613603
17992 -3.6688628
18092 -3.452743
18192 -1.5232339
18292 -0.14292336
18392 0.77373934
18493 1.2700472
18593 2.036584
18692 2.554511
18792 2.8595924
18892 2.8505569
18996 2.782714
19096 1.064364
19196 -0.64668036
19294 -1.8518982
19396 -3.0497005
19496 -3.504789
19596 -4.0491486
19696 -4.1344094
19796 -3.567562
19911 -1.9241345
19999 -0.97240114
20098 0.13572693
20196 1.189126
20296 1.8272333
20396 2.794557
20496 3.1593418
20596 3.0538607
20696 2.2802277
20797 0.98139954
20897 -0.18581009
20996 -1.2996986
21097 -2.4428098
21197 -3.2955499
21297 -3.7373636
21397 -3.9526725
21498 -3.7960503
21598 -2.631451
21698 -1.6352515
21799 -0.20814848
21899 0.95534325
21998 1.7016907
22098 2.5811706
22199 3.3123236
22299 3.362938
22399 3.099594
22499 2.0744538
22601 0.6918707
22701 -0.6055708
22800 -1.823672
22901 -2.9187179
23001 -3.5491297
23100 -3.889705
23200 -3.9510932
23300 -3.2018323
23400 -2.3647132
23500 -0.9760189
23600 0.5587969
23818 2.4559188
23918 3.1018353
24019 3.1650753
24119 2.8976111
24219 1.2743049
24319 -0.09435272
24419 -1.366111
24519 -2.4602876
24619 -2.8636036
24720 -2.9209037
24820 -2.8569448
24919 -2.480389
25020 -1.5269749
25120 -0.4910798
25220 0.7994375
25321 1.4731913
25422 2.1086655
25521 3.1417027
25622 3.3024035
25722 2.8872404
25823 1.6233239
25922 0.74216604
26022 -0.4988103
26122 -1.6655273
26222 -2.582782
26322 -3.0825737
26423 -3.3547835
26524 -3.288486
26624 -2.8388705
26724 -1.8919139
26823 -0.8810921
26924 0.27523136
27023 1.4788103
27123 1.91817
27207 2.8197823
27307 3.18618
27407 3.5138388
27507 3.5548553
27608 2.558689
27708 1.1520038
27808 0.05933857
27908 -1.1110756
28009 -2.0397706
28108 -2.6491756
28208 -2.7043386
28308 -2.3467462
28409 -1.3606846
28509 -0.5076647
28609 0.53981066
28710 1.3127785
28811 1.8751807
28910 3.112197
29010 3.682581
29111 3.945033
29210 3.4691935
29310 2.7170968
29413 1.5226164
29510 0.59998417
29613 -0.59271145
29713 -1.7756202
29812 -2.57669
29912 -2.9920664
30012 -3.3780189
30112 -3.5733142
30212 -3.1612225
30312 -2.4992528
30412 -1.7830982
30521 -0.8839297
30612 -0.09273195
30715 0.9445033
30816 1.3838243
30916 1.7035193
31016 2.0565758
31116 3.003334
31216 2.8542342
31316 1.6730514
31415 0.92679024
31515 -0.009959698
31615 -1.0201869
31716 -1.8578534
31814 -2.5528512
31915 -3.0062373
32015 -3.1004446
32115 -2.8418474
32215 -1.8801949
32315 -1.0338504
32416 -0.2465334
32518 0.87175465
32618 1.6442428
32718 2.0605965
32817 2.727942
32917 2.7656312
33016 1.6983347
33116 0.77237225
33217 -0.2711482
33317 -1.4985759
33418 -2.6392066
33517 -3.4628644
33619 -3.699589
33718 -3.7402816
33818 -3.594965
33919 -2.7394798
34019 -1.8494151
34119 -0.7365351
34218 0.43696404
34319 1.0503049
34419 1.8403921
34520 2.189499
34619 2.2129312
34719 1.9688706
34821 0.7400384
34920 -0.060027122
35020 -1.3208547
35121 -2.5806642
35220 -3.2614486
35320 -3.3643212
35421 -3.095982
35521 -2.0865238
35621 -0.89283276
35721 0.035312653
35822 0.9988065
35922 1.5746665
36024 2.134954
36123 3.2826214
36222 3.575348
36322 3.5005655
36423 3.3195906
36523 2.0362234
36623 0.68554354
36723 -0.51897526
36823 -1.465982
36923 -2.311359
37024 -2.8764997
37107 -3.1385236
37207 -3.0912519
37307 -2.750996
37408 -1.512027
37507 -0.56546926
37608 0.17233658
37708 1.0514884
37808 1.3738294
37908 1.678855
38008 1.7720237
38108 1.6980515
38209 0.84352684
38310 0.06361866
38409 -0.80204105
38509 -1.5725448
38609 -2.4725761
38709 -3.1095994
38810 -3.521242
38910 -3.6657183
39010 -3.7224264
39110 -3.6624856
39210 -3.094993
39310 -1.6478488
39413 -0.40446806
39513 0.83292246
39613 1.4393053
39713 2.0487037
39811 2.555925
39911 2.64571
40011 1.970828
40112 0.93536377
40212 0.4582734
40312 -0.4571581
40412 -1.3310001
40512 -2.1834693
40613 -2.9579854
40716 -3.415011
40815 -3.6100552
40913 -3.69
41015 -3.568676
41116 -2.754952
41215 -1.5089588
41315 -0.6335316
41415 0.47417355
41515 1.2204332
41615 1.8140845
41715 2.5545974
41814 2.9919648
41915 2.929944
42016 2.4688706
42115 1.6370163
42216 0.78880215
42316 -0.15726042
42416 -0.8543978
42516 -1.6278191
42616 -2.2057104
42716 -2.608318
42816 -2.8428435
42916 -2.8335042
43016 -2.6589217
43118 -1.4199843
43219 -0.2936225
43317 0.8565936
43417 1.5733786
43519 2.4322038
43617 3.744195
43718 4.207699
43819 3.9614506
43918 3.1130962
44018 2.5489645
44118 2.1107721
44220 1.3531165
44320 0.23478603
44421 -0.4923191
44519 -1.0276406
44621 -1.4173527
44719 -1.3903918
44820 -0.91343117
44920 -0.37469673
45020 -0.552258
45120 0.28389454
45220 1.008132
45321 1.6678514
45421 2.9816313
45522 3.6966276
45622 3.8637104
45722 3.8124533
45821 3.058651
45921 2.177981
46022 1.5465484
46121 0.044998646
46222 -0.89929724
46322 -1.7944164
46423 -2.1301036
46522 -2.0695195
46622 -1.0554745
46725 0.13627148
46824 1.1771917
46924 2.0232048
47024 2.8273077
47123 3.2964993
47207 3.3229094
47307 3.1347103
47407 1.7389288
47507 0.61516666
47608 -1.1205795
47709 -2.435963
47808 -3.6882014
47908 -4.1499043
48008 -5.0
48109 -4.454973
48209 -3.2648635
48309 -2.000032
48409 -0.5602431
48509 0.5552664
48609 1.4468374
48709 2.5511484
48809 2.2975793
48909 1.4650412
49013 0.3797989
49113 -0.83671904
49213 -2.1398358
49313 -3.1119316
49412 -3.7082856
49513 -3.6447177
49613 -3.0998583
49713 -1.6911769
49813 -0.7502575
49912 0.53417826
50012 1.5253005
50111 3.3565311
50213 4.0697994
50313 3.9767122
50413 3.3004875
50515 2.2154517
50612 1.5654092
50715 -0.2560172
50815 -2.4101758
50915 -3.1888416
51015 -3.7486532
51115 -3.8405511
51214 -3.4422529
51316 -2.2355387
51416 -0.9688215
51516 0.2571807
51615 0.8270359
51715 1.663208
51814 2.2910132
51915 2.8800812
52016 2.9797668
52115 3.004959
52216 2.2005033
52315 1.4539385
52415 0.47158527
52650 -0.9475012
52750 -1.3701158
52850 -1.660434
52950 -1.3977113
53052 -0.28658485
53151 0.5955148
53251 1.657115
53351 2.2653704
53451 3.0013256
53551 3.8968449
53651 3.98773
53751 3.621231
53852 2.283216
53951 1.2070074
54052 -0.9718199
54154 -2.4255662
54253 -3.5243037
54353 -4.2054024
54452 -4.402132
54552 -3.9535737
54652 -2.913488
54753 -1.561068
54854 -0.30610085
54953 0.87854195
55053 1.8246994
55153 3.0037918
55254 3.5943165
55356 3.419073
55456 3.0677967
55556 1.9151216
55655 -0.08652067
55755 -1.4501934
55855 -2.6614404
55955 -3.6489327
56056 -4.075365
56155 -4.0935063
56239 -2.9346347
56339 -1.7169418
56439 -0.5631194
56539 0.67708206
56639 1.3459802
56740 2.2702498
56840 3.1411629
56939 3.5902367
57041 3.5152988
57140 2.3764868
57240 1.4399214
57340 0.43500996
57441 -0.5820794
57541 -1.5336926
57642 -2.2445626
57741 -2.6558661
57841 -2.578328
57942 -1.5612283
58042 -0.29365778
58145 0.8578787
58244 1.8311167
58342 2.460617
58445 2.423111
58543 2.6010933
58645 1.8087859
58745 0.9638519
58844 -0.67256737
58944 -1.9371314
59044 -3.0690546
59143 -4.0772023
59244 -4.0939803
59344 -4.1015396
59444 -3.180018
59544 -1.876236
59644 -0.5015874
59748 0.8025136
59848 1.896718
59948 2.818635
60048 3.2643528
60146 2.949276
60248 1.8733568
60347 0.37030554
60447 -0.78499126
60546 -2.041162
60646 -2.74748
60747 -3.3359258
60846 -3.5079362
60947 -2.8916185
61050 -1.5685253
61147 -0.29421616
61250 0.9987831
61350 1.8504248
61450 2.4342165
61550 3.417944
61650 3.383483
61750 2.383008
61849 0.98521996
61948 -0.5983796
62049 -1.988975
62148 -3.0978036
62248 -3.743648
62349 -3.8630884
62449 -3.1399221
62550 -1.85079
62650 -0.5452852
62750 0.8310156
62850 2.1136384
62950 3.272009
63050 3.4187422
63150 3.4886084
63250 3.5803642
63350 2.7861762
63451 0.9070182
63551 -1.1951995
63651 -2.406478
63753 -3.5646815
63853 -3.9648485
63953 -3.6322572
64052 -2.5694983
64152 -1.623349
64252 -0.4057231
64352 0.96713924
64452 1.618537
64553 2.5881577
64653 3.0045328
64752 3.0308218
64853 2.1732588
64955 0.6979723
65054 -0.36058664
65154 -1.597091
65254 -2.8625472
65355 -3.6948469
65454 -3.82595
65555 -2.9964576
65654 -1.6611786
65754 -0.3665309
65854 0.9749985
65955 2.1472845
66055 3.4285574
66156 3.6803522
66239 3.9730368
66356 3.0446281
66456 1.7158418
66539 -0.20727253
66639 -2.0156665
66740 -3.1435819
66840 -3.6079485
66940 -3.6190135
67040 -2.9032345
67140 -1.5264575
67240 -0.08415747
67341 1.12779
67441 2.350123
67541 2.9033484
67641 3.929964
67741 3.4753714
67841 2.9121118
67942 1.7544303
68041 0.110028744
68142 -1.5969856
68245 -2.7119586
68342 -3.7379103
68445 -3.9972658
68545 -3.5346675
68644 -1.9128461
68744 0.09720516
68844 1.6228132
68943 2.926381
69044 4.3845787
69144 4.5733395
69244 4.4396734
69344 4.185976
69444 3.433423
69545 2.968048
69645 0.91650534
69747 -0.92809534
69847 -2.5060325
69945 -3.1534543
70047 -3.696027
70147 -3.1630912
70247 -2.236537
70346 -1.1114242
70446 0.28716087
70546 1.5947633
70646 2.7008562
70747 3.5856934
70846 3.753852
70947 3.212408
71047 1.9498854
71147 1.225637
71247 0.3897295
71350 -0.99364996
71447 -2.2148886
71550 -3.1271071
71650 -3.3264437
71750 -2.601741
71848 -1.2423401
71949 -0.0035204887
72048 1.1587682
72149 2.3591814
72249 3.5822763
72349 4.192569
72449 4.2878695
72549 3.978094
72650 2.6292925
72749 1.2915545
72850 0.39992046
72951 -0.8104577
73050 -1.9615483
73151 -2.8742862
73253 -3.2395267
73352 -2.8923616
73451 -1.4515064
73552 -0.16403055
73652 1.1031256
73752 2.3884492
73851 3.287301
73952 3.5638647
74052 3.6542196
74152 3.5845213
74252 2.0440826
74353 1.0972052
74454 -0.074584484
74554 -1.1315312
74654 -1.9844089
74753 -2.8005083
74854 -3.4314353
74953 -2.8254972
