462 -4.283251
563 -4.28132
663 -4.239804
763 -3.8796353
863 -3.3036733
963 -2.1836932
1063 -0.77249765
1164 0.4625044
1264 1.5696306
1364 2.3477583
1464 2.9746857
1564 3.2282343
1665 3.2418594
1765 2.9831786
1865 2.3653936
1965 1.4360876
2065 0.42074728
2165 -0.8027115
2265 -1.6903694
2365 -2.6415427
2466 -3.1695292
2566 -3.4328463
2666 -3.400649
2766 -3.1500282
2866 -2.3779387
2966 -1.2309811
3066 -0.04228878
3167 0.9883776
3267 2.1050277
3367 2.8869066
3467 3.3423595
3567 3.507658
3668 3.4531803
3767 2.8749833
3868 1.9274778
3968 0.7704077
4068 -0.2262392
4168 -1.1552291
4268 -1.9663174
4369 -2.7780757
4469 -3.1638136
4570 -3.152053
4670 -2.857612
4769 -2.204882
4870 -1.2700558
4970 -0.20156431
5071 1.0159101
5170 2.1489258
5270 3.035407
5371 3.6625776
5471 3.935399
5571 3.898366
5671 3.344512
5772 2.0746026
5872 1.0161867
5971 -0.12528324
6072 -0.982965
6172 -1.978764
6273 -2.7598827
6373 -3.2414637
6473 -3.474488
6573 -3.4643104
6673 -3.2437994
6773 -2.3760757
6874 -0.957427
6974 0.30274725
7074 1.4625878
7174 2.3309402
7274 3.0273838
7374 3.371336
7475 3.3856525
7574 3.2827225
7675 2.787931
7775 1.5675492
7875 0.4434743
7975 -0.7840643
8075 -1.8267522
8176 -2.704632
8276 -3.3096352
8375 -3.5802011
8475 -3.5021904
8576 -2.8736205
8676 -1.9766507
8776 -0.8712225
8877 0.27293825
8959 1.0669084
9059 1.937911
9159 2.5294619
9259 2.8430252
9359 2.9650917
9459 2.9792657
9561 2.7231507
9661 1.4348664
9762 -0.19596577
9862 -1.2662499
9962 -2.2891097
10062 -3.1578448
10162 -3.6519847
10262 -3.7515814
10362 -3.582343
10463 -3.1208458
10563 -2.4973001
10663 -1.6075058
10913 0.4821577
11013 1.5657349
11114 2.4044485
11214 2.896585
11313 3.3264313
11415 3.3935127
11515 3.2069254
11748 0.8720565
11849 -0.23121881
11949 -1.227859
12048 -2.2908244
12149 -3.1168704
12249 -3.5458918
12349 -3.5160062
12449 -3.2947326
12549 -2.894565
12650 -1.9573889
12750 -0.8220506
12850 0.3937459
12950 1.3561449
13051 2.1817942
13150 2.7253928
13251 3.0755596
13350 3.1544247
13451 2.9799423
13551 2.1909704
13652 1.1219387
13752 -0.30168533
13852 -1.0884461
13952 -2.1148257
14051 -2.9280202
14153 -3.4143462
14253 -3.4108298
14353 -3.143116
14453 -2.4551826
14553 -1.562532
14653 -0.41976738
14753 0.6106515
14854 1.8932495
14953 2.918439
15053 3.4673958
15154 3.5695868
15236 3.356308
15336 2.6227503
15436 1.6378646
15536 0.46600246
15820 -2.4419818
15922 -3.054689
16339 -2.2302852
16440 -1.0379143
16539 0.009316444
16639 1.0429788
16739 1.9026198
16840 2.7282996
16940 3.2242718
17040 3.3650951
17141 3.225397
17240 2.647873
17341 1.6067901
17441 0.69500685
17542 -0.2686062
17642 -1.0188
17741 -1.8634584
17842 -2.7007065
17942 -3.2427502
18042 -3.1786876
18142 -2.9606977
18243 -2.2267857
18343 -1.1647198
18443 0.061656952
18543 0.99871635
18643 1.9016275
18910 3.4554005
19010 3.5435839
19110 3.3582745
19211 2.6863203
19310 1.5962424
19410 0.4671507
19511 -0.7175698
19611 -1.5903943
19711 -2.4887662
19811 -2.900936
19912 -3.141677
20011 -2.9494958
20112 -2.5393493
20212 -1.6113381
20312 -0.7677417
20412 0.36390638
20513 1.5283442
20613 2.6519651
20713 3.3120441
20813 3.6881275
20914 3.6994
21013 3.5081625
21114 2.6194787
21214 1.683886
21314 0.60141754
21414 -0.494421
21514 -1.1127942
21615 -1.9451852
21715 -2.5952616
21814 -2.9487393
21915 -2.9726653
22015 -2.8471384
22116 -2.3593256
22216 -1.3223815
22315 -0.37453175
22416 0.58314514
22516 1.4849405
22616 2.35745
22717 2.98039
22817 3.3370419
22916 3.402481
23017 3.2849836
23117 2.7114549
23218 1.5822968
23317 0.2651744
23418 -0.68781424
23518 -1.4890594
23617 -2.3331006
23718 -2.980313
23819 -3.1177497
23919 -2.89342
24019 -2.4654431
24119 -1.59884
24201 -0.7669101
24302 0.1917839
24401 1.3953037
24501 2.396453
24601 3.0510616
24701 3.3315983
24802 3.3270626
24903 3.058981
25004 2.4853501
25104 1.5213914
25204 0.50136995
25304 -0.64791393
25404 -1.5424182
25505 -2.2718368
25605 -2.9748592
25705 -3.2709768
25805 -3.2387748
25905 -3.02537
26005 -2.2875714
26105 -1.3936584
26373 1.3293152
26473 2.264431
26573 2.951497
26673 3.3266792
26773 3.399848
26873 3.0777388
26974 2.2335525
27074 1.2225881
27174 0.2804346
27274 -0.719038
27374 -1.7298818
27474 -2.6440227
27574 -3.2237275
27674 -3.3194296
27775 -3.1084533
27875 -2.7509332
27975 -2.02113
28075 -1.3232181
28175 -0.48048353
28275 0.3407712
28376 1.2557621
28476 2.0253143
28576 2.5955925
28676 2.9779525
28776 3.0892258
28877 3.0205774
28976 2.5815759
29077 1.6794524
29177 0.7150545
29278 -0.27563858
29378 -1.2294407
29477 -2.008237
29578 -2.9281192
29678 -3.5556517
29895 -3.5772731
29996 -3.1227012
30096 -2.0110023
30195 -0.15346241
30296 0.8547497
30395 1.7268448
30496 2.5991287
30596 3.2151852
30880 3.7436447
30981 3.0904312
31081 1.6063104
31180 0.5850444
31280 -0.56715393
31381 -1.4315934
31481 -2.0233614
31582 -2.2430182
31681 -2.2685418
31782 -2.010845
31881 -1.638525
31982 -1.0751462
32083 -0.36756325
32182 0.7701516
32282 1.694478
32383 2.4487967
32617 3.6774464
32717 3.63756
32817 3.287241
32917 2.2979393
33017 1.1487794
33117 -0.024933815
33217 -1.1305637
33317 -2.1227438
33417 -2.7000294
33517 -3.091395
33618 -3.14308
33851 -1.9867194
33950 -0.9310036
34050 0.16161633
34152 1.1454191
34252 1.9323196
34353 2.3009672
34453 2.4916472
34553 2.5186195
34869 0.9642453
34970 -0.0065660477
35288 -2.9524016
35388 -3.3772218
35487 -3.5571022
35588 -3.6154587
35688 -3.5249543
35788 -3.3253791
35888 -2.2524946
35988 -0.80755043
36089 0.45081663
36189 1.3660784
36289 2.0566726
36389 2.7398415
36489 3.1872702
36589 3.239356
36690 3.080576
36790 2.468985
36890 1.2636046
36990 0.22048664
37090 -0.94098854
37190 -1.9112635
37291 -2.6700873
37391 -3.0936728
37492 -3.2295969
37591 -3.27695
37691 -3.0836415
37791 -2.3538308
37891 -1.3652663
37991 -0.43118286
38093 0.5460992
38193 1.3399539
38292 2.1527405
38393 2.6874146
38492 2.9977646
38593 2.9949808
38693 2.6261568
38793 1.8386068
38893 0.8298273
38994 -0.31779623
39094 -1.2707105
39194 -2.1103477
39294 -2.8057694
39394 -3.1011345
39495 -3.0706782
39595 -2.9104295
39695 -2.5849977
39795 -1.8380816
39895 -0.9286232
39995 0.054844856
40096 1.2029681
40196 1.9898591
40295 2.6361375
40396 3.066763
40496 3.2142735
40596 3.292015
40697 3.273014
40796 2.9166565
40897 1.564517
40996 0.50610447
41097 -0.66240215
41198 -1.6434894
41297 -2.4887354
41398 -3.035398
41631 -2.99725
41732 -2.7319639
41831 -1.9349933
41931 -0.89051247
42032 0.14994001
42132 0.9646354
42232 1.7727485
42333 2.3005686
42433 2.9205446
42533 3.2923603
42766 3.258731
42849 2.2809954
42949 0.6785226
43049 -0.31039095
43149 -1.498816
43249 -2.485954
43349 -2.9671025
43449 -3.2029984
43551 -3.1128829
43651 -2.92732
43752 -2.5032134
43852 -1.573492
43952 -0.57500935
44052 0.3244233
44152 1.4252877
44252 2.228414
44353 2.8569884
44453 3.3526573
44553 3.548873
44653 3.3511934
44753 2.4125147
45003 -0.61148024
45102 -1.5369294
45202 -2.327228
45304 -2.8729467
45403 -2.9425292
45505 -2.927382
45605 -2.819653
45705 -2.4007707
45805 -1.2466857
45905 -0.2173047
46005 0.976717
46105 1.7739477
46206 2.5505896
46306 3.0900202
46406 3.3510294
46506 3.4370975
46607 3.3867092
46707 2.6481056
46807 1.6385016
46907 0.29417467
47007 -0.8043375
47107 -1.7207255
47207 -2.7619119
47307 -3.228375
47408 -3.4334815
47508 -3.3734834
47608 -3.0777662
47708 -2.6053627
47808 -1.7891877
47908 -0.9335089
48008 -0.027746677
48109 0.9845605
48209 1.684391
48309 2.4634619
48409 2.877242
48509 2.9620209
48726 2.3114653
48826 1.5128555
48927 0.27831364
49027 -0.6123886
49128 -1.4810548
49228 -2.1934247
49328 -2.6863596
49428 -2.9601333
49528 -2.9821825
49628 -2.8951602
49728 -2.4580998
49828 -1.510289
49928 -0.6318464
50029 0.19311666
50446 2.5543623
50546 2.8803282
50646 2.9338799
50746 2.676259
50846 1.5187874
50947 0.3242302
51047 -0.6713667
51364 -2.839291
51464 -2.9617577
51565 -2.9260726
51665 -2.8461902
51765 -2.1925678
51865 -1.1833661
51966 -0.14098644
52066 1.0048571
52166 1.8216238
52266 2.3765502
52366 2.7374039
52466 3.0709763
52566 3.2576027
52667 3.2575665
52766 2.7380166
52867 1.8773422
52967 0.740242
53067 -0.1419754
53168 -1.2435417
53268 -2.1133986
53368 -2.8208807
53468 -3.1374927
53568 -3.1275697
53818 -2.141802
53919 -1.0899742
54019 -0.20181322
54119 0.85144997
54219 1.5990458
54319 2.201013
54653 3.3339596
54754 2.9729013
54854 2.1256323
54954 0.8699846
55053 -0.007472992
55154 -1.2873955
55253 -2.3110898
55354 -3.0812576
55455 -3.4467058
55554 -3.5379748
55655 -3.4637823
55737 -3.0331843
55837 -1.9250484
55937 -0.9055424
56038 0.04177189
56137 0.89361095
56238 1.7195411
56339 2.4529824
56440 2.9584398
56540 3.1262245
56640 3.119135
56740 2.9155364
56840 2.1341767
56940 1.0469847
57041 -0.09517622
57141 -1.0565591
57241 -2.1020494
57341 -2.7446728
57441 -3.2169418
57541 -3.2938182
57858 -1.8115058
57959 -0.9434576
58059 0.028725624
58158 0.95745325
58259 1.8578463
58360 2.4912987
58460 3.1453848
58560 3.4091282
58660 3.3865824
58760 3.054469
58860 2.0320654
58961 0.9130807
59061 -0.35429478
59161 -1.4716938
59260 -2.238041
59361 -2.7906795
59461 -2.981745
59562 -3.0063539
59662 -2.925849
59761 -2.4674144
59861 -1.2740593
60162 1.7297683
60262 2.5060706
60362 3.3057022
60463 3.4961872
60563 3.4131374
60896 1.1219091
60997 -0.054305077
61097 -0.90339565
61197 -1.8952565
61298 -2.4497313
61397 -2.7196684
61480 -2.8964994
61580 -2.9574094
61680 -2.83937
61780 -2.30339
61880 -1.0749099
61981 -0.0731802
62082 0.89222574
62183 1.6911216
62283 2.397233
62383 2.7959838
62483 3.1308413
62583 3.2032099
62683 3.1184397
63200 -2.0511293
63301 -2.6736903
63401 -3.0814736
63501 -3.2191844
63602 -3.289521
63702 -3.2355986
63802 -2.6664217
63902 -1.4076533
64002 -0.39502478
64103 0.72469234
64202 1.5299287
64303 2.3597703
64403 2.8047152
64503 2.9595885
64603 2.9468184
64703 2.677742
64804 1.7095542
64904 1.0284538
65003 -0.12770987
65104 -0.97731304
65204 -2.0086102
65304 -2.820788
65405 -3.4690669
65505 -3.6112041
65605 -3.6150563
65705 -3.4373639
65804 -2.769558
65905 -1.6557419
66006 -0.56453896
66106 0.293612
66206 1.4924941
66289 2.17629
66388 2.7602425
66488 3.0934277
66588 3.2435484
66688 3.1866102
66789 2.7760568
66890 1.7780428
66991 0.62130404
67091 -0.30256367
67191 -1.2750525
67291 -2.0520704
67391 -2.7326999
67491 -3.0259252
67592 -3.0928888
67692 -3.0093591
67792 -2.7648766
67892 -2.0295334
67992 -1.1493526
68092 -0.26075983
68192 0.53391695
68292 1.3962555
68393 2.2108603
68493 2.7509322
68593 2.979879
68693 3.0135307
68793 3.0086212
68893 2.6259322
68994 1.4216943
69094 0.19157505
69194 -1.1076865
69294 -2.0151277
69394 -2.909082
69494 -3.4161475
69795 -3.0755377
69895 -2.436
69995 -1.6140568
70095 -0.569736
70195 0.49350548
70296 1.3681664
70395 2.1982856
70496 2.771268
70596 3.1686869
70830 3.0077124
70930 2.1332183
71030 0.98984814
71131 -0.03738308
71230 -1.186975
71331 -2.0944505
71431 -2.7490525
71532 -3.0434222
71631 -3.1622963
71731 -2.944258
71832 -2.602481
71931 -1.6806169
72032 -0.8377476
72132 0.284976
72233 1.253932
72333 2.1253524
72415 2.5470924
72515 2.866094
72615 3.05227
72717 3.1191463
72815 2.784214
72915 1.9397812
73016 0.64256763
73117 -0.25132656
73218 -1.172921
73318 -1.8843026
73418 -2.6159797
73518 -3.004505
73618 -3.2370298
73718 -3.2810276
74002 -1.7195828
74102 -0.65502787
74203 0.3135934
74303 1.100678
74604 2.8947601
74703 3.1973686
74803 3.2907505
74903 3.1406755
75004 2.1179514
