5 2.700841
106 3.3435688
206 2.883409
306 1.4434519
406 -0.5597286
507 -1.850971
607 -2.4441543
707 -2.4671903
808 -0.56592655
908 2.1979856
1008 3.3840008
1108 3.1870222
1209 1.5655785
1309 -0.65465784
1408 -2.959159
1510 -3.632626
1610 -3.3047347
1710 -0.77894115
1810 1.8664894
1911 2.732541
2011 2.710414
2110 1.0101347
2212 -1.1911945
2312 -3.0135026
2412 -3.239776
2512 -1.3851414
2612 1.2903166
2713 2.9548965
2813 3.5138798
2913 2.1751504
3013 -0.25692606
3114 -2.4123065
3214 -3.698826
3314 -3.41979
3415 -1.1946473
3514 1.5785737
3614 3.367793
3715 3.8060446
3816 2.3048124
3916 -0.08941746
4016 -2.0188498
4116 -2.692755
4217 -2.0952363
4317 0.3857422
4418 2.7200112
4517 3.3422327
4618 2.32238
4718 0.16964054
4818 -2.0083137
4919 -2.9486766
5019 -2.388473
5118 -0.27800226
5202 1.7899046
5302 3.1439762
5403 3.0041647
5504 1.2994723
5603 -0.7792406
5704 -2.5312195
5804 -2.5326362
5905 -1.0106137
6005 1.3135362
6105 2.9110742
6206 3.1482677
6305 1.8440351
6405 -0.28631258
6505 -2.0789332
6607 -2.6895077
6706 -1.900106
6807 0.40969658
6907 2.395266
7008 3.1195488
7107 2.2446733
7208 0.17556858
7309 -1.8359725
7409 -2.6107316
7509 -2.0541577
7609 -0.13153839
7710 1.7787905
7809 2.8998919
7910 2.8691874
8010 1.4065223
8110 -0.70607185
8211 -2.7058473
8311 -3.2640815
8411 -2.2178826
8511 0.6323509
8612 2.6432333
8712 3.080387
8812 2.0996614
8912 -0.21875048
9013 -2.2341034
9113 -3.103516
9214 -2.7667518
9314 -0.7358017
9414 1.9727416
9514 3.3473082
9615 3.5890598
9714 2.3095007
9815 -0.18681431
9914 -2.3514163
10015 -3.105104
10116 -2.4034119
10216 -0.08924866
10316 2.4326982
10416 3.3344393
10517 2.9388757
10617 0.783792
10718 -1.446645
10817 -3.198073
10918 -3.2210789
11018 -1.8884199
11118 0.7026887
11219 2.7467356
11318 3.121766
11402 1.9349089
11502 -0.26563406
11603 -2.2115235
11704 -3.3940682
11803 -3.01515
11903 -1.3045647
12003 1.2782063
12105 2.895063
12204 2.5224648
12304 0.79766464
12405 -1.4952426
12505 -2.6983476
12606 -2.7800221
12706 -1.6330616
12806 0.72922945
12906 2.4917397
13007 2.8613367
13107 1.9203415
13207 -0.022350311
13308 -2.1929026
13407 -2.939664
13508 -2.354249
13608 -0.0636549
13709 2.4115095
13809 3.3780746
13910 3.4226704
14009 2.7482085
14109 0.6615267
14210 -1.4428425
14310 -2.7918112
14411 -2.5276985
14511 -1.0300465
14610 1.2296295
14712 2.9238038
14812 3.2592487
14912 2.0353632
15012 0.18517065
15112 -1.915878
15212 -2.8171196
15313 -2.4102216
15413 -0.61548424
15514 1.6703863
15614 2.814013
15713 2.7665148
15815 1.3649302
15914 -0.31606007
16015 -1.6425014
16115 -2.3308144
16215 -2.665499
16316 -2.8155427
16416 -2.9062371
16517 -2.659574
16617 -1.4670815
16716 0.468462
16816 1.7967858
16917 2.660552
17017 3.1874819
17118 3.5367813
17217 3.4940023
17318 2.620009
17418 1.5790634
17518 0.6074743
17602 -0.1796093
17702 -1.1927304
17803 -1.8722205
17904 -2.5809085
18003 -2.9727416
18104 -3.197647
18203 -3.2192802
18305 -2.8592038
18405 -1.5838275
18505 -0.31401968
18605 0.9400916
18706 1.7857132
18806 2.3021874
18905 2.7179055
19006 3.1246471
19107 3.2974749
19207 3.3395615
19307 3.1339512
19408 2.4018602
19508 1.2068229
19608 -0.12130833
19708 -1.3128326
19808 -2.238872
19909 -2.851424
20008 -3.0135355
20110 -2.911785
20210 -2.4521034
20310 -1.3813634
20410 0.08633137
20510 1.2228703
20610 2.0654068
20711 2.5765038
20811 3.0022192
20911 3.125619
21012 3.1449413
21111 3.176731
21212 3.1473475
21312 2.9343123
21412 2.24515
21513 0.6261759
21613 -0.92128134
21714 -1.9549141
21813 -2.8231363
21914 -3.4021356
22015 -3.6261566
22114 -3.7497973
22214 -3.4141471
22315 -2.4899058
22416 -0.83401203
22515 0.84764004
22616 2.0517054
22716 2.7997713
22816 3.44526
22917 3.7649136
23016 3.907854
23117 4.044058
23218 4.0927267
23318 4.1012363
23417 3.931569
23518 2.962461
23619 1.792449
23718 0.9320617
23819 -0.1131134
23902 -1.0588481
24003 -2.0078454
24103 -2.6217856
24204 -2.7305205
24304 -2.7197938
24403 -2.561024
24504 -1.6450424
24604 0.15116882
24705 1.1995935
24805 1.9127946
24906 2.277008
25006 2.4945602
25106 2.5979438
25206 2.706061
25306 2.7419586
25407 2.7483053
25506 2.6447363
25607 1.2048063
25707 -0.32479906
25808 -1.4479611
25908 -2.1863937
26008 -2.681642
26108 -3.0866313
26209 -3.1402068
26309 -3.1039984
26409 -2.9761195
26510 -2.5514188
26610 -1.2564149
26710 -0.09753466
26810 0.92076063
26911 1.4772873
27011 1.9427805
27112 2.2403488
27211 2.4369173
27311 2.5545664
27412 2.6188178
27513 2.6285667
27612 2.551589
27712 1.7671914
27813 0.77824783
27913 -0.21384764
28014 -0.91883993
28114 -1.754329
28214 -2.3119771
28315 -2.6476932
28414 -2.8539147
28515 -2.9815567
28616 -3.0642538
28716 -3.0179114
28816 -2.5643902
28916 -1.1350002
29016 0.19213343
29117 1.0314188
29217 1.5840597
29316 1.9726343
29417 2.2643867
29518 2.4585733
29618 2.4973502
29719 2.4848127
29819 2.295877
29918 1.4812975
30019 0.5611696
30102 -0.1563468
30202 -1.1777749
30303 -2.0614953
30404 -2.6781466
30504 -3.0122733
30604 -3.0695386
30703 -3.0673683
30804 -2.9155936
30905 -1.7975819
31005 -0.6193743
31106 0.5006738
31206 1.3342023
31306 2.149016
31406 2.7930326
31506 2.9975076
31607 3.054902
31707 3.0814924
31807 3.0889854
31907 2.976738
32008 2.368762
32108 1.1559696
32208 -0.14112282
32308 -0.9819608
32409 -1.8891604
32509 -2.379917
32609 -2.513843
32709 -2.5599346
32810 -2.5647712
32910 -2.4970748
33010 -1.7267509
33111 -0.66325665
33211 0.2373991
33311 1.0612097
33412 1.6452966
33511 2.2174711
33612 2.5720263
33712 2.8041239
33813 2.8240995
33912 2.8270097
34013 2.7664323
34114 2.4752197
34214 1.8711295
34314 1.0321398
34414 -0.23618269
34514 -0.85818195
34615 -1.765693
34715 -2.245824
34815 -2.590205
34916 -2.7755275
35016 -2.8352778
35116 -2.6006734
35216 -2.1800838
35316 -0.9691515
35416 0.38121557
35518 1.5284028
35617 2.080658
35718 2.7702508
35818 3.1483898
35918 3.1623821
36019 3.197421
36119 3.2388783
36218 3.2065916
36319 2.4305573
36402 1.1399808
36502 -0.44531345
36603 -1.6579666
36704 -2.321881
36804 -2.589068
36903 -2.6490397
37004 -2.6557956
37105 -2.4690225
37205 -2.100119
37305 -1.2907684
37405 0.16306162
37506 1.131258
37606 1.8772225
37706 2.4141107
37807 2.9517212
37907 3.2497234
38007 3.3451862
38108 3.3989296
38208 3.2909718
38307 2.925686
38408 2.2090378
38509 1.1958728
38609 -0.030685425
38709 -1.3163311
38809 -1.7617836
38909 -1.7831738
39010 -1.6114724
39110 -1.4301133
39210 -1.0878475
39310 -0.12268162
39411 0.92250586
39511 1.5804276
39611 1.9571638
39712 2.1705995
39812 2.3310814
39911 2.4451303
40013 2.5574217
40113 2.6209726
40213 2.6031175
40312 2.131752
40413 0.8551798
40514 -0.47717476
40614 -1.4740746
40714 -1.9955504
40815 -2.381512
40915 -2.591076
41015 -2.716644
41116 -2.6063447
41216 -2.3385396
41316 -1.7702146
41416 -0.5479703
41517 0.69648314
41617 1.3289304
41717 1.870285
41817 2.128108
41918 2.3295546
42018 2.4743438
42118 2.641436
42219 2.7364144
42319 2.790145
42419 2.8049746
42518 2.1430793
42602 0.81882
42703 -0.9089246
42803 -1.9022486
42904 -2.4226558
43003 -2.543254
43104 -2.558051
43204 -2.5619502
43305 -2.563602
43405 -2.485469
43505 -1.5572975
43606 0.18692732
43706 1.0712452
43806 1.7062235
43906 2.064734
44007 2.2933755
44107 2.4875422
44207 2.6042495
44307 2.6263213
44407 2.6188111
44508 2.5413399
44608 1.9457612
44708 0.14487886
44808 -1.189235
44908 -1.9572856
45009 -2.1095948
45109 -2.106481
45210 -1.9748545
45310 -1.9429531
45410 -1.9429991
45510 -1.9447317
45610 -1.5748761
45711 0.509861
45811 1.6470757
45912 2.5376496
46012 2.7547455
46113 2.569552
46212 1.486567
46313 -0.46420193
46412 -1.482888
46513 -1.4172592
46613 -0.040305614
46714 1.7485108
46814 2.6838179
46914 2.7439318
47015 1.6253328
47114 -0.15458012
47215 -1.7804914
47315 -2.3495781
47416 -1.7794642
47515 0.14745617
47616 2.0847445
47716 2.737033
47816 2.342504
47916 0.56265926
48017 -1.296191
48118 -2.3920617
48218 -1.959743
48317 -0.43250942
48418 1.7380157
48518 2.9620743
48618 2.9387617
48719 1.7023935
48819 -0.05298519
48903 -1.5271544
49003 -2.0141728
49103 -0.845912
49204 1.2433553
49304 2.9548798
49403 3.1696339
49504 1.5991454
49605 -0.33779097
49705 -1.7964032
49805 -1.9127107
49906 -0.64271784
50006 1.6736312
50106 2.9293456
50206 2.9724298
50306 1.351172
50407 -0.85348654
50506 -2.4545226
50608 -2.782759
50708 -1.2942479
50808 1.0424623
50908 2.5808043
51009 2.829835
51109 1.9039583
51209 0.3064623
51309 -1.3420739
51409 -1.9689131
51510 -1.4686882
51610 0.50385
51710 2.1112356
51811 2.7322378
51911 1.9259233
52010 -0.020711422
52112 -1.721201
52212 -2.4520535
52312 -1.7690339
52412 0.2969656
52513 2.3997283
52612 3.2688656
52712 3.0598192
52813 1.8033967
52913 -0.24783754
53013 -1.9554353
53114 -2.8752222
53214 -2.6658916
53314 -1.1360393
53415 1.4149246
53514 2.8263512
53615 3.2200556
53715 2.2387152
53816 0.30434704
53916 -1.599731
54016 -2.7841346
54116 -2.8381207
54217 -1.7158146
54317 0.9408879
54417 2.654728
54518 3.2080154
54618 2.2258291
54719 0.32898664
54818 -1.4564235
54919 -2.4946017
55002 -2.6125622
55102 -2.0049455
55203 0.2578764
55302 2.3545685
55404 3.210309
55504 2.9217834
55604 1.4067903
55704 -0.5999994
55804 -1.8846087
55905 -2.4859178
56004 -2.0641518
56106 -0.24627781
56205 1.8782167
56306 2.6108308
56406 2.23001
56506 0.7890425
56607 -0.9766755
56707 -2.1932063
56807 -2.3343441
56908 -0.7906976
57008 1.2609935
57107 2.552854
57209 2.7585573
57308 1.9012885
57409 0.23637962
57508 -1.4418678
57609 -2.3773665
57709 -2.3670127
57810 -0.8774047
57910 1.223916
58010 2.632483
58110 3.0950947
58211 2.4506645
58311 0.7008829
58412 -1.2464938
58512 -2.3206632
58612 -2.0427587
58712 -0.20853901
58812 1.9005089
58913 2.980813
59013 2.7124548
59113 1.1380153
59213 -0.77579975
59314 -2.3907106
59414 -2.7974207
59515 -1.803927
59615 0.68388414
59715 2.3373199
59815 2.7259536
59915 1.8569822
60016 0.23992872
60116 -1.3193791
60217 -2.23568
60317 -2.2396681
60416 -0.8659706
60517 1.4265938
60618 2.606822
60718 2.7469153
60818 1.629056
60918 -0.33126163
61019 -1.8889847
61119 -2.5190618
61218 -1.7509403
61302 -0.06821823
61402 1.9903154
61503 2.884243
61604 2.6881227
61704 1.3593855
61804 -0.38392448
61904 -2.0855496
62004 -2.604664
62105 -1.6465917
62204 0.54204655
62305 2.2402434
62406 2.926062
62506 2.628385
62606 1.2211251
62707 -0.58080006
62807 -2.1676545
62907 -2.2082653
63007 -0.6503668
63108 1.9364944
63208 3.5718164
63307 4.266677
63408 3.1416302
63508 0.6735492
63608 -1.6114719
63708 -2.8554122
63810 -2.6890717
63910 -0.73047256
64010 1.8266935
64110 3.1957636
64210 2.997457
64310 1.323555
64411 -1.0199542
64511 -2.366315
64611 -2.5607932
64712 -1.0623977
64812 1.1347609
64913 2.8558931
65013 3.2346363
65112 2.0819511
65213 -0.023885727
65313 -1.8475585
65413 -2.4493196
65514 -1.5763264
65614 0.6085925
65715 2.6569052
65815 3.1110973
65915 2.0064163
66015 -0.21353483
66116 -1.8609254
66216 -2.583921
66315 -1.9374604
66417 0.47358608
66517 2.7353134
66617 3.2100077
66717 2.2618499
66817 0.4493637
66918 -1.426265
67018 -2.2415824
67118 -1.7595668
67218 0.20438099
67319 2.4740844
67419 3.4118748
67502 3.04529
67603 1.2362471
67702 -0.8225603
67804 -2.1893954
67904 -2.5516844
68003 -1.7575879
68104 0.7152357
68205 2.6334524
68305 2.8858223
68405 1.6475134
68504 -0.5029683
68606 -2.082163
68706 -2.3586583
68806 -1.2456672
68906 0.7996707
69007 2.6850634
69106 3.0234413
69207 1.8824677
69307 -0.07116032
69408 -1.7744031
69507 -2.3922334
69608 -2.1423976
69708 -0.14829111
69809 2.1335573
69909 3.3304996
70009 3.0012445
70110 1.2607512
70210 -0.7838049
70310 -2.2318208
70410 -2.8080688
70510 -2.3284922
70611 -0.32294035
70711 1.8444166
70812 2.815947
70911 2.1315699
71012 0.20262527
71112 -1.7906585
71212 -2.6437545
71313 -2.1612744
71412 -0.19669437
71513 2.381765
71614 3.4486847
71714 3.0395622
71814 0.9860697
71914 -1.0658703
72014 -2.2482672
72114 -2.047197
72215 -0.022157192
72316 2.3024163
72416 3.2837257
72515 2.493661
72616 -0.00853157
72717 -2.2109425
72817 -3.1123137
72917 -2.175077
73017 0.20904255
73118 2.7565422
73218 3.3488998
73318 1.9202981
73418 -0.5122175
73518 -1.9759452
73619 -1.8609977
73719 -0.16894674
73802 1.9464045
73903 3.374631
74003 3.3110676
74103 1.7526941
74204 -0.437315
74304 -2.0804465
74404 -2.4554422
74505 -1.3582835
74605 1.0423536
74705 3.1792183
74805 3.1767473
74906 1.4985008
75006 -0.7877569
