11 -2.94901
111 -3.597745
211 -3.496414
311 -2.428884
410 -1.0266178
511 0.40090752
611 1.6585097
710 2.4523096
811 2.6907425
912 2.3905687
1012 1.1071043
1111 -0.5235529
1211 -1.8556228
1312 -3.0799854
1412 -3.778091
1513 -3.7939436
1613 -3.1515353
1713 -1.6951251
1813 -0.27745342
1912 1.281434
2013 2.4969816
2113 3.1850805
2213 3.22995
2313 2.612059
2413 1.2441549
2512 -0.30429983
2614 -1.5830169
2718 -2.6938188
2814 -3.141807
2915 -3.0203044
3015 -1.8068159
3115 -0.63173485
3216 0.9253111
3313 2.0984688
3415 2.9498396
3515 3.1163168
3616 2.6996627
3716 1.550911
3816 0.08044052
3917 -1.1832385
4016 -2.2435071
4117 -3.2080507
4217 -3.5968564
4316 -3.4553947
4416 -2.6357274
4517 -1.1047616
4617 0.30571222
4718 1.6838579
4817 2.7350388
4917 3.0765848
5018 2.8034592
5118 1.5431528
5218 0.07698059
5319 -1.3865681
5418 -2.4028492
5519 -3.4930172
5619 -3.9446666
5720 -3.1752925
5819 -1.7990887
5920 -0.5214901
6019 0.8520255
6120 2.1591582
6203 2.933814
6303 3.197134
6403 2.842565
6503 1.6138091
6603 0.17354536
6703 -1.0925813
6803 -2.142034
6903 -2.7888145
7003 -3.203938
7106 -3.0174067
7206 -2.0674818
7306 -0.9277911
7404 0.27822304
7506 1.5016723
7605 2.3483148
7706 2.8388586
7806 2.8527274
7906 1.995678
8006 0.49472904
8106 -0.8644023
8205 -1.8944669
8305 -2.7257648
8409 -3.1877208
8506 -3.1293292
8606 -2.1009667
8706 -1.2493865
8809 0.059029102
8908 1.3516979
9008 2.507022
9109 3.1902103
9207 3.229991
9307 2.537036
9408 1.284791
9507 -0.03457403
9608 -1.287679
9708 -2.2167068
9808 -2.8931603
9908 -3.300614
10011 -3.164381
10111 -2.2944489
10210 -1.0801125
10310 0.36851025
10411 1.3782344
10511 2.284799
10611 2.9701743
10711 3.1835394
10811 2.9611878
10911 2.0313659
11012 0.810338
11112 -0.45987606
11211 -1.4713848
11312 -2.3988638
11412 -3.0960727
11512 -3.3863447
11612 -3.084874
11712 -2.1785154
11813 -0.91645765
11913 0.34259558
12013 1.3635035
12114 2.319747
12213 2.9394546
12314 3.001051
12414 2.7009788
12514 1.4148545
12614 0.0134391785
12715 -1.2264113
12814 -2.0226595
12914 -2.6199918
13014 -2.9631994
13115 -2.9143753
13216 -2.14657
13315 -0.93512154
13415 0.22982168
13515 1.2461061
13615 2.1899672
13716 2.8117242
13816 2.924533
13917 2.4496717
14016 1.3224916
14117 0.0776701
14216 -0.9920378
14317 -1.7561619
14417 -2.4124494
14517 -2.827442
14617 -2.885788
14718 -2.2562482
14818 -1.4441648
14918 -0.51140785
15019 0.60134554
15119 1.5268073
15220 2.192955
15318 2.6386695
15419 2.799047
15519 2.4258013
15619 1.3171797
15719 0.082392216
15819 -1.1144586
15920 -2.0750656
16021 -2.910453
16120 -3.4607134
16220 -3.515856
16303 -3.126071
16403 -2.0087168
16503 -0.87576056
16603 0.36100483
16703 1.586545
16806 2.6281967
16906 3.226122
17006 3.33218
17106 2.8633728
17204 1.6294813
17304 0.34276962
17405 -0.7406497
17505 -1.7633862
17604 -2.6197724
17705 -3.2384174
17805 -3.5536792
17905 -3.4640784
18005 -3.020682
18105 -1.801682
18205 -0.7048178
18309 0.48650408
18408 1.6264219
18508 2.558074
18608 3.0682135
18706 3.1963062
18808 3.1398582
18908 2.2934327
19008 0.75956106
19109 -0.50969887
19207 -1.4688213
19307 -2.3459206
19408 -3.1153793
19509 -3.5057757
19608 -3.6807897
19709 -3.5320506
19808 -2.9004397
19908 -1.4948611
20011 -0.32705927
20111 0.77170086
20210 1.8237052
20310 2.5777693
20411 2.9778113
20512 2.908145
20612 2.3130012
20711 1.3772645
20811 0.16191149
20911 -0.88167286
21011 -1.7287972
21112 -2.467657
21212 -3.0615966
21312 -3.3334644
21411 -3.2740011
21511 -2.119816
21611 -1.0516365
21712 0.020164013
21812 1.1412687
21912 2.210411
22012 2.88584
22112 3.1164608
22213 3.0959225
22313 2.5435333
22413 1.3335714
22513 -0.09004259
22613 -1.3576946
22714 -2.4236138
22814 -3.2694695
22914 -3.6115823
23014 -3.4792724
23116 -2.9202418
23215 -1.609055
23314 -0.506958
23414 0.7834673
23515 1.8715029
23615 2.76505
23716 3.2736464
23815 3.555441
23916 3.5684242
24015 3.2402306
24116 2.3469515
24218 1.2467852
24316 0.104215145
24418 -0.8626237
24516 -1.5594692
24616 -2.3023236
24718 -2.9151626
24817 -3.152805
24917 -2.928164
25017 -1.671344
25117 -0.8058305
25218 0.3005662
25318 1.3598094
25418 2.3042822
25518 3.0171824
25619 3.1688747
25719 3.1485138
25818 2.5146532
25919 1.4146857
26003 0.2557764
26103 -0.7587614
26203 -1.5556221
26303 -2.1975312
26402 -2.766024
26503 -3.2373807
26604 -3.2768052
26704 -2.8873172
26804 -1.7043583
26904 -0.42828846
27004 0.81780624
27105 2.0850425
27204 3.0846949
27304 3.4514656
27405 3.4871082
27505 2.8658152
27605 1.5443597
27705 0.20984745
27805 -0.91028166
27906 -1.6391335
28006 -2.38002
28106 -2.9265983
28206 -3.1912541
28306 -3.2180579
28406 -2.78081
28509 -1.8817365
28606 -0.8100543
28706 0.2557001
28809 1.3237886
28909 2.588159
29009 3.2837038
29109 3.5146885
29208 3.4258537
29308 2.4455009
29408 1.2722387
29508 -0.014520645
29608 -1.162843
29709 -1.7690163
29808 -2.2599788
29912 -2.60781
30009 -2.802233
30112 -2.8410475
30210 -2.6696365
30310 -1.2403417
30410 -0.32527304
30510 0.6454277
30611 1.5044909
30710 2.4825692
30810 3.1113605
30910 3.3217754
31011 3.340415
31111 2.8879828
31211 1.9704561
31311 0.7170167
31414 -0.39405203
31514 -1.3622048
31614 -2.2295804
31711 -3.1261358
31812 -3.561862
31914 -3.1047978
32014 -2.105415
32113 -1.4378269
32213 -0.5086098
32313 0.6057844
32413 1.6701994
32513 2.5324988
32613 3.1087236
32714 3.335783
32814 3.1932478
32914 2.3019829
33014 0.86124325
33114 -0.25007725
33215 -1.2404289
33314 -2.0118852
33414 -2.5726063
33515 -2.918797
33615 -2.9633603
33715 -2.5141468
33816 -1.6724629
33917 -0.4419675
34016 0.7679324
34117 1.795958
34216 2.6191978
34316 3.1075153
34416 3.2599983
34517 3.0372
34617 1.8873854
34718 0.4371252
34817 -0.7989402
34919 -1.6930783
35017 -2.377303
35119 -3.2063696
35219 -3.5882769
35318 -3.6141298
35418 -3.5793865
35519 -2.544681
35618 -1.660748
35719 -0.48801327
35819 0.7245784
35902 1.6838083
36003 2.6863837
36103 3.2740946
36203 3.5095387
36303 3.1764984
36403 2.142682
36503 0.7381134
36603 -0.5289564
36703 -1.506815
36804 -2.0851903
36904 -2.3991845
37004 -3.1496944
37104 -3.2892246
37205 -2.4413161
37305 -1.6047757
37405 -0.5755987
37505 0.4705038
37605 1.5549951
37705 2.5094008
37805 3.0478992
37906 3.5062828
38006 3.5979595
38105 3.5134144
38206 2.807166
38306 1.9905539
38406 0.83434296
38509 -0.28086853
38609 -1.260015
38709 -2.0680392
38809 -2.7951415
38909 -3.7548647
39008 -3.8456216
39109 -3.004734
39208 -1.8991904
39308 -0.69530153
39408 0.59660244
39508 1.6631823
39609 2.560073
39708 3.1421537
39812 3.4138823
39911 3.6427555
40012 3.6607685
40109 3.3154507
40210 2.1969233
40310 1.1424489
40410 0.17783642
40510 -0.88944054
40610 -1.6419494
40710 -2.437306
40810 -3.0069165
40911 -3.2368681
41011 -3.1353955
41111 -2.6182463
41212 -1.812803
41311 -0.5881629
41411 0.5763626
41514 1.6725554
41611 2.5611506
41714 3.0358248
41814 3.554923
41914 3.7056103
42013 3.597642
42114 2.551299
42214 1.236197
42314 0.030661583
42413 -1.0714321
42514 -1.7591369
42614 -2.3117824
42714 -2.7725608
42813 -2.9876885
42914 -2.5659983
43014 -2.0524173
43115 -1.3426795
43215 -0.39078665
43317 0.6562934
43416 1.5532379
43516 2.3643274
43615 2.984426
43716 3.3251505
43816 3.2877092
43916 2.8207293
44016 1.9220185
44116 0.9816909
44216 0.25861835
44317 -0.58686686
44416 -1.5883117
44516 -2.217399
44619 -3.1200986
44718 -3.6022
44817 -3.672893
44917 -2.8750973
45018 -2.2157621
45118 -1.3528762
45218 -0.18968678
45318 0.7516699
45418 1.5311761
45519 2.193213
45619 2.6886954
45703 2.8962502
45803 3.0749836
45903 3.0119991
46003 2.2297988
46103 0.8334956
46203 -0.29029083
46303 -1.2592101
46403 -1.7891483
46503 -2.1907198
46604 -2.5793848
46704 -2.550086
46804 -2.1748416
46904 -1.2057259
47005 -0.36656475
47105 0.5042238
47205 1.2154717
47305 1.8753686
47405 2.5664396
47505 3.1536856
47605 3.2780113
47706 3.260888
47806 2.895053
47906 1.8623443
48009 0.6062274
48107 -0.5196481
48209 -1.4152291
48309 -2.2273183
48409 -2.736047
48509 -2.8373315
48609 -2.7030287
48709 -1.9688416
48808 -0.956131
48908 0.16300917
49008 1.2080402
49110 2.1154494
49208 2.841218
49309 3.4827862
49409 3.5850525
49508 3.612443
49609 3.0216951
49708 1.6417398
49809 0.39459848
49909 -0.57501364
50010 -1.4617164
50110 -2.2756708
50210 -3.2556741
50310 -3.6015177
50410 -3.6235733
50511 -2.2478356
50610 -1.1512837
50710 0.16592884
50811 1.346837
50914 2.3906937
51014 3.174862
51111 3.61512
51211 3.7532578
51312 3.7130451
51412 2.8957167
51512 1.3130021
51612 -0.11389685
51712 -1.1632068
51813 -1.8990283
51912 -2.3825011
52013 -2.5691385
52114 -2.375927
52214 -1.797416
52313 -0.93935394
52648 2.4112191
52748 3.0616999
52848 3.1902218
52947 3.371624
53048 3.1486444
53148 2.1219597
53248 0.87113714
53349 -0.37216806
53449 -1.4136288
53549 -2.184219
53649 -3.2602086
53749 -3.578721
53849 -3.5504534
53949 -2.30732
54049 -1.324965
54150 -0.10956478
54250 1.0257711
54353 2.0334206
54450 2.9838629
54550 3.4123802
54653 3.4264307
54753 3.2428017
54853 2.5915399
54953 1.4454947
55053 0.14749527
55151 -1.0438201
55252 -1.8614757
55352 -2.5475361
55452 -2.7658677
55552 -2.5425484
55653 -1.8186128
55755 -0.778831
55855 0.07622385
55955 1.0798383
56055 1.959754
56153 2.6617265
56253 3.1307096
56354 3.2930346
56454 3.2102165
56554 2.5622954
56654 1.2419157
56754 0.031598568
56854 -1.0929952
56958 -2.0180564
57055 -2.7446206
57155 -3.1398137
57256 -3.0442247
57357 -2.2447119
57455 -1.5215671
57556 -0.3561964
57656 0.87471247
57756 1.6742272
57856 2.7523165
57956 3.364111
58056 3.4838552
58158 3.3659754
58257 2.6614852
58357 1.353858
58457 -0.02264738
58557 -1.1651127
58657 -2.0257695
58757 -2.5278082
58858 -2.6943414
58958 -2.713543
59058 -2.4239163
59158 -1.7614384
59258 -0.50812626
59358 0.7391176
59461 1.7125435
59560 2.529406
59659 3.126669
59759 3.3078861
59860 3.15135
59960 2.3418136
60060 1.0846815
60160 -0.060099125
60261 -1.2233405
60360 -2.103041
60460 -2.7897372
60562 -3.1643844
60662 -2.7024872
60761 -1.9241338
60861 -0.8112669
60962 0.41741657
61062 1.7730117
61161 2.7048707
61262 3.1476345
61362 3.2019978
61462 2.8008294
61562 1.6479378
61663 0.20738125
61765 0.0
61864 0.0
61963 0.0
62047 0.0
62147 0.0
62247 0.0
62346 0.0
62447 0.0
62547 0.0
62648 0.0
62748 0.0
62848 0.0
62948 0.0
63048 0.0
63148 0.0
63249 0.0
63349 0.0
63448 0.0
63549 0.0
63649 0.0
63749 0.0
63849 3.0049486
63950 4.1547327
64051 4.509798
64150 4.342367
64250 2.9629831
64353 0.9227395
64450 -0.42070055
64553 -1.4680798
64653 -2.3273835
64753 -2.843903
64853 -2.8559308
64953 -2.3345125
65054 -1.1424699
65152 -0.011739254
65252 1.0743532
65352 1.9934998
65452 2.6955137
65552 3.0200214
65652 2.9857416
65755 2.0307784
65855 0.68950224
65955 -0.44448805
66055 -1.2927928
66153 -2.099291
66253 -2.705175
66354 -2.9750292
66454 -2.793387
66555 -2.0249996
66654 -0.7465792
66755 0.1290865
66854 1.070653
66957 2.0972872
67058 2.7967768
67155 2.9709864
67255 2.6479788
67358 1.4840851
67458 0.017220497
67558 -1.2254314
67658 -2.2391617
67758 -3.1054406
67857 -3.5165617
67958 -3.303069
68057 -2.4957774
68157 -0.96601534
68257 0.58403254
68357 1.8157158
68457 2.945043
68558 3.3169556
68657 3.0868492
68758 2.0562944
68858 0.67441845
68960 -0.5856657
69059 -1.5693142
69158 -2.3120716
69259 -2.7141147
69359 -2.62579
69459 -1.930399
69560 -0.5590005
69659 0.51874447
69759 1.6314125
69859 2.563983
69960 2.8970819
70062 2.853395
70161 2.1869802
70261 1.0576396
70361 -0.41039658
70461 -1.5934558
70561 -2.4932299
70661 -3.0498214
70761 -3.1443326
70861 -2.6745021
70962 -1.7414887
71062 -0.42786694
71162 0.67174053
71263 1.7297797
71363 2.495566
71462 2.8368163
71562 2.7812295
71663 2.0275278
71763 0.61445236
71847 -0.62930965
71947 -1.8039575
72047 -2.708671
72147 -3.14317
72247 -2.9905038
72347 -2.2608392
72448 -0.8571358
72548 0.43143082
72648 1.7606821
72748 2.9882307
72848 3.9235487
72948 4.1138563
73048 3.9278536
73148 2.8486962
73249 1.3550072
73349 -0.040719032
73449 -1.4718323
73549 -2.2817235
73649 -2.9853163
73753 -3.2455246
73850 -2.8838568
73952 -2.074737
74052 -0.6093664
74150 0.53956366
74250 1.7818613
74350 2.8951979
74450 3.5819988
74551 3.7936077
74651 3.503232
74751 2.3608599
74852 0.87154484
74952 -0.53552914
