8 2.2235398
108 3.3701582
209 4.1998005
309 4.425659
409 4.302454
509 3.5023546
609 2.0873365
709 0.40062046
810 -1.3729987
910 -2.7216833
1010 -3.1467967
1110 -3.526568
1210 -3.3293371
1311 -2.2348304
1410 -0.73922205
1512 1.1178651
1611 2.505496
1711 3.3373861
1811 3.6076288
1911 3.4847574
2011 2.6800752
2111 1.379849
2211 -0.03107214
2312 -1.2711678
2412 -2.459539
2512 -2.901454
2613 -2.814687
2713 -2.365372
2812 -1.1861
2913 0.23629093
3013 1.464232
3113 2.5544205
3213 3.171996
3313 3.4803114
3414 3.370984
3514 2.5596032
3615 1.0262542
3714 -0.50764275
3815 -2.0274575
3914 -2.6889458
4015 -2.769673
4115 -2.4404182
4215 -1.1642659
4315 0.23637295
4415 1.6340895
4515 2.6534958
4615 3.3217087
4716 3.397973
4816 2.7316728
4916 1.1670599
5016 -0.3210907
5116 -1.9210544
5216 -2.674106
5317 -2.705513
5417 -2.2580793
5517 -1.2947884
5617 0.0040459633
5717 1.5310884
5817 2.7291427
5918 3.2880878
6018 3.6221085
6118 3.577609
6218 2.8761063
6318 1.7296448
6418 0.06372547
6651 -2.684358
6752 -2.9158044
6852 -2.7035513
6953 -1.8732638
7053 -0.64795923
7153 0.915081
7253 2.087803
7353 3.0889196
7453 3.3973541
7553 3.32417
7654 2.650096
7754 1.1180763
7854 -0.4837699
7954 -2.0097744
8054 -2.939922
8154 -3.2119803
8255 -2.9962811
8355 -2.1084101
8455 -0.8017998
8555 0.64980507
8655 1.9316797
8755 2.8995008
8856 3.3421535
8956 3.3147516
9057 2.6320686
9156 1.1823368
9256 -0.38577223
9356 -2.0192707
9456 -2.968362
9557 -3.3954537
9657 -3.1993892
9757 -2.4629467
9857 -1.2628174
9957 0.28374577
10057 1.7405753
10157 2.8274603
10258 3.5419254
10358 3.652502
10458 3.3468895
10558 2.5885916
10658 1.2038794
10758 -0.2515955
10859 -1.6106217
10959 -2.3805327
11060 -2.602799
11160 -2.404704
11259 -1.9013848
11360 -0.76992416
11460 0.57724094
11560 2.1449547
11660 3.0622435
11760 3.5717764
11860 3.5580301
11960 2.9563498
12061 1.7896585
12161 0.43088388
12261 -1.056371
12361 -2.276405
12461 -2.896802
12561 -2.937582
12662 -2.502851
12762 -1.5993645
12862 -0.21097088
12962 1.230967
13062 2.7455559
13162 3.539877
13263 3.8195705
13363 3.4698849
13463 2.7358108
13563 1.1848397
13663 -0.4695177
13763 -2.016562
13863 -2.899972
13964 -3.0746605
14064 -2.8691342
14164 -2.2027366
14264 -1.1775596
14365 0.14157629
14464 1.6546006
14565 2.7715735
14665 3.3425016
14764 3.406457
14866 3.0148373
14965 1.9073992
15065 0.090248585
15166 -1.4458928
15266 -2.2920644
15366 -2.615745
15466 -2.6010435
15566 -2.1158042
15666 -1.1792665
15766 0.25709248
15866 1.3876295
15967 1.9161263
16284 2.0703607
16384 1.7503753
16484 0.88220835
16584 0.15187931
16685 -0.69439125
16784 -1.4092624
16885 -1.7061558
16985 -1.6957943
17086 -1.1580555
17185 0.41165447
17285 1.8555651
17385 2.665883
17486 2.9381576
17586 2.5771103
17686 1.8905973
17786 0.5037985
17886 -0.77532864
17987 -1.9069781
18087 -2.583968
18187 -2.8289456
18287 -2.8048437
18387 -2.544055
18487 -1.4848771
18587 -0.078324795
18687 1.428834
18788 2.5509872
18888 3.4020605
18988 3.6992302
19088 3.702238
19188 3.2050915
19288 2.3314543
19389 1.2949667
19489 0.059679985
19589 -1.2249265
19689 -2.2820933
19789 -2.9202714
19889 -3.094104
19990 -2.9612484
20090 -2.5232062
20190 -1.4865811
20290 -0.07523918
20391 1.222959
20690 3.747922
20791 3.956934
20890 3.7264576
20991 3.1812458
21092 1.9988937
21192 0.5597105
21292 -1.0257306
21391 -2.2201607
21492 -3.2205505
21592 -3.5015492
21692 -3.4236293
21793 -3.0905766
21893 -2.4460502
21993 -1.2340877
22093 0.08805752
22194 1.6189585
22293 2.7297392
22393 3.5444574
22494 3.9156246
22594 4.0040455
22676 4.019953
22777 3.9165926
22877 3.518465
22977 2.6840491
23077 1.8176565
23177 1.0314994
23278 -0.18238926
23378 -1.2188649
23478 -2.0992296
23579 -2.805484
23679 -3.2821658
23779 -3.4787152
23879 -3.4911404
23979 -3.2830572
24079 -2.6844678
24180 -1.6376987
24280 -0.27493286
24380 0.8635855
24480 1.9980025
24580 2.916613
24680 3.602808
24780 3.850276
24881 3.897748
24981 3.6870928
25081 2.9106345
25181 1.8240981
25281 0.69979
25381 -0.4838667
25481 -1.6497581
25582 -2.689362
25682 -3.2877612
25782 -3.4858665
25882 -3.4486396
25982 -3.0214856
26082 -2.2253084
26183 -1.0848231
26283 0.16815376
26516 2.4219804
26617 3.293459
26717 3.8279057
26817 4.058469
26917 4.0859795
27017 3.8263683
27117 3.2270584
27218 2.4451852
27318 1.3660831
27418 0.0035319328
27518 -1.2020404
27752 -2.7354107
27852 -2.9366212
27952 -2.8717582
28052 -2.5818045
28152 -2.0481677
28252 -0.9558096
28353 0.29777622
28453 1.6454673
28553 2.6417437
28653 3.2398014
28753 3.5076542
28854 3.5490599
28953 3.4234142
29054 2.9652338
29154 1.9566879
29254 0.8168497
29354 -0.5982528
29455 -1.7810979
29555 -2.5402446
29655 -3.0088906
29755 -3.2270916
29855 -3.2002208
29955 -2.9742599
30055 -2.2399907
30156 -0.97543335
30406 2.2580185
30506 3.1682882
30606 3.5781307
30706 3.6968222
30806 3.6334658
31124 1.297122
31224 0.049381256
31324 -1.1880813
31424 -2.040266
31525 -2.701096
31624 -3.0233295
31724 -3.056983
31825 -2.8672364
31925 -2.480441
32025 -1.6942265
32125 -0.69643736
32226 0.57366467
32459 3.050663
32559 3.5802174
32659 3.7866383
32760 3.8101978
32860 3.6748333
32960 2.9585276
33060 2.0151162
33160 0.9431119
33260 -0.34370995
33361 -1.5781772
33461 -2.4354515
33561 -2.9750648
33661 -3.204669
33762 -3.1933815
33861 -2.9577954
33961 -2.5134244
34061 -1.5631607
34162 -0.23462772
34262 1.0693145
34362 2.0054617
34462 2.8897438
34713 3.7402725
34813 3.66078
34913 3.1500797
35013 2.130764
35113 0.6264558
35213 -0.55774355
35313 -1.86288
35413 -2.8029268
35514 -3.2716298
35614 -3.421769
35714 -3.2600822
35814 -2.7018683
35914 -1.8144634
36015 -0.5148325
36115 0.7492571
36215 1.9657373
36315 2.9752846
36415 3.5760536
36515 3.8341866
36615 3.8487453
36716 3.4878254
36816 2.6714072
36916 1.4184456
37016 0.21031189
37116 -1.1007838
37217 -2.1949344
37483 -3.5037792
37584 -3.5812235
37684 -3.482865
37784 -3.0749528
37884 -2.3207984
37985 -1.2163768
38085 0.053506374
38185 1.1804166
38285 2.145453
38385 2.9640555
38485 3.5845213
38585 3.7611017
38685 3.6124
38786 2.9108324
38886 1.7771788
38969 0.7697263
39069 0.0
39169 0.0
39269 0.0
39369 0.0
39469 0.0
39570 0.0
39670 0.0
39771 0.0
39871 0.0
39971 0.0
40071 0.0
40171 0.0
40271 0.0
40371 0.0
40472 0.0
40572 0.0
40672 0.0
40772 0.0
40872 2.036302
40972 -0.0788846
41073 -2.1860433
41173 -3.0220826
41273 -2.4261713
41373 -0.56951714
41473 0.96387625
41573 1.9665923
41674 2.5652847
41773 2.8194666
42391 -1.9315205
42492 -2.893392
42592 -3.454775
42692 -3.7675383
43009 -2.0671902
43109 -0.7210169
43209 0.57485867
43309 1.3564076
43410 1.9299994
43509 2.141079
43610 2.1964579
43710 2.1122046
43810 1.6822371
43911 0.6760893
44010 -0.56566
44111 -1.7675896
44211 -2.3450265
44311 -2.398975
44411 -1.829922
44511 -0.5013447
44611 0.6991534
44711 1.5150528
44811 1.715406
44912 1.6477518
45012 1.1554766
45112 0.16427517
45213 -0.8679805
45313 -1.7254951
45413 -2.4457996
45513 -2.663935
45613 -2.5095396
45713 -1.6741652
45980 1.7547355
46080 2.4974685
46181 2.63383
46281 2.5697832
46381 1.8459501
46481 1.189075
46581 0.52167034
46681 -0.08001089
46782 -0.73333645
46882 -0.8971205
46982 -0.5576048
47082 0.4465952
47183 1.7921019
47282 2.560051
47382 2.9781961
47483 2.668666
47583 1.5633135
47683 0.08501148
47783 -1.153302
47883 -2.20495
47983 -2.5721028
48083 -2.6988626
48184 -2.6323683
48267 -2.143498
48367 -0.9431634
48467 0.3888998
48567 1.4559884
48667 2.171431
48767 2.2846718
48867 1.7070923
48968 0.8026781
49068 -0.36163807
49168 -1.243156
49269 -2.021053
49369 -2.680845
49469 -2.8861198
49569 -2.9040687
49669 -2.5595305
49769 -1.3819244
49870 0.05629015
49970 1.139915
50070 2.1302056
50170 2.4398375
50488 1.0633764
50587 -0.1639204
50687 -1.3382688
50788 -2.3509026
50888 -2.757453
50988 -2.8458588
51088 -2.6420684
51189 -1.8278308
51288 -0.5092602
51389 0.77011347
51488 1.7394881
51589 2.5165458
51689 2.7112427
51789 2.71211
51889 2.3017526
51989 1.3555222
52073 0.2769494
52173 -0.8636279
52273 -1.971286
52373 -2.6889887
52473 -3.0552187
52573 -3.0776513
52673 -3.0188472
52774 -2.6894307
52874 -1.7231259
52974 -0.38591576
53075 1.0547714
53175 2.478971
53275 3.0426998
53375 3.2329855
53475 2.9347048
53575 2.014207
53675 0.74042845
53776 -0.6750927
53876 -2.1394253
53977 -3.122625
54076 -3.4918013
54176 -3.4816468
54277 -3.0931318
54377 -2.2767138
54477 -0.7860341
54577 0.59680843
54677 2.0356421
54777 2.77322
54877 3.042015
54978 2.7442536
55078 1.8581414
55178 0.75967264
55278 -0.47075462
55378 -2.0754437
55479 -3.111155
55578 -3.7259197
55679 -3.8733935
55779 -3.8878977
55879 -3.5628512
55979 -2.7609897
56079 -0.90870047
56179 0.61207056
56280 2.0337915
56530 3.2761965
56631 3.2168617
56730 2.6466775
56830 1.7177343
56931 0.43117762
57031 -0.8019247
57131 -1.8378949
57231 -2.60738
57331 -2.9312453
57432 -2.86834
57532 -2.3421535
57631 -1.1639831
57732 0.16825771
57832 1.4911437
57932 2.545372
58032 3.1765118
58132 3.3988914
58233 3.353941
58333 2.7767625
58433 1.6780152
58533 0.1777978
58633 -1.1117866
58733 -2.357084
58834 -3.010633
59084 -3.5295155
59185 -2.9282842
59284 -1.6354294
59385 0.03939438
59702 3.7087364
59801 3.7675571
59903 3.4898138
60002 2.653554
60102 1.6273193
60203 0.36228943
60303 -0.80863094
60403 -1.8238354
60503 -2.7301927
60603 -3.194786
60703 -3.2328699
60803 -2.8391185
60904 -1.6637466
61004 -0.1480546
61104 1.1583009
61204 2.3556428
61304 2.9099593
61404 3.166872
61504 3.1456003
61604 2.7870073
61704 2.1592126
61788 1.1178217
61888 -0.2425251
61988 -1.4311604
62088 -2.3325772
62188 -2.8585165
62288 -3.0280325
62389 -3.0121417
62489 -2.5904148
62590 -1.6186156
62690 0.26308298
62790 2.012413
62890 3.3329458
62990 4.1560974
63090 4.2920237
63191 4.1020384
63290 3.2280302
63391 1.9121017
63491 0.46665382
63591 -1.2562549
63691 -2.4996731
63791 -3.4706807
63892 -4.0176067
63992 -3.9404716
64092 -3.4836295
64192 -2.5766294
64292 -1.0540493
64392 0.2581091
64493 1.6500502
64593 2.4596038
64692 2.7646704
64793 2.6670403
64893 2.054017
64993 0.92805576
65093 -0.19044971
65194 -1.5709717
65294 -2.360334
65394 -3.0206125
65494 -3.2690682
65595 -3.1832073
65694 -2.559725
65794 -1.6667893
65895 -0.1482091
65995 1.1083937
66095 2.2072458
66195 2.7417665
66295 2.8848557
66395 2.8453875
66496 2.4477715
66596 1.2273059
66696 -0.2855959
66796 -1.7151153
66896 -2.844732
66996 -3.39553
67096 -3.574989
67197 -3.605473
67296 -3.3458412
67397 -2.6803937
67497 -1.0648894
67597 0.57291555
67698 2.0969086
67797 3.101921
67898 3.4512415
67998 3.4296436
68098 2.742518
68199 1.8406363
68298 0.55458593
68399 -0.930295
69434 1.8737078
69534 2.9732695
69835 3.610548
69934 2.947956
70034 2.0254555
70134 0.1331377
70452 -3.4365172
70552 -3.6116393
70652 -3.5437124
70752 -3.0678644
70852 -1.5295968
70953 0.18113804
71053 1.7795172
71154 2.7227087
71253 3.1856775
71353 2.9868188
71454 2.3091135
71554 1.2349672
71653 -0.14900208
71887 -3.1152565
71987 -3.8240874
72287 -2.7835712
72387 -1.4376113
72488 0.32192755
72588 1.9766059
72689 3.1303835
72789 3.7762928
72889 3.820239
72989 3.295412
73089 2.3154917
73189 0.86734676
73289 -0.4200163
73390 -1.8844485
73490 -3.0141904
73590 -3.508499
73690 -3.6743052
73790 -3.211746
73890 -2.4127336
73991 -0.895751
74091 0.72858095
74191 2.1765814
74291 3.3651085
74391 3.8580875
74492 3.9255114
74592 3.460144
