16 -3.375397
115 -3.5052233
216 -3.649616
316 -3.731795
416 -3.7525437
516 -3.7591798
617 -3.4276671
717 -2.513135
817 -1.5117931
916 -0.49674988
1017 0.23850155
1118 0.9848752
1218 1.6023512
1300 1.9377913
1400 2.3048773
1500 2.5773368
1600 2.7795343
1700 2.9361467
1800 3.06608
1900 3.141243
2002 3.201766
2102 3.229478
2203 3.196476
2303 2.8059044
2403 2.128087
2503 1.3441944
2603 0.6823549
2703 0.07973242
2804 -0.5182848
2904 -1.1347737
3004 -1.6329353
3104 -2.1759849
3204 -2.6593108
3304 -3.0646029
3405 -3.371819
3505 -3.5531952
3605 -3.6191478
3705 -3.6189718
3805 -3.4444644
3905 -2.9738076
4005 -2.2451427
4106 -1.5301704
4206 -0.67149544
4306 -0.050579548
4407 0.5687933
4506 1.2776141
4606 1.8646913
4707 2.2836328
4807 2.5649137
4907 2.8777175
5007 3.115553
5107 3.329895
5207 3.4422398
5307 3.4878197
5408 3.5004282
5508 3.468731
5608 3.2634249
5708 2.8272123
5808 2.1441355
5908 1.5608282
6009 0.8361573
6110 0.09109783
6210 -0.5902419
6310 -1.2068882
6409 -1.7414155
6510 -2.2319162
6610 -2.6914907
6710 -3.0660477
6810 -3.3648164
6911 -3.5721183
7011 -3.650715
7111 -3.6677175
7211 -3.6478422
7311 -3.4407585
7412 -2.7283983
7511 -1.9481559
7611 -1.0596786
7712 -0.31079197
7812 0.43834162
7912 1.0684786
8013 1.6732192
8112 2.2299728
8212 2.7469215
8312 3.1445723
8413 3.388464
8781 3.8149052
8880 3.5849476
8980 2.9688492
9081 2.3891077
9181 1.6699686
9281 1.072731
9381 0.43219233
9481 0.02840805
9581 -0.47230434
9681 -0.8749151
9781 -1.1683049
9882 -1.6175423
9982 -1.9733629
10082 -2.4715018
10183 -2.886761
10282 -3.2614841
10383 -3.4771745
10483 -3.585002
10584 -3.616965
10683 -3.596139
10783 -3.2810016
10883 -2.4827523
10983 -1.4207032
11084 -0.5719662
11185 0.4467497
11285 1.1217222
11385 1.9981651
11485 2.7232542
11585 3.3826027
11685 3.756318
11786 4.0192394
11885 4.0680475
11986 4.025939
12085 3.8053684
12186 3.345312
12286 2.8398628
12386 2.3379202
12486 1.6440811
12586 1.0740123
12687 0.50708246
12787 -0.052188873
12887 -0.52449274
12987 -1.1016667
13088 -1.6637807
13187 -2.1989856
13288 -2.6136267
13388 -2.9297252
13488 -3.119672
13588 -3.3351524
13688 -3.4613194
13789 -3.5443697
13888 -3.581211
13989 -3.4728358
14089 -2.8279533
14190 -2.064386
14289 -1.2778404
14390 -0.608912
14489 0.18471432
14590 0.8041053
14690 1.6130662
14790 2.2525864
14891 2.8274956
14990 3.2359219
15091 3.4804087
15191 3.614027
15291 3.6497707
15391 3.6059866
15492 3.4975128
15592 3.099187
15674 2.670385
15774 2.0748024
15874 1.3005371
15974 0.65948963
16074 0.006419182
16174 -0.60361624
16276 -1.185807
16376 -1.5816619
16477 -1.9696851
16577 -2.288197
16677 -2.6312394
16777 -3.0380654
16877 -3.4070194
16977 -3.7337306
17078 -3.894601
17178 -3.977219
17278 -3.9314432
17378 -3.6100693
17478 -2.90754
17578 -2.0626593
17678 -1.3098121
17779 -0.55396986
17879 0.24796295
17979 0.9302721
18079 1.7295265
18179 2.3708353
18279 2.921237
18379 3.2678432
18480 3.3553019
18580 3.3717527
18680 3.3602867
18780 3.210102
18880 3.1236868
18980 2.8541727
19081 2.1099715
19181 1.3953676
19281 0.7368121
19381 0.103549
19481 -0.621624
19581 -1.3117099
19681 -1.9258564
19781 -2.4261172
19883 -2.8550742
19982 -3.1997676
20082 -3.5414155
20183 -3.6945314
20282 -3.782468
20383 -3.8166866
20483 -3.8040967
20817 -1.9539833
20917 -0.9577894
21018 -0.05502796
21118 0.62884426
21218 1.4638786
21318 2.054431
21417 2.681366
21518 3.0548496
21618 3.2684565
21718 3.3543816
21818 3.5147924
21901 3.6751785
22001 3.7730598
22101 3.8043594
22201 3.8077374
22301 3.6905603
22402 3.2313108
22503 2.6653643
22603 2.0511909
22704 1.3155017
22804 0.6610465
22904 0.11622095
23004 -0.44964838
23104 -0.9254637
23204 -1.4168599
23305 -1.8463521
23405 -2.201425
23505 -2.4992332
23605 -2.850416
23705 -3.0387323
23805 -3.1695995
23906 -3.262309
24006 -3.307056
24106 -3.3349073
24206 -3.204557
24306 -2.472919
24406 -1.743515
24507 -0.9515562
24606 -0.30456352
24707 0.3350277
24807 0.8703656
24907 1.4212036
25007 1.850646
25107 2.206046
25207 2.6460395
25307 2.9974442
25408 3.4579525
25508 4.054922
25609 4.3971357
25708 4.426446
25808 4.4278183
25909 4.36996
26010 3.7695446
26109 2.9317503
26209 2.453405
26310 1.7921653
26409 1.1119056
26509 0.3186841
26609 -0.3537798
26710 -1.0152793
26810 -1.5197136
26910 -2.0076094
27010 -2.3996608
27110 -2.755966
27211 -3.0433393
27311 -3.2435236
27411 -3.3856542
27511 -3.399497
27611 -3.2614655
27712 -2.7547972
27812 -2.227262
27912 -1.6318791
28012 -0.87427664
28113 -0.11380339
28212 0.59597445
28313 1.3082333
28413 1.9721918
28513 2.6219597
28614 3.214632
28714 3.568716
28814 3.7985706
28913 3.895792
29014 3.9713402
29115 3.9600363
29214 3.6304712
29315 2.9526772
29415 2.5870752
29514 2.1506014
29614 1.4468293
29716 0.67614555
29816 -0.055835247
29916 -0.5877366
30016 -1.1130917
30116 -1.5671306
30216 -1.9850519
30316 -2.4502623
30416 -2.8201761
30516 -3.0814998
30617 -3.3349001
30716 -3.5717537
30817 -3.8174636
30918 -4.012266
31018 -4.106373
31118 -4.1005664
31218 -3.7699857
31318 -2.9323015
31418 -2.0756621
31518 -1.189342
31618 -0.3430786
31718 0.35429192
31818 0.9359784
31901 1.3119082
32001 1.6810021
32101 2.0271301
32201 2.3241563
32301 2.5313559
32401 2.6938667
32502 2.8534327
32854 3.5750933
32953 3.704462
33054 3.8058853
33155 3.85536
33254 3.865878
33354 3.452775
33454 2.5011625
33555 1.800045
33655 1.0702538
33756 0.35344362
33855 -0.14543724
33956 -0.6036196
34056 -1.0846934
34156 -1.4940486
34256 -1.9788196
34356 -2.6385672
34457 -3.021092
34556 -3.3465588
34639 -3.567603
34739 -3.7136998
34839 -3.7239845
34939 -3.528776
35039 -2.905787
35139 -2.3267148
35241 -1.7563717
35341 -1.1878924
35442 -0.649838
35542 -0.14304876
35642 0.4685583
35742 1.1404772
35842 1.8726149
35942 2.5019732
36043 2.905589
36143 3.1280594
36243 3.3097115
36343 3.438284
36443 3.4695597
36543 3.4794455
36643 3.483057
36744 3.4791832
36844 3.1704273
36944 2.5377455
37044 1.8910775
37144 1.2452455
37244 0.56787205
37344 -0.046797752
37445 -0.69568205
37545 -1.1855073
37645 -1.6273656
37745 -2.0253172
37845 -2.5076246
37945 -2.8579512
38045 -3.1931589
38146 -3.5865626
38246 -3.8325536
38346 -3.922024
38446 -3.8095188
38547 -3.3117876
38646 -2.6356442
38747 -1.8911543
38847 -1.1309505
38947 -0.5010967
39047 0.06008053
39147 0.5677438
39247 1.063344
39348 1.6046572
39448 2.1333213
39549 2.6299334
39648 3.082841
39749 3.494048
39849 3.8094864
39948 4.0587854
40049 4.130412
40150 4.1388426
40250 3.9219418
40349 3.150999
40450 2.485849
40550 1.8811865
40650 1.294013
40750 0.57906246
40851 -0.08201504
40950 -0.5556383
41051 -1.1710999
41151 -1.6406002
41252 -2.1961086
41351 -2.74146
41452 -3.1952765
41551 -3.7022943
41652 -4.024748
41752 -4.139905
41852 -4.1956105
41953 -4.2003536
42053 -4.142946
42369 -1.2270153
42470 -0.48770237
42570 0.16997242
42670 0.66341305
42770 1.0551581
42871 1.405407
42971 1.8796449
43071 2.3988876
43171 2.8486023
43271 3.2497435
43371 3.5719395
43472 3.893547
43806 4.1959944
43906 4.1041355
44005 3.5403805
44106 2.824359
44206 2.086038
44307 1.4831858
44406 0.7350044
44506 0.06280565
44607 -0.46675634
44706 -0.99354124
45308 -3.011588
45408 -3.0319326
45508 -3.0373902
45608 -3.0240672
45709 -2.9406116
45809 -2.7246246
45909 -2.383195
46009 -2.0248969
46109 -1.3769493
46427 0.619637
46527 1.0605736
46626 1.558548
46727 1.9265809
46827 2.2666168
46927 2.5612016
47027 2.860289
47127 3.2024126
47228 3.6958914
47328 4.032469
47428 4.271201
47528 4.3812428
47629 4.447049
47729 4.4503107
47829 4.117442
47929 3.032958
48029 2.4293113
48130 1.7065063
48229 1.0863376
48330 0.46365738
48429 -0.15045881
48530 -0.7041588
48629 -1.2470155
48730 -1.8189297
48831 -2.3864162
48931 -2.8328857
49031 -3.1449077
49131 -3.3258967
49231 -3.4327695
49331 -3.4411385
49432 -3.268064
49532 -2.8683836
49632 -2.3470173
49731 -1.8208923
49832 -1.2997565
49933 -0.6775336
50032 0.01254797
50132 0.7094641
50215 1.1391282
50315 1.7002077
50416 2.1915903
50515 2.6217546
50615 3.0260696
50715 3.3029356
50817 3.4579172
50918 3.5379534
51018 3.576171
51118 3.6072369
51218 3.6145048
51318 3.447092
51418 2.878549
51518 2.211337
51618 1.5850511
51719 0.96372795
51819 0.44061422
51919 -0.15040493
52019 -0.56193686
52119 -1.0530658
52219 -1.4810433
52320 -1.9806619
52420 -2.4966369
52519 -2.899972
52620 -3.240395
52720 -3.4734876
52820 -3.665131
52921 -3.759181
53021 -3.7762177
53121 -3.5527644
53221 -2.7639966
53321 -1.9950395
53421 -1.4157944
53521 -0.80814123
53621 -0.25267982
53722 0.27344465
53822 0.75454473
53922 1.285521
54022 1.8004942
54123 2.367237
54222 2.8245482
54323 3.1721592
54423 3.5247173
54523 3.7823353
54623 3.8536396
54723 3.8751907
54824 3.8857098
54923 3.859026
55024 3.4528027
55124 2.6772757
55225 1.9898782
55324 1.3788085
55425 0.7363057
55525 0.15161085
55625 -0.36542845
55726 -0.87773705
55825 -1.4108188
55926 -1.8058228
56025 -2.1857486
56126 -2.5820384
56227 -2.923266
56326 -3.227861
56427 -3.4914303
56527 -3.7073863
56627 -3.794314
56727 -3.7751198
56827 -3.4440145
56927 -2.877495
57027 -2.1428092
57128 -1.4511695
57227 -0.91261387
57328 -0.32086182
57428 0.18964529
57529 0.74965763
57629 1.223628
57729 1.8510056
57829 2.3303895
57929 2.8194132
58030 3.1606236
58129 3.392293
58230 3.5521603
58329 3.657731
58429 3.7144918
58530 3.7252684
58630 3.6116896
58730 3.2591295
58831 2.4760795
58930 1.9455047
59031 1.3483219
59131 0.7150345
59231 0.17383242
59332 -0.36765432
59431 -0.8779702
59531 -1.3664565
59632 -1.7655921
59732 -2.181948
59832 -2.5359366
59932 -2.8666859
60032 -3.1410918
60132 -3.3658657
60215 -3.5182009
60315 -3.6420145
60415 -3.6818411
60515 -3.6804595
60615 -3.5219026
60715 -2.9942877
60817 -2.3640797
60917 -1.8459888
61018 -1.2763035
61118 -0.7717657
61218 -0.32196808
61318 0.2869959
61418 0.99192095
61518 1.7593942
61619 2.3543372
61719 2.8109374
61819 3.099043
61919 3.2754211
62019 3.4740562
62119 3.679243
62219 3.8799458
62319 4.047551
62420 4.0769978
62520 4.09412
62620 4.09779
62720 4.050641
62820 3.6242704
62920 2.81985
63021 2.088272
63121 1.3406963
63221 0.64561605
63321 -0.036490917
63421 -0.58258724
63521 -1.009707
63621 -1.5633519
63722 -2.106338
63822 -2.5631077
64139 -3.7551723
64239 -3.8729339
64339 -3.8801382
64440 -3.879724
64540 -3.8001623
64640 -3.4407306
64740 -2.8245728
64840 -2.0890198
64940 -1.2304947
65040 -0.4266653
65141 0.14627218
65242 0.57857513
65341 1.1449423
65441 1.8484254
65541 2.3746634
65642 2.7377448
65742 2.9636917
65842 3.1409655
65942 3.2750225
66043 3.3830137
66143 3.5147057
66243 3.7379227
66342 3.8721256
66443 3.9305553
66543 3.921526
66644 3.730257
66744 3.2702045
66844 2.7097635
66943 2.3508682
67044 1.635797
67145 0.8275118
67245 0.06598377
67344 -0.59430695
67445 -1.1454055
67545 -1.6866951
67645 -2.0922613
67745 -2.3879523
67845 -2.6366754
68180 -3.4708548
68280 -3.657747
68380 -3.7665067
68479 -3.7972107
68580 -3.7647195
68681 -3.3818812
68781 -2.545791
68881 -1.6776307
68981 -0.83045053
69081 0.00244236
69182 0.6370406
69282 1.3688765
69381 1.9597869
69481 2.4275193
69582 2.7332535
69681 2.9512048
69782 3.177061
69883 3.4044209
69982 3.6062937
70082 3.6542082
70183 3.6784296
70282 3.67727
70383 3.463663
70484 2.9678335
70584 2.5090957
70683 1.8750343
70784 1.2107396
70884 0.48156452
70984 -0.10160923
71302 -1.9198928
71401 -2.3537138
71501 -2.6943831
71602 -2.9214165
71702 -3.13596
71802 -3.3281958
71903 -3.4833026
72002 -3.5660186
72102 -3.627465
72202 -3.702709
72302 -3.7670593
72403 -3.7910976
72504 -3.8033085
72604 -3.6979158
72704 -3.0511236
72804 -2.2194257
72904 -1.4180312
73004 -0.69726276
73104 0.07169628
73205 0.6648965
73305 1.2743621
73405 1.8951735
73505 2.4012847
73605 2.8805552
73706 3.2807178
73805 3.6370049
73906 3.9480171
74006 4.2064686
74106 4.2744036
74206 4.263525
74306 4.09569
74406 3.622858
74506 3.0262728
74607 2.2500076
74707 1.3078585
74807 0.5813799
74907 -0.21416378
75008 -0.91103363
