13 -2.2963681
113 -2.5145903
214 -2.6268373
314 -2.4404655
414 -1.1098309
514 0.5180049
614 2.0299578
714 3.2447023
813 3.8435411
915 3.9779606
1015 3.9273663
1114 3.4739008
1216 2.4301682
1316 1.1361623
1417 -0.16774368
1517 -1.4899821
1617 -2.255385
1716 -2.5673594
1815 -2.5991154
1917 -2.3354833
2017 -1.7277915
2117 -0.79623365
2217 0.4106927
2316 1.4617472
2416 2.073812
2517 2.3881044
2616 2.4226546
2719 2.208974
2818 1.1618633
2917 0.078440666
3019 -0.94895506
3119 -1.7741065
3219 -2.389556
3319 -3.108849
3420 -3.1759124
3518 -2.7301629
3620 -1.8923633
3720 -0.8399563
3821 0.18429947
3903 1.0171156
4021 2.0822554
4103 2.5584755
4203 2.7902617
4303 2.7592974
4403 2.4138947
4503 1.6051874
4603 0.34506893
4706 -1.0594959
4806 -2.2082334
4906 -3.3726833
5006 -3.7185738
5106 -3.712838
5206 -3.0431733
5306 -2.015347
5406 -0.6106405
5506 0.75719357
5606 2.167945
5705 3.0799131
5805 3.396124
5905 3.4678164
6006 3.4975939
6108 2.8281503
6208 0.7954469
6308 -0.35790873
6408 -1.2854526
6509 -1.6075253
6608 -1.6426837
6707 -1.3528626
6807 -0.5042758
6908 0.9217191
7007 2.104673
7108 3.0000095
7208 3.460373
7309 3.6852903
7408 3.7238588
7508 3.5314808
7609 2.6408615
7711 1.1075315
7808 -0.13969755
7911 -1.2921059
8011 0.0
8111 0.0
8211 0.0
8311 0.0
8411 0.0
8512 0.0
8612 0.0
8712 0.0
8812 0.0
8910 0.0
9012 0.0
9112 2.5857568
9213 -0.24196291
9311 -2.153524
9411 -3.3109007
9513 -4.308801
9613 -4.3084636
9714 -4.2668133
9812 -3.0397215
9913 -0.839015
10014 0.7201481
10113 3.2369938
10213 3.9501867
10314 4.6718063
10413 4.7512445
10513 4.483526
10614 3.5487242
10714 2.3260508
10814 1.3068266
10914 0.39044666
11014 -0.36019993
11115 -0.8023257
11215 -0.7781906
11315 0.18631744
11415 1.3342509
11516 2.324379
11615 3.372984
11716 4.310032
11816 3.8279905
11916 2.2063036
12016 0.5506239
12116 -0.2425394
12218 -0.7500968
12317 0.0
12417 0.0
12517 0.0
12617 0.0
12717 0.0
12817 2.012268
12917 2.008689
13018 1.0009089
13118 -0.40386486
13218 -1.2681136
13318 -1.6007056
13420 -1.6350904
13519 -1.0308185
13619 0.41272926
13719 1.8322802
13803 2.8322587
13903 3.6064596
14003 3.7681246
14103 3.6317987
14203 3.3057632
14302 2.2677116
14403 1.306931
14504 0.22258234
14604 -0.7507229
14704 -1.4212513
14805 -1.6264827
14904 -1.5740306
15005 -0.99161243
15104 0.19045162
15205 1.3019795
15305 2.4273338
15405 3.2793512
15505 3.7025862
15605 3.7495413
15705 3.2525873
15805 2.1013389
15908 0.8333311
16008 -0.18208694
16108 -1.2423291
16208 -1.972323
16308 -2.6281157
16408 -2.8962317
16509 -2.72741
16609 -1.853046
16707 -0.5295243
16808 1.0984387
16907 2.2339883
17008 3.1010303
17108 3.5359478
17209 3.5313435
17308 2.954136
17411 1.762207
17511 0.603004
17611 -0.5201273
17709 -1.5103498
17809 -2.1692667
17909 -2.4134388
18009 -2.4260252
18110 -2.1187835
18210 -1.0199685
18310 0.46164274
18411 1.6070938
18510 2.316999
18610 2.763898
18710 2.9340453
18811 2.8324194
18911 2.2163482
19011 1.0423765
19111 0.076126575
19214 -0.9282484
19313 -1.8123012
19413 -2.718479
19514 -2.854353
19613 -2.4146152
19712 -1.3133953
19813 0.112846375
19912 1.3748922
20013 2.5317674
20113 3.31034
20214 3.6202326
20314 3.4923763
20413 2.693573
20514 1.5757966
20614 0.4222703
20714 -0.712327
20814 -1.7185154
20916 -2.5897925
21015 -2.8799374
21115 -2.8277867
21214 -2.2957673
21314 -0.98274994
21415 0.46880293
21516 1.6922827
21616 2.6175652
21715 3.1622467
21817 3.2696981
21916 2.9363008
22016 2.1015472
22116 1.1479568
22217 0.18805218
22317 -0.6933832
22417 -1.5501854
22517 -2.2509394
22617 -2.73086
22717 -2.6620188
22818 -1.7438595
22919 -0.30534458
23020 1.1231527
23118 2.2058105
23219 3.0776834
23319 3.4856834
23419 3.4018211
23519 3.0312223
23603 2.3880486
23702 1.4519095
23802 0.52246284
23903 -0.39334965
24003 -1.279099
24103 -2.171235
24203 -2.9251204
24303 -3.0538065
24403 -2.833411
24504 -1.6306114
24604 -0.15702581
24704 1.0829782
24804 2.0978937
24904 2.8230224
25005 3.1671648
25105 3.116067
25205 2.3343668
25305 1.1496611
25405 -0.18883419
25505 -1.3509376
25608 -2.4862416
25706 -3.087618
25808 -3.2455626
25906 -2.8290813
26006 -1.6929355
26106 -0.2753005
26206 1.06356
26309 2.0902839
26408 2.7583542
26509 3.059084
26608 3.0617456
26707 2.5375853
26807 1.4574447
26908 0.22040033
27008 -0.88101673
27108 -1.8036401
27208 -2.5421093
27308 -2.8852406
27408 -2.8900793
27508 -2.4736109
27611 -1.3103752
27711 0.06381369
27811 1.195159
27911 2.161696
28010 2.8238497
28111 3.1348734
28210 3.1213436
28311 2.596611
28411 1.4653234
28512 0.31447315
28611 -0.92737293
28711 -1.9263029
28813 -2.720326
28911 -3.105082
29011 -3.1992042
29111 -2.7642517
29211 -1.5966027
29312 -0.16305828
29412 1.12218
29512 2.0525637
29612 2.7404394
29712 2.9756494
29813 2.974574
29913 2.4439135
30013 1.3690748
30113 0.2013998
30214 -0.8858261
30313 -1.8989356
30414 -2.6752644
30514 -3.0462594
30614 -3.041804
30715 -2.371795
30815 -1.0380642
30914 0.3619814
31015 1.5107636
31115 2.4670153
31215 3.1368685
31316 3.3906212
31416 3.240797
31515 2.4337606
31616 1.2797899
31716 0.091638565
31816 -1.125026
31916 -2.042417
32016 -2.7487147
32116 -2.944305
32216 -2.710774
32317 -1.7285752
32417 -0.4271059
32518 0.97915554
32617 2.1538367
32717 2.9786477
32818 3.2284718
32918 3.1333256
33018 2.4670572
33118 1.4638352
33218 0.34681082
33319 -0.87127304
33418 -2.0134983
33503 -2.8694675
33603 -3.5324275
33703 -3.8029912
33803 -3.7211416
33906 -2.7539113
34003 -1.2428126
34103 0.31897545
34203 1.499845
34304 2.366521
34404 2.8225508
34504 2.931375
34604 2.4838982
34703 1.4774766
34805 0.28230572
34905 -0.89065456
35005 -1.8469224
35105 -2.4663053
35205 -2.5899506
35305 -2.1121602
35405 -1.1943061
35505 0.25990677
35606 1.5720735
35706 2.5976267
35806 3.1599617
35906 3.3405724
36009 3.0973473
36109 2.149939
36209 0.9625244
36309 -0.37318277
36409 -1.4786658
36508 -2.361305
36609 -2.700851
36708 -2.68901
36808 -2.1981292
36908 -1.1694951
37008 0.113319874
37109 1.2626448
37211 2.2021956
37311 2.9926367
37411 3.5452433
37511 3.660078
37611 3.3176928
37709 2.3477278
37809 1.2573647
37910 0.19842386
38010 -0.7490301
38110 -1.5549073
38210 -2.0324738
38310 -2.1001725
38411 -1.743087
38511 -0.74117184
38611 0.87268114
38711 2.1336622
38811 3.074047
38911 3.6460161
39013 3.8339481
39114 3.7980146
39214 3.311799
39313 1.9790015
39413 0.7032852
39514 -0.55419254
39613 -1.6551647
39713 -2.5176516
39813 -2.8501678
39915 -2.851194
40013 -2.2400246
40114 -0.725739
40214 0.7689781
40313 2.005712
40414 2.9644637
40514 3.4567604
40614 3.5948162
40714 3.4203777
40814 2.8778496
40915 1.60222
41015 0.62988377
41115 -0.5290203
41215 -1.5069969
41315 -2.47218
41416 -2.986779
41516 -3.1658206
41615 -3.0161357
41716 -1.9018455
41816 -0.5829091
41918 0.6747751
42016 1.6753998
42117 2.4853082
42217 3.0602703
42317 3.330721
42417 3.2707443
42518 2.3656974
42618 1.206572
42718 -0.0052633286
42818 -1.1153283
42918 -2.0595837
43018 -2.6891057
43119 -2.9333558
43220 -2.8261428
43320 -2.0736861
43420 -0.9346914
43503 0.16390133
43603 1.4762139
43703 2.468501
43803 3.1640491
43903 3.4877844
44004 3.4920683
44104 2.9954824
44204 1.6998725
44304 0.7121892
44404 -0.3452387
44504 -1.2819302
44604 -2.1283784
44705 -2.6798918
45256 1.6064606
45356 2.5535026
45456 3.1232033
45556 3.3686066
45657 3.3595781
45756 3.0391636
45856 2.2473922
45957 1.451098
46058 0.70550823
46391 -1.7932599
46493 -1.949223
46592 -1.7784355
46691 -1.1248202
46791 -0.016496658
46892 1.1963916
46992 2.2848396
47092 3.0859756
47192 3.4443598
47292 3.4190044
47393 2.9555273
47493 1.8910127
47593 0.87089825
47693 -0.015736103
47794 -0.8514185
47893 -1.2926857
47993 -1.4451604
48094 -1.3692672
48194 -0.79361105
48294 0.3162837
48394 1.3082018
48494 2.2807007
48595 3.2424297
48694 3.9669876
48794 4.208729
48896 3.978939
48995 3.088337
49095 1.7998085
49196 0.73543453
49296 -0.33105755
49396 -1.320811
49496 -1.9933589
49580 -2.229129
49679 -2.2269804
49780 -1.879859
49880 -0.86282635
49980 0.5947685
50080 1.7922387
50181 2.7653437
50280 3.4030924
50381 3.743041
50481 3.5987587
50581 2.8798761
50681 1.5968308
50782 0.35281706
50882 -0.99203396
50982 -2.277876
51082 -3.0973618
51182 -3.4203284
51282 -3.3309252
51382 -2.3923345
51483 -0.79381466
51585 0.74254274
51685 1.9735765
51785 3.010641
51886 3.7505093
51986 4.0859966
52086 3.8829794
52186 2.8473349
52285 1.7324944
52386 0.4275174
52486 -0.8475809
52586 -2.0104985
52685 -2.6564806
52785 -2.6633778
52885 -2.2419727
52985 -1.4256039
53085 -0.05082512
53185 1.3307796
53288 2.517723
53388 3.425681
53488 3.926259
53588 3.9972353
53686 3.3515863
53787 1.910315
53887 0.59843826
53987 -0.84691525
54087 -1.8525488
54187 -2.4799478
54287 -2.6235664
54388 -2.3023415
54488 -1.3929832
54588 -0.20982218
54688 1.5047331
54789 2.6886168
54889 3.3452663
54989 3.5602446
55089 3.3536673
55191 2.4455137
55289 1.1414847
55389 -0.22509575
55490 -1.5681496
55589 -2.7876158
55689 -3.5385103
55789 -3.723972
55891 -3.5746133
55990 -2.2317111
56091 -0.4902153
56190 1.3205442
56290 2.7164793
56391 3.6027088
56491 3.9334574
56591 3.6485958
56691 2.4287667
56792 1.106277
56893 -0.39168692
56992 -1.5286217
57092 -2.5548058
57192 -2.9925294
57293 -3.146207
57393 -3.0645208
57492 -2.0383952
57593 -0.23982286
57693 1.475141
57793 3.005743
57894 3.7422447
57994 4.0134716
58094 3.7871304
58194 2.992598
58295 1.627162
58395 0.37082672
58495 -0.9661951
58595 -2.1006017
58694 -2.7773921
58795 -2.8677564
58895 -2.4993289
58996 -1.3143153
59096 0.15777254
59197 1.4029708
59280 2.288661
59380 3.2602444
59480 3.7667866
59580 3.8278923
59680 3.418848
59780 2.2477255
59880 0.87378216
59980 -0.5342574
60080 -1.8756099
60181 -2.6626365
60281 -2.9117339
60381 -2.9137795
60481 -2.5614965
60581 -1.6046765
60681 -0.27002716
60782 1.0957823
60882 2.232442
60982 2.9776115
61082 3.3761606
61182 3.4334927
61282 3.104765
61382 2.1000032
61486 0.79629993
61583 -0.53521395
61683 -1.8533559
61783 -2.742581
61883 -3.069664
61986 -3.1196659
62086 -3.0326514
62186 -1.8757265
62285 -0.20105886
62385 1.1630831
62485 2.3138466
62585 3.1450224
62685 3.4734793
62785 3.358634
62885 2.668069
62986 1.5576463
63086 0.27940226
63188 -1.0342782
63288 -2.2855008
63388 -2.851424
63488 -2.8907824
63588 -2.6300292
63687 -1.6858115
63787 -0.1657939
63886 1.116241
63987 2.1376815
64087 2.8460646
64188 3.1880903
64290 3.1532822
64390 2.3014665
64488 1.0300894
64591 -0.45925617
64689 -1.545464
64788 -2.4344933
64889 -2.7825212
64989 -2.7006977
65089 -2.0061579
65189 -0.83505964
65289 0.5928297
65390 1.8305464
65490 2.8665504
65591 3.5520163
65690 3.7800179
65790 3.5194979
65891 2.4981284
65991 1.0040231
66091 -0.29250002
66191 -1.5086441
66291 -2.4392629
66392 -2.888858
66491 -2.9804945
66591 -2.5083232
66693 -1.2134376
66792 0.4574709
66892 1.8619967
66992 2.962832
67092 3.520033
67193 3.5881262
67293 3.073122
67393 1.7994895
67493 0.3605547
67593 -1.1219697
67693 -2.518888
67793 -3.2782598
67893 -3.3015723
67995 -2.9410114
68094 -1.841882
68194 0.09134483
68294 1.7890115
68394 2.894452
68496 3.3930817
68595 3.3148508
68695 2.6790018
68795 1.7186685
68895 0.7566738
68995 -0.32906055
69096 -1.3980014
69197 -2.4334753
69296 -2.906396
69396 -3.1169286
69480 -2.9000707
69580 -1.5462902
69680 -0.22239685
69780 0.9135871
69880 1.6722183
69981 2.1794853
70081 2.451848
70181 2.4496255
70281 1.8436203
70381 0.6406708
70482 -0.7556639
70582 -1.9854462
70682 -3.0022254
70781 -3.4544144
70882 -3.4561572
70982 -2.7779832
71082 -1.2103698
71182 0.18944979
71283 1.3621922
71386 2.275313
71486 2.7786927
71585 2.971167
71683 2.8333807
71784 2.0675974
71884 0.6154461
71984 -0.72531414
72084 -2.041724
72184 -2.9822555
72284 -3.5738654
72384 -3.531045
72484 -2.7407322
72588 -1.1371906
72688 0.38050556
72785 1.6782827
72885 2.69952
72988 3.2858047
73088 3.380867
73188 2.8362174
73288 1.5097518
73388 0.19467258
73488 -0.9580889
73587 -1.8457634
73687 -2.3930264
73787 -2.4876297
73888 -2.25643
73988 -1.1204467
74087 0.38407946
74188 1.6760116
74290 2.7977195
74390 3.390833
74490 3.571662
74588 3.5156841
74689 2.838894
74789 1.430973
74889 0.16151619
74989 -0.9390564
