17 -0.25722647
119 0.9824872
218 1.9142609
319 2.8610406
418 3.5000381
518 3.8873081
618 3.9238148
718 3.8406887
818 3.4810848
919 2.642829
1018 1.1807866
1119 0.10240269
1219 -1.0350738
1319 -2.108231
1420 -2.853827
1519 -3.6335437
1620 -3.9708004
1719 -4.211252
1820 -4.2330184
1905 -4.2153745
2021 -3.7827053
2105 -2.690885
2205 -1.3709445
2305 0.052182198
2404 1.283884
2505 2.34727
2604 3.248581
2722 3.66113
2805 3.8159504
2906 3.907587
3240 2.149909
3339 1.0295115
3440 -0.0763855
3539 -1.0762267
3640 -1.9821382
3740 -2.9022799
3840 -3.6468623
3940 -4.2189617
4041 -4.4310813
4140 -4.5803328
4240 -4.563656
4341 -4.1524053
4441 -3.1352756
4541 -1.9758973
4641 -0.7841892
4741 0.3936472
4842 1.5410118
4942 2.560595
5042 3.4374914
5142 3.8381805
5243 3.9616833
5342 3.9197197
5442 3.4921417
5543 2.905223
5643 1.772008
5743 0.69011784
5843 -0.4955473
5943 -1.6432166
6043 -2.5782676
6145 -3.4565818
6245 -4.0863647
6345 -4.3618526
6445 -4.4549384
6545 -4.26517
6645 -3.6255214
6744 -3.0430522
6844 -2.3874564
6946 -1.218631
7045 0.33363628
7145 1.5257874
7246 2.567121
7346 3.3995419
7448 4.032404
7546 4.2696905
7647 4.285677
7747 3.857523
7846 2.8718224
7947 1.752626
8047 0.63358116
8147 -0.48103
8247 -1.515187
8347 -2.7227492
8449 -3.6493006
8548 -4.215666
8648 -4.4843807
8748 -4.5351186
8848 -4.154106
8949 -3.6067855
9048 -2.7394488
9149 -1.6843419
9250 -0.5579915
9349 0.6146884
9434 1.6027727
9533 2.8091393
9650 3.8640661
9733 4.306177
9850 4.464983
9935 4.415204
10034 4.122531
10134 3.486744
10234 2.4857435
10335 1.2262273
10434 0.20351076
10535 -1.0392442
10635 -2.059313
10736 -2.9000306
10835 -3.5979726
10935 -4.133938
11038 -4.375082
11135 -4.4026947
11236 -4.1758785
11337 -3.6134713
11437 -2.943196
11537 -1.9869752
11637 -0.9623847
11737 0.34888935
11837 1.2949753
11937 2.332734
12037 3.3469238
12138 4.229041
12237 4.7155695
12339 4.785183
12438 4.5014668
12538 3.6104136
12638 2.3538523
12738 1.3290615
12838 0.07831669
12938 -0.997571
13040 -2.17629
13139 -2.9776795
13239 -3.807931
13339 -4.330479
13439 -4.56348
13539 -4.554509
13639 -4.135516
13739 -3.055673
13840 -2.1596093
13940 -1.0263886
14040 0.13525867
14141 1.4200768
14240 2.5557127
14341 3.6038227
14440 4.2816334
14542 4.528303
14641 4.5951633
14742 4.414466
14843 3.732378
14942 2.53518
15043 1.4515672
15142 0.29561138
15243 -1.0676551
15342 -2.2717428
15443 -3.2393317
15543 -3.9484732
15643 -4.346825
15745 -4.5520663
15843 -4.587216
15943 -4.3509417
16043 -3.7538095
16144 -2.7837007
16244 -1.9393868
16345 -0.9455805
16445 0.4167261
16545 1.5089693
16644 2.7486305
16745 3.8281116
16845 4.508456
16945 4.614354
17046 4.325041
17146 3.8161592
17247 2.765049
17345 1.4282923
17447 0.2257452
17546 -0.92204094
17647 -1.8166871
17747 -2.6321032
17847 -3.253116
17946 -3.8122704
18047 -4.0529647
18148 -4.098034
18247 -3.9629257
18348 -3.5835848
18447 -2.7057045
18548 -1.6244335
18647 -0.28219175
18748 0.835721
18848 2.0097275
18949 2.8151064
19050 3.5351086
19148 3.8503122
19249 3.8740053
19349 3.4326715
19451 2.7152123
19549 1.5838099
19650 0.21681547
19749 -1.1034317
19850 -2.1863456
19935 -3.0898788
20050 -4.2033787
20135 -5.0
20234 -5.0
20335 -5.0
20435 -4.968539
20535 -3.7874465
20634 -2.6400638
20751 -1.4157875
20834 -0.38446522
20952 1.0061612
21037 2.012271
21135 2.9460945
21236 3.7499418
21335 4.271433
21437 4.3826103
21536 4.224272
21636 3.6930456
21738 2.9753318
21836 1.8265638
21938 0.46770096
22037 -0.6504941
22138 -1.9401369
22236 -3.0438745
22338 -3.6640394
22439 -4.006621
22538 -4.122363
22638 -3.912652
22739 -3.43662
22838 -2.5394979
22939 -1.7125645
23039 -0.5061178
23139 0.80973387
23240 2.033431
23339 3.114851
23440 3.8937588
23540 4.3015985
23640 4.44732
23741 4.176136
23840 3.450778
23942 2.5109115
24039 1.3598571
24141 0.098664284
24240 -0.932776
24341 -1.9608831
24441 -2.7802167
24541 -3.2262752
24641 -3.4473407
24741 -3.501292
24844 -3.4594743
24941 -3.0982232
25043 -2.3096128
25142 -1.3108661
25242 -0.09462166
25342 0.7981844
25442 1.6298385
25543 2.6299744
25643 3.398984
25743 3.9373598
25843 4.0749016
25945 3.9574966
26043 3.701477
26144 3.065771
26244 2.0236778
26344 0.8570576
26444 -0.40197706
26544 -1.3205166
26646 -2.5073185
26745 -3.2985055
26845 -3.9946356
26945 -4.55262
27046 -4.9787297
27145 -5.0
27246 -4.953538
27346 -4.625921
27445 -3.9348726
27545 -3.1146717
27646 -2.0218244
27746 -0.8381896
27846 0.07018852
27946 1.1415148
28046 1.9057069
28147 2.392115
28248 2.7428808
28348 2.8065453
28447 2.7282982
28547 2.6520739
28648 2.4043322
28748 1.8245468
28847 0.5245142
28948 -0.43230724
29049 -1.4070485
29149 -2.482695
29249 -3.2874112
29349 -3.6867929
29450 -3.8626895
29549 -3.9746492
29649 -3.9813676
29750 -3.7804303
29849 -2.8368473
29950 -1.7698429
30050 -0.7591047
30151 0.15802383
30250 1.1964884
30350 2.1469483
30451 3.0573654
30551 3.712181
30651 4.1722603
30751 4.390753
30853 4.43132
30951 4.2567997
31053 3.6422586
31152 2.6291504
31252 1.20785
31352 0.0020513535
31452 -1.3393092
31553 -2.61023
31653 -3.4067528
31754 -3.6217997
31853 -3.8187237
31937 -3.9249496
32053 -3.8982074
32138 -3.3999808
32237 -2.8120084
32338 -1.9352267
32437 -1.2515678
32554 -0.27088737
32638 0.5126076
32738 1.3568082
32839 2.499856
32938 3.2418642
33039 3.5405312
33139 3.636382
33239 3.6503048
33339 3.6195993
33439 3.1016474
33540 1.718854
33639 0.5420232
33740 -0.66004276
33839 -1.6460404
33941 -2.7357879
34040 -3.552724
34141 -4.129589
34240 -4.22852
34341 -4.301114
34441 -4.176326
34541 -3.7137136
34641 -3.0112946
34741 -1.9929998
34842 -0.755528
34941 0.16167736
35043 1.1687193
35142 2.0924253
35242 2.966844
35342 3.5698195
35442 3.8962345
35542 3.982275
35643 3.9316244
35743 3.4747715
35843 2.549366
35944 1.5116019
36043 0.81840706
36144 -0.45940495
36243 -1.8457291
36344 -2.84196
36444 -3.540442
36544 -3.9496045
36644 -3.9397206
36744 -3.5029094
36845 -2.5912676
36944 -1.5951843
37046 -0.43853378
37144 0.524508
37246 1.3989725
37345 2.430974
37446 3.066393
37546 3.5152225
37646 3.8728666
37747 3.934557
37846 3.7497835
37947 3.2989254
38047 2.770925
38147 1.7066369
38247 0.7773948
38347 -0.2281537
38447 -1.5247605
38547 -2.552327
38650 -3.4250226
38748 -4.032932
38848 -4.4716153
38948 -4.6099157
39048 -4.5147724
39148 -3.8792331
39249 -2.9323037
39349 -1.9366629
39450 -1.0851169
39549 0.09481144
39649 1.072731
39750 1.9557981
39849 2.6130815
39950 3.2793903
40050 3.8723469
40151 4.1476097
40250 4.230381
40350 4.0414734
40452 3.2665195
40551 2.007186
40651 0.95945597
40751 -0.035933018
40852 -1.1204209
40952 -2.0569825
41052 -2.9921753
41152 -3.702505
41252 -4.040686
41352 -4.111694
41453 -3.8523529
41553 -3.0755033
41653 -2.049614
41754 -1.1145508
41852 -0.15757799
41954 0.9256258
42053 1.944519
42154 2.7237601
42253 3.4058647
42354 3.7899742
42454 3.935855
42554 3.855033
42638 3.5363636
42738 2.798913
42839 1.8073478
42937 0.77834034
43039 -0.32743645
43139 -1.4803097
43239 -2.3208556
43338 -3.16038
43439 -3.7120223
43540 -4.057856
43639 -4.175835
43740 -4.1192865
43839 -3.6879678
43941 -2.5280938
44040 -1.2677975
44140 -0.19070578
44240 1.1554074
44340 2.2246566
44441 3.0403833
44541 3.9461489
44641 4.499812
44741 4.659605
45242 1.9289994
45341 0.34862614
45442 -0.97402287
45543 -2.3874364
45642 -3.2741568
45743 -4.0460577
45843 -4.455475
45943 -4.5410614
46042 -4.4153028
46143 -4.015287
46243 -3.3690743
46344 -2.404748
46444 -1.2746773
46544 -0.10317898
46646 0.95034885
46744 2.2421508
46845 3.0998554
46945 4.029375
47045 4.433955
47145 4.601469
47246 4.546939
47345 4.2519474
47445 3.3749237
47545 2.3158607
47645 1.0312104
47747 -0.18105412
47845 -1.3253503
47946 -2.4938285
48046 -3.4796329
48146 -4.2788796
48247 -4.739233
48347 -4.819093
48447 -4.621719
48547 -3.9901993
48649 -3.0280623
48747 -1.9476578
48849 -0.71587276
48949 0.48382854
49049 1.6974993
49148 2.7391562
49249 3.3936043
49349 3.972002
49448 4.391979
49549 4.379366
49648 4.1937265
49750 3.5828953
49850 3.216487
49949 2.0463285
50050 0.9309068
50150 -0.4552431
50250 -2.4124172
50350 -3.7602124
50450 -4.5542855
50551 -4.8338146
50653 -4.8391128
50751 -4.8321776
50852 -4.3797684
50951 -3.0799284
51051 -1.9835916
51152 -0.6500273
51252 0.4290557
51352 1.6870546
51452 2.5784369
51538 3.1976032
51652 3.6523466
51737 3.751524
51836 3.6234999
51937 3.2308054
52036 2.5013824
52137 1.4291825
52237 0.3838477
52353 -0.8384981
52436 -1.8887515
52537 -3.1092246
52638 -3.7697794
52737 -4.277516
52838 -4.5582266
52938 -4.4315963
53038 -4.016707
53137 -3.2314048
53239 -2.3604028
53340 -1.2106671
53438 0.009222984
53540 1.0782413
53640 1.9928918
53740 2.918682
53839 3.6083002
53940 4.1722956
54040 4.4447803
54141 4.4578886
54240 4.332796
54340 3.9846697
54442 2.9022117
54540 1.7727456
54641 0.5138483
54742 -0.64063835
54842 -1.6468716
54941 -2.5008037
55042 -3.1869993
55142 -3.6277893
55242 -3.8876348
55343 -3.9838421
55442 -3.8796732
55543 -3.361534
55643 -2.3852406
55742 -1.5421588
55843 -0.38296652
55943 0.5967212
56043 1.6772318
56143 2.43992
56243 3.2170448
56344 3.7731514
56445 4.1060133
56543 4.197419
56645 4.2029324
56744 4.06534
56844 3.2154102
56944 1.9739294
57045 0.5883608
57145 -0.60004044
57245 -1.7937858
57347 -2.8171086
57445 -3.620936
57545 -4.159433
57645 -4.4717007
57745 -4.6628275
57845 -4.638213
57946 -4.24063
58045 -2.785441
58146 -1.6126359
58246 -0.36842299
58347 0.6028199
58448 1.5116339
58547 2.2248316
58648 2.913681
58748 3.3865814
58848 3.6153297
58948 3.793394
59048 3.7109652
59148 3.074195
59248 1.7534165
59349 0.47951603
59448 -0.60459757
59550 -1.6871991
59649 -2.69561
59749 -3.5416982
59849 -4.1955523
59950 -4.6061783
60049 -4.6768484
60150 -4.582243
60253 -3.9976816
60350 -3.3155198
60451 -2.5763252
60551 -1.6798472
60650 -0.7631693
60750 0.33484697
60851 1.5004983
60951 2.60113
61051 3.5897293
61151 4.2402477
61252 4.5785427
61351 4.6320105
61452 4.5769215
61552 4.515562
61652 4.0948267
61753 2.9559684
61853 1.9105744
61953 0.86431503
62052 -0.28309727
62153 -1.5690567
62252 -2.7097876
62353 -3.5618055
62454 -4.1693673
62553 -4.6268997
62654 -4.950468
62753 -4.9437757
62854 -4.48767
62938 -3.5267987
63054 -2.2380023
63155 -1.1799579
63255 -0.16131258
63339 0.87484264
63439 2.2052307
63539 3.6847944
63638 4.629327
63740 5.0
63838 5.0
63940 5.0
64040 5.0
64140 4.788657
64239 3.4773598
64340 2.38869
64441 1.1372886
64540 0.09203482
64641 -1.4781144
64741 -2.6460664
64841 -3.5559993
64941 -4.2935433
65041 -4.635767
65141 -4.757254
65242 -4.647031
65342 -4.1864705
65442 -3.4297202
65542 -2.4253278
65643 -1.2946942
65743 -0.18694878
65843 0.98793364
65943 1.9883375
66043 2.9489799
66143 3.6580105
66243 4.110139
66343 4.3183517
66444 4.336645
66543 4.289281
66644 3.9343605
66744 2.9171686
66844 1.722434
66944 0.42452335
67045 -0.6981516
67144 -1.7825463
67244 -2.6993642
67345 -3.6360955
67445 -4.2917895
67545 -4.7374344
67645 -4.848841
67745 -4.8020535
67846 -4.5641966
67946 -4.0405574
68046 -2.945807
68146 -2.0090783
68248 -0.50687265
68347 0.30481052
68448 1.5969543
68547 2.2999625
68647 3.2160358
68747 3.7550182
68848 3.9732714
68947 3.947382
69048 3.6594076
69148 2.9202337
69248 2.0936952
69348 0.8731389
69448 -0.27178574
69549 -1.4688983
69649 -2.5444512
69749 -3.50253
69849 -4.3215556
69949 -4.799082
70050 -5.0
70149 -5.0
70249 -5.0
70350 -4.702452
70450 -3.9154415
70551 -3.0292087
70651 -1.8324392
70750 -0.40337515
70851 0.85776234
70951 2.0944166
71051 2.9343324
71150 3.7444057
71251 4.2271137
71354 4.4674473
71452 4.5001936
71552 4.1945095
71652 3.2913952
71752 2.052381
71852 0.6408682
71953 -0.49462795
72052 -1.7529292
72153 -2.9074116
72253 -3.9183486
72353 -4.441791
72455 -4.6428742
72554 -4.997567
72653 -4.9790306
72754 -4.614582
72855 -3.7007737
72938 -3.0328755
73055 -1.5146935
73139 -0.40284443
73238 0.84828615
73340 2.1157126
73438 3.113924
73538 3.899294
73639 4.2771273
73739 4.391081
73839 4.40851
73939 4.261342
74039 3.8206224
74140 2.5073862
74241 1.4043441
74340 0.19803333
74441 -1.0518563
74541 -2.3741448
74641 -3.393877
74741 -4.1136537
74842 -4.6315947
74941 -4.8329926
