14 -1.434742
114 -2.3278892
213 -2.7089548
313 -3.0840993
413 -2.9324996
515 -2.2338128
615 -1.1996167
714 0.09628487
813 0.99270105
914 1.7912536
1013 2.355554
1116 2.8069367
1214 3.205575
1316 2.8402815
1414 1.9516196
1515 1.1114249
1615 -0.008180141
1715 -0.8908515
1815 -1.7312202
1916 -2.4995446
2016 -2.7454937
2115 -2.69837
2217 -2.2565422
2316 -1.2029159
2417 0.31942797
2518 1.4577837
2616 2.2938294
2719 2.7754478
2818 3.2125492
2917 3.4567432
3017 3.1552877
3118 2.314691
3217 0.8434572
3319 -0.4485259
3418 -1.6718712
3519 -2.676215
3619 -2.9105456
3720 -3.1445289
3820 -2.477655
3919 -1.5735672
4020 -0.026252747
4119 1.1753454
4219 2.1854768
4321 2.7364798
4420 3.2244663
4503 3.3961573
4603 3.2809553
4703 2.6097422
4803 1.688489
4903 0.2795143
5006 -1.0283837
5106 -2.0519605
5206 -2.6836953
5306 -2.6395042
5404 -1.8584924
5505 -0.48829126
5605 0.761116
5705 1.7705665
5805 2.4610453
5905 2.9514213
6005 3.3604069
6106 3.545023
6206 3.2817297
6306 2.436592
6407 1.6616998
6506 0.5569296
6606 -0.849144
6706 -1.936208
6806 -2.6532369
6910 -2.8485928
7010 -2.1455553
7109 -1.1132069
7209 0.24399042
7310 1.5974898
7410 2.553897
7509 3.012969
7610 3.5562296
7709 3.2978754
7808 2.7698302
7908 1.8543663
8010 0.8345003
8109 -0.20976925
8209 -1.3141274
8309 -2.1662543
8409 -2.6716673
8510 -2.6823947
8610 -1.579905
8710 -0.4937029
8810 1.0466013
8910 2.1984367
9011 2.9494872
9111 3.50807
9214 3.7554674
9313 3.7629824
9413 3.141158
9513 2.002513
9614 0.68402386
9714 -0.55955267
9812 -1.5422502
9913 -2.374838
10012 -2.5460389
10112 -1.9514899
10214 -1.0162129
10313 0.17722034
10413 1.5335555
10513 2.3558478
10613 3.0019093
10713 3.513239
10814 3.5137758
10915 3.1183453
11015 2.039987
11114 0.9469371
11214 -0.1472292
11315 -1.1615708
11414 -2.2469018
11514 -2.7663531
11615 -2.773574
11715 -2.4089599
11817 -1.1373379
11916 0.3070631
12016 1.8346481
12115 2.703556
12215 3.198553
12317 3.58286
12417 3.6129131
12516 2.7994003
12617 1.6749372
12717 0.45330477
12817 -0.6248622
12919 -1.5134952
13018 -2.4376168
13117 -2.8547034
13217 -3.0115528
13318 -2.8080084
13418 -1.9046671
13519 -0.5820322
13618 0.65400887
13718 1.8238158
13819 2.510446
13918 3.1325054
14253 2.715064
14353 1.9802713
14453 0.86420345
14554 -0.6747923
14653 -1.9817395
14754 -2.9385774
14854 -2.9694903
14954 -2.6349883
15054 -1.3819375
15154 0.1851039
15254 1.323309
15354 2.3701072
15454 3.1476822
15555 3.8235683
15656 3.8904276
15755 3.2482634
15856 2.3229294
15957 1.0641913
16056 -0.20845366
16139 -1.3610597
16239 -2.5289617
16339 -3.1306355
16440 -2.8170097
16540 -1.7104714
16640 -0.40677547
16740 0.9468193
16840 2.1760626
16946 3.0761871
17040 3.8699026
17141 4.160387
17241 4.1874866
17341 3.4600163
17441 2.5018487
17541 1.2922907
17641 0.02785778
17741 -1.3545303
17841 -2.2804408
17945 -2.589902
18043 -2.6155162
18145 -2.0009005
18242 -0.4094262
18344 0.76930237
18445 2.0011435
18544 2.8419318
18861 3.3658047
18961 2.960061
19061 2.3540506
19161 1.5143981
19262 0.51845074
19361 -0.650589
19461 -1.6331954
19562 -2.5421727
19661 -2.9398606
19761 -2.7210848
19864 -1.5782509
19963 -0.13629246
20064 1.1144872
20162 2.039875
20262 2.728106
20363 3.201066
20464 3.6369114
20565 3.850378
20663 3.522912
20764 2.6242647
20863 1.086657
20965 -0.13339233
21064 -1.1536012
21164 -1.9653385
21265 -2.6690161
21365 -3.4628263
21465 -3.4369729
21565 -2.6618762
21665 -1.9425578
21765 -1.0749066
21865 0.12953758
21965 1.3522391
22067 2.0795264
22166 2.8769522
22266 3.2648106
22367 3.3464794
22466 3.2353592
22567 2.4954886
22650 1.4766746
22750 0.6593561
22850 -0.19828796
22950 -0.9748373
23051 -1.7657261
23150 -2.224723
23251 -2.3942099
23351 -2.2499926
23451 -1.6230588
23551 -0.48837042
23651 0.55184555
23752 1.6986098
23852 2.3076515
23952 2.799264
24052 3.1050272
24153 3.0842142
24255 2.3929443
24356 1.4391923
24456 0.24980116
24556 -0.701488
24655 -1.4889717
24753 -2.0144622
24854 -2.522595
24953 -2.74366
25054 -2.5365186
25155 -1.6020031
25254 -0.29420424
25354 1.0836134
25455 1.9174218
25554 2.5022073
25655 2.8180518
25758 2.9854937
25858 2.933834
25958 2.5066338
26058 1.1704702
26158 -0.22290325
26258 -1.266634
26358 -2.0597835
26458 -2.6316614
26558 -3.4225338
26658 -3.1103983
26757 -2.45956
26858 -1.1975281
26958 -0.08806515
27058 0.9147601
27160 1.7633638
27261 2.2424498
27358 2.7928367
27460 3.3383188
27558 3.450821
27660 3.0926266
27758 2.0181594
27858 0.74589396
27959 -0.3204856
28060 -1.2189777
28159 -2.1725173
28260 -2.75147
28360 -3.9986815
28461 -3.157329
28560 -1.7909229
28660 -0.28019428
28760 1.062037
28861 2.1008248
28963 2.817028
29061 3.110137
29161 3.0134373
29261 2.3932166
29362 1.6380324
29462 0.51309824
29563 -0.6723938
29662 -1.59201
29762 -2.6726637
29863 -3.341396
29962 -3.082884
30065 -2.217382
30162 -1.0643463
30263 0.43392897
30363 1.7376251
30463 2.5724998
30563 3.2240162
30664 3.389433
30764 3.2173862
30863 2.3602004
30963 1.3378072
31064 0.2899232
31165 -0.81031466
31265 -1.5961251
31365 -2.3031998
31465 -2.907731
31565 -3.5946896
31665 -2.8508568
31766 -2.1081293
31865 -0.8033161
31965 0.64002657
32066 1.753376
32166 2.4612985
32268 3.098753
32367 3.4092436
32466 3.4863672
32550 3.2307453
32650 2.2476578
32750 0.94381046
32850 -0.19296026
32950 -0.98048115
33051 -1.6035912
33151 -2.3278081
33251 -2.7278185
33351 -2.7387261
33451 -1.9012296
33551 -0.8596096
33651 0.6220312
33753 1.8255606
33852 2.661664
33952 3.2674723
34053 3.3831797
34153 3.120285
34252 2.0991888
34355 0.69063187
34456 -0.43577766
34555 -1.3562036
34653 -1.8776019
34753 -2.207854
34854 -2.7638888
34953 -2.7268176
35054 -2.2498374
35154 -1.0700252
35255 -0.059109688
35354 0.9952841
35454 2.017562
35555 2.6307993
35655 2.963416
35758 2.8751397
35855 2.339147
35958 1.3698416
36055 0.25222492
36158 -1.0193565
36258 -1.9394011
36358 -2.6616154
36458 -2.8890777
36558 -2.6814508
36657 -1.7450771
36757 -0.82202435
36857 0.3277917
36957 1.4713631
37057 2.2638793
37157 2.9564004
37258 3.2652473
37360 3.3019333
37461 2.8780775
37561 1.3842115
37660 0.07493639
37760 -0.9942379
37859 -1.8920474
37959 -2.6675806
38059 -3.290215
38159 -3.216104
38260 -2.6037478
38359 -1.1853688
38460 -0.2187109
38560 1.297205
38661 2.3650703
38761 3.203167
38860 3.6166277
38960 3.6295567
39061 3.14999
39161 2.2545333
39262 0.9213438
39362 -0.21724081
39462 -1.0870438
39562 -1.8410323
39661 -2.6101313
39763 -2.8505454
39862 -2.5718324
39963 -1.6597562
40063 -0.6392307
40163 0.67883825
40263 1.7386713
40363 2.597403
40464 3.0836697
40563 3.2107372
40664 2.849627
40765 1.8163958
40864 0.48923397
40965 -0.60057354
41065 -1.4116178
41166 -2.1125922
41264 -2.8151622
41365 -3.6572042
41465 -2.7681727
41565 -1.9662657
41665 -0.69961596
41767 0.5011568
41866 1.7224069
41967 2.4812508
42066 3.0353355
42165 3.2282896
42266 3.146039
42366 2.3680406
42467 1.1011386
42550 0.11559248
42651 -0.7489767
42750 -1.5525887
42850 -2.205466
42951 -2.7820582
43051 -3.268253
43151 -3.090063
43251 -2.482003
43351 -1.655941
43451 -0.53286076
43551 0.5866709
43652 1.457231
43752 2.1183424
43852 2.6282187
43952 3.0125866
44053 3.226142
44153 3.1343288
44252 2.674028
44356 1.2629151
44455 -0.046432495
44555 -0.9548464
44656 -1.5875428
45238 -2.6646292
45338 -2.0928319
45438 -1.1985059
45540 -0.4213376
45638 0.5961757
45738 1.5830116
45839 2.3197222
45938 2.9369392
46040 3.0765562
46139 2.841929
46240 1.942575
46339 0.6631861
46439 -0.44759274
46541 -1.2474029
46640 -2.1064198
46740 -3.163524
46840 -3.7150736
46940 -3.8272345
47042 -3.712342
47141 -2.1425996
47242 -1.0501218
47342 0.23873997
47441 1.5441041
47543 2.4235392
47642 3.1222363
47742 3.3082027
47842 3.300768
47942 2.9017982
48045 2.1493464
48143 0.7350731
48243 -0.15168095
48344 -1.344418
48443 -2.21868
48544 -3.321956
48643 -3.9210653
48727 -3.9835203
48827 -3.9174557
48927 -2.7974176
49027 -1.4408333
49128 -0.33248997
49228 0.9483423
49328 1.8614922
49428 2.5647645
49528 3.1319866
49628 3.289095
49728 3.2815285
49829 2.8970323
49929 1.8236909
50029 0.37165022
50129 -0.7099333
50229 -1.4072132
50330 -2.0692174
50430 -2.8556104
50532 -3.302209
50633 -2.835043
50732 -2.0967233
50833 -1.1669452
50930 -0.22101927
51032 1.056418
51133 1.849463
51232 2.480258
51333 3.065096
51433 3.2112637
51532 3.2008486
51633 2.9489913
51732 2.3251777
51832 0.65220594
51933 -0.54839754
52032 -1.4650788
52133 -2.0655465
52233 -2.9019055
52332 -3.1658
52434 -3.2270932
52533 -2.057937
52633 -0.8960328
52733 0.20896721
52834 1.256021
52934 2.0856714
53034 2.668603
53135 2.9784002
53235 3.0658026
53338 2.9690046
53435 2.635118
53537 1.451735
53638 0.20141125
53736 -0.7492552
53835 -1.0236595
53936 -1.5246177
54036 -2.291213
54135 -2.622766
54236 -2.5599864
54337 -1.9012504
54437 -0.96840334
54536 0.33666945
54636 1.4515238
54737 2.3283806
54838 2.9246035
54939 3.2241592
55037 3.274064
55137 3.103735
55238 2.50913
55339 1.2637053
55439 -0.1881814
55538 -1.2277908
55638 -1.9678378
55738 -2.5803814
55839 -2.8344796
55939 -2.8046103
56039 -2.4203253
56139 -1.3558674
56240 -0.11848354
56340 1.0832472
56440 1.8991537
56540 2.5578017
56642 3.021597
56740 3.190361
56840 3.145731
56941 2.6581154
57041 1.2859564
57142 0.18996763
57241 -0.8772831
57342 -1.6414902
57442 -2.4590175
57541 -3.091339
57643 -3.1724193
57742 -2.2497406
57842 -1.0272865
57943 0.0384593
58043 1.2323389
58143 2.2229586
58242 2.977754
58343 3.3078098
58443 3.3118124
58543 3.2364016
58644 2.613824
58727 1.527143
58827 0.3678341
58927 -0.5914273
59027 -1.1869457
59128 -1.8963375
59228 -2.7095578
59328 -2.6187577
59428 -1.8427238
59528 -0.9095998
59628 0.16304493
59728 1.295825
59829 2.00943
59929 2.4902
60029 2.7245865
60129 2.9584336
60229 2.9787712
60329 2.782528
60429 1.9871321
60533 0.58752584
60632 -0.73476696
60733 -1.5388045
60832 -2.2549317
60932 -2.9364207
61033 -3.5660272
61132 -3.7943637
61233 -2.8572247
61332 -1.3546901
61433 -0.11175251
61533 1.177969
61632 2.358345
61732 3.0689812
61832 3.524787
61932 3.7430382
62032 3.3734846
62366 -0.6456423
62467 -1.540009
62566 -2.283782
62667 -2.9264252
62767 -3.324405
62869 -3.4208148
62969 -2.7485204
63068 -1.3892875
63170 -0.46531582
63268 0.8400736
63368 1.6766791
63468 2.2931633
63568 2.8384485
63668 2.9865837
63768 2.8741417
63868 2.0656228
63970 0.8113432
64069 -0.32237148
64169 -1.1716576
64269 -2.1590822
64370 -3.1027334
64470 -4.0018516
64570 -4.042237
64672 -3.18062
64770 -1.5302296
64855 -0.59407043
64954 0.8055663
65054 1.6600938
65154 2.3117027
65254 2.803463
65355 2.962761
65455 2.918798
65555 2.5008583
65655 1.3465319
65755 0.0817194
65856 -0.84869814
65956 -1.5002475
66056 -2.2558048
66156 -2.9388793
66256 -3.3041167
66356 -3.1568627
66456 -1.8143437
66556 -0.95917606
66659 0.23415661
66757 1.1849375
66857 1.8785658
66957 2.3389182
67057 2.5306792
67158 2.5728273
67257 2.4081788
67359 2.0144105
67458 1.143446
67558 -0.06883001
67659 -1.0083466
67758 -1.8677869
67860 -2.4439626
67959 -2.8390317
68059 -2.8648572
68162 -2.3840714
68259 -1.1613603
68362 -0.2836504
68462 1.0829172
68562 1.8352647
68662 2.399588
68760 2.7242174
68861 2.8500366
68961 2.7605805
69061 1.9668288
69162 0.6456876
69261 -0.585042
69361 -1.3103576
69461 -1.942205
69562 -2.3803556
69664 -2.8421316
69762 -2.8818734
69862 -2.4710755
69962 -1.4702175
70064 -0.68577576
70163 0.31408024
70263 1.3084106
70363 1.9125648
70463 2.3989196
70565 2.5971656
70664 2.519895
70764 1.8619361
70864 0.8934336
70964 -0.27090883
71065 -1.0225894
71165 -1.915884
71265 -2.525082
71365 -2.9616525
71465 -2.9882777
71566 -2.4928834
71665 -1.2403603
71765 -0.34679508
71866 0.6318445
71966 1.5833573
72067 2.1462579
72166 2.6883378
72266 2.7964935
72366 2.6061044
72466 1.6296859
72568 0.5467987
72667 -0.6305742
72767 -1.4764953
72867 -2.3392942
72968 -2.9567194
73068 -3.0811558
73168 -2.721787
73268 -1.8047643
73368 -0.97483826
73468 0.33002377
73569 1.4765601
73669 2.228528
73769 2.4993143
73869 2.5241022
73969 2.2881942
74070 1.582798
74169 0.63447
74270 -0.15954304
74370 -1.121201
74470 -1.9914031
74570 -2.749228
74670 -3.1390877
74772 -3.3673213
74870 -3.0603795
74954 -2.8162313
