31 2.8093734
132 2.9655695
232 2.8221273
332 2.0846267
432 0.72411776
532 -0.70697784
633 -2.137878
733 -2.8719144
833 -3.1813884
1250 0.51037693
1350 1.2315435
1450 2.2208176
1550 2.7689066
1651 2.8782105
1751 2.658124
1851 1.6994734
1951 0.19393635
2051 -1.0953255
2152 -2.1103902
2252 -2.4209151
2352 -2.3657513
2452 -1.8455644
2553 -0.688951
2870 2.752841
2970 3.1272526
3070 3.1348705
3170 2.8403063
3270 1.9728599
3370 0.5731373
3471 -1.0218487
3570 -1.9671874
3670 -2.3843732
3771 -2.4312937
3871 -2.1690357
3971 -1.1713479
4071 0.26251554
4171 1.4002409
4272 2.168714
4372 2.697783
4472 2.8478112
4572 2.4542375
4672 1.3111844
4772 -0.53512335
4872 -1.8994582
4972 -2.784965
5073 -3.0845094
5173 -3.0293305
5273 -2.2086933
5373 -0.8845186
5473 0.694396
5574 1.6999817
5673 2.5006547
5774 2.9182444
5874 2.8988981
5975 2.2162619
6075 1.097549
6175 -0.48032665
6274 -1.5710113
6375 -2.3364444
6475 -2.30291
6575 -2.1571107
6675 -1.7164528
6775 -0.33790302
6876 0.73477554
6976 1.6657615
7076 2.353765
7176 2.7882857
7276 2.878891
7376 2.6936774
7477 1.6866121
7577 0.15780735
7660 -1.3097329
7759 -2.510016
7860 -2.9233732
7960 -2.9078453
8060 -2.7372792
8159 -2.0536313
8260 -0.52060604
8361 0.912879
8461 2.145639
8795 3.0565987
8895 2.1013503
8995 0.6346035
9096 -0.7743521
9196 -2.2874875
9296 -2.7981355
9396 -2.7972505
9496 -2.474583
9597 -1.5257707
9697 -0.10506439
9797 1.0131717
9897 2.1062746
10264 2.5688715
10364 0.9533777
10465 -0.56031895
10565 -2.1683228
10665 -2.8803103
10765 -2.8002884
10865 -2.6514506
10966 -1.9397295
11066 -0.508523
11165 0.7163596
11266 2.0847144
11366 2.7107725
11466 3.1553555
11566 3.0720081
11666 2.077314
11766 0.3833084
11867 -1.2135196
11967 -3.04467
12067 -3.492244
12167 -3.422146
12268 -2.9378178
12368 -2.095095
12468 -0.7677059
12550 0.40552807
12651 1.9705162
12750 3.0683422
12851 3.442256
12951 3.314911
13051 2.7232614
13151 1.6335502
13251 -0.0091257095
13352 -1.2898889
13452 -2.348883
13553 -2.7959862
13653 -2.8016758
13753 -2.3693678
13853 -1.4872146
13953 -0.23959064
14053 1.0071478
14154 2.0255928
14254 2.9183593
14354 3.2603521
14454 3.0760746
14554 2.3434548
14654 1.297286
14755 0.0072202682
14855 -1.6792595
14955 -2.4340153
15056 -2.436005
15155 -2.1571107
15255 -1.7490852
15355 -0.56633615
15455 0.59253454
15555 1.6214247
15656 2.3935547
15756 3.132986
15856 3.267645
15956 2.9257789
16057 1.811656
16157 0.36273766
16257 -1.0610206
16357 -1.8465741
16457 -2.0496824
16558 -1.8685925
16658 -1.3754761
16758 -0.4049077
16858 0.7618575
16958 1.6195421
17058 2.2833595
17158 2.7513952
17258 2.7983103
17358 2.2716074
17459 0.9201536
17559 -0.49490643
17659 -1.6886158
17759 -2.0486922
17859 -2.0935822
17959 -1.778918
18060 -0.7539091
18160 0.38473368
18260 1.3147345
18360 1.9951949
18460 2.7425184
18560 3.0365982
18661 2.867517
18761 1.9706984
18861 0.74833965
18961 -0.8242264
19061 -2.089137
19162 -2.6266484
19262 -2.5460842
19362 -2.3310962
19462 -1.755907
19562 -0.5238104
19662 0.507823
19762 1.6200652
19862 2.1083746
19963 2.7745028
20063 2.7442946
20163 2.2848725
20263 1.1602964
20364 -0.56631565
20463 -2.0445876
20564 -2.8137422
20664 -2.9049034
20764 -2.6548615
20864 -2.0689545
20964 -0.8042202
21065 0.60175276
21165 1.6971803
21264 2.7043214
21365 3.0159588
21465 2.9912744
21565 2.3948975
21665 1.1028395
21766 -0.48388004
21866 -2.1200457
21966 -2.863133
22066 -2.9323268
22166 -2.8516479
22266 -2.5319057
22366 -1.6490371
22467 -0.29994678
22567 0.81420803
22667 1.6480346
22767 2.4344187
22867 2.59559
22967 2.4211297
23068 1.5189185
23167 -0.08707762
23268 -1.4951851
23351 -2.4938376
23451 -2.8847656
23551 -2.89119
23650 -2.499253
23750 -1.7226443
23851 -0.5167422
23951 0.5329304
24052 1.5056572
24152 2.2532167
24253 2.624775
24353 2.6929893
24453 2.302845
24553 1.2957182
24653 -0.29767323
24753 -1.7277699
24854 -2.492019
24954 -2.617206
25054 -2.2653263
25154 -1.511931
25254 -0.26844692
25354 1.0207958
25455 2.0154634
25555 2.7267213
25655 3.0018978
25755 2.7825723
25855 2.2165008
25956 0.80796766
26055 -0.7479944
26155 -1.9264438
26256 -2.3159604
26356 -2.374036
26456 -2.0423386
26556 -1.3887627
26656 -0.23142338
26757 1.14013
26857 1.8713937
26957 2.4616294
27057 2.710504
27157 2.2147598
27257 1.3411818
27358 0.30757236
27458 -0.9444895
27558 -1.880671
27658 -2.3303778
27758 -2.377769
27858 -2.0580986
27959 -0.98808146
28059 0.31113005
28158 1.456707
28259 1.9771919
28359 2.5813994
29311 -1.7335701
29411 -0.42264843
29511 0.79417896
29611 1.6563292
29712 2.5196867
29812 3.3199177
29911 3.5135937
30012 3.2959766
30112 2.082518
30212 0.5510225
30312 -0.885694
30413 -2.0681806
30513 -2.2892919
30612 -2.3231978
30695 -2.1181068
30813 -1.4119866
30896 -0.49528933
30996 0.8464656
31096 1.563024
31196 2.134408
31296 2.3919106
31397 2.3666124
31497 1.8095064
31598 0.56336117
31698 -0.9073763
31798 -2.0387263
31898 -2.3863337
31998 -2.500642
32098 -2.1916957
32199 -1.4758172
32299 -0.20959377
32399 0.85237026
32499 1.5189676
32599 2.1482744
32699 2.4156694
32800 2.358902
32900 1.8895402
33000 0.9330492
33100 -0.53424215
33200 -1.939837
33300 -2.4900541
33400 -2.586011
33500 -2.4481244
33600 -1.7814164
33701 -0.61072254
33801 0.7580204
33901 1.8266745
34001 2.85074
34102 3.2106667
34202 3.1883173
34301 2.5142303
34403 1.1281605
34502 -0.4281025
34602 -1.8329377
34702 -2.2544565
34802 -2.072678
34902 -1.5230472
35003 -0.14691162
35103 0.9971099
35203 1.6571603
35303 2.1774468
35403 2.148188
35504 1.4505777
35604 0.32506514
35704 -1.3342903
35804 -2.4630647
35904 -2.8769088
36004 -2.8986068
36104 -2.4914382
36205 -1.2195003
36305 0.27074623
36405 1.495327
36506 2.7476249
36605 3.3839254
36706 3.341094
36806 2.4825354
36906 1.2473726
37006 -0.5150571
37107 -1.7566638
37206 -2.2777834
37307 -2.413522
37407 -2.1573071
37507 -1.4565568
37607 0.030591488
37707 1.6148338
37807 2.6135702
37907 3.2509956
38007 3.421071
38107 3.0565872
38208 2.2042112
38308 0.63257027
38408 -1.3642209
38508 -2.326971
38609 -2.5875313
38709 -2.350776
38809 -1.6686645
38910 -0.44584894
39009 0.8128791
39109 1.8461547
39209 2.4618025
39309 2.8056974
39410 2.7688227
39510 2.2473783
39610 1.2662582
39710 -0.23474407
39810 -1.8345361
39910 -2.535788
40261 -1.6721396
40361 -0.35863924
40461 1.0594273
40562 2.270028
40662 3.4093704
40762 3.7249794
40862 3.690611
40962 3.1839685
41062 1.9706564
41162 -0.08640003
41263 -2.2230668
41680 -2.7048507
41780 -1.5963714
41880 0.15017605
41980 1.7265863
42081 2.8148613
42414 2.1578965
42515 0.43600607
42615 -1.6380086
42715 -2.5585968
42815 -3.1065884
42915 -3.2089138
43016 -2.875648
43115 -1.9569614
43216 -0.63748884
43316 0.7260289
43416 1.86341
43517 2.4247909
43617 2.5962205
43717 2.3978362
43816 1.66538
43900 0.19472218
44234 -2.8447285
44334 -2.60775
44435 -1.8022966
44534 -0.3963194
44635 1.2507672
45286 -0.5800381
45602 -3.119641
45703 -2.5909643
45804 -1.6474442
45903 0.025300026
46003 1.1833525
46103 2.1087546
46204 3.1717472
46304 3.4232512
46404 3.237671
46738 -1.5873783
46820 -2.5003963
46921 -3.0085301
47021 -2.9962335
47121 -2.4055476
47221 -1.4096932
47321 0.058378696
47656 2.9510956
47756 2.5995002
47856 1.4411516
47956 -0.5099211
48056 -2.1413183
48156 -2.8213828
48256 -2.925611
48357 -2.568375
48457 -1.6409507
48557 -0.20280361
48658 1.1003675
48758 1.9483232
48858 2.5084066
49259 -0.92750263
49359 -2.6955323
49459 -3.0531015
49559 -3.2520177
49659 -2.912794
49760 -1.9298861
49859 -0.47898483
49959 1.1182623
50060 2.2200365
50160 3.0889769
50260 3.3094778
50360 2.8826432
50460 1.5580764
50560 -0.23165512
50661 -2.1383762
50760 -2.677217
50861 -3.0386477
50961 -2.6239884
51061 -2.0382886
51161 -0.7979822
51262 0.7611685
51362 2.1085916
51445 3.2142038
51545 3.8658924
51645 3.9427948
51745 3.3486567
51845 2.036738
51945 0.77136135
52046 -0.92800426
52146 -2.2703183
52246 -2.7552705
52347 -2.7235157
52447 -1.8754015
52780 3.1673365
52881 4.018342
52981 4.2403545
53081 3.9080753
53181 2.491993
53282 1.0169325
53382 -0.8768201
53482 -2.150029
53581 -2.7298245
53682 -2.843334
54083 1.6241393
54183 2.7592115
54283 3.4676933
54383 3.5470057
54483 2.84764
54584 1.7634568
54684 -0.21016502
54784 -2.1939983
54884 -2.9440455
54984 -3.3070786
55084 -2.7467527
55185 -2.1804178
55285 -0.5693779
55385 1.3877134
55485 2.9140425
55585 3.7342205
55685 3.7629642
55785 3.0832462
55885 1.7678537
55985 -0.22238398
56086 -1.9785213
56186 -2.7147286
56286 -2.7545094
56386 -2.487041
56487 -1.7176762
56586 -0.36637974
56687 0.99109745
56787 2.3507462
56887 3.4837275
56987 3.6680613
57087 3.2912283
57188 2.4153795
57287 0.9025531
57388 -1.510231
57488 -3.0454278
57588 -3.784244
57688 -3.5997198
57789 -2.8600373
57889 -1.6038983
57988 0.34090042
58089 2.4845176
58189 3.4740953
58290 3.8910198
58389 3.8385506
58489 3.3520412
58590 1.8615279
58690 0.056134224
58790 -1.7222741
58890 -2.8798747
58990 -3.1592946
59091 -3.2187576
59191 -2.6349533
59291 -1.4875622
59374 0.024818897
59473 1.8437476
59574 3.0939636
59674 3.7063522
59774 3.657877
59874 3.0721035
59975 2.0365105
60075 0.38841486
60175 -1.4672647
60276 -2.257098
60376 -2.3289213
60476 -2.0659785
60576 -1.4654782
60676 0.097187996
60776 1.2855105
60876 2.2446074
60977 2.9102793
61077 3.0521812
61177 2.6641645
61277 1.4677124
61377 -0.047790527
61477 -1.5256817
61578 -2.4091763
61677 -2.845551
61778 -2.7299626
61878 -1.9993262
61978 -0.47833443
62078 1.0458026
62179 2.3087835
62279 3.3330107
62379 3.5869884
62479 3.1446962
62813 -2.398395
62913 -2.9374177
63013 -3.084447
63114 -2.6220584
63213 -1.7332859
63314 -0.09155035
63414 0.98825216
63514 2.910109
63614 3.6973743
63714 3.937232
63815 3.5840816
63914 2.7193007
64015 1.0488467
64115 -0.7912793
64215 -2.282722
64315 -2.9451308
64415 -3.0837736
64516 -2.759437
64616 -1.8960357
64716 -0.7051296
64816 0.9542632
64916 2.247528
65016 2.9458876
65117 3.1017227
65217 2.5408125
65317 1.2367449
65417 -0.27021503
65517 -1.8730025
65617 -2.443304
65718 -2.7019792
65818 -2.5105753
65918 -1.8171926
66018 -0.5748892
66118 0.9123864
66218 2.2303438
66319 3.3294296
66418 3.7559671
66519 3.7725134
66619 3.0495214
66719 1.5683947
66819 -0.05977297
66920 -1.9697688
67020 -3.102356
67119 -3.656007
67220 -3.7031398
67320 -3.1125014
67703 2.068194
67804 3.156186
67904 3.5804272
68004 3.3759594
68105 2.3727674
68205 0.9208803
68305 -1.1950817
68405 -2.7015188
68505 -3.6778753
68605 -3.6878757
68705 -2.9948823
68806 -1.9043536
68906 -0.16471386
69006 1.1830931
69107 2.5955658
69206 3.5786467
69306 3.7833881
69407 3.0443964
69507 1.8557806
69607 0.30488205
69708 -1.614074
69807 -2.8071902
69908 -3.3941438
70007 -3.1572669
70108 -2.3328395
70208 -1.1543362
70308 0.26581478
70408 1.6330886
70508 3.0626202
70608 3.9321728
70709 4.342742
70809 3.8363323
70909 2.7229967
71009 1.2842264
71109 -0.32306767
71209 -1.829762
71310 -2.7900543
71410 -3.0743747
71510 -2.726994
71610 -1.7428539
71711 -0.20290709
71810 1.0274954
71911 2.1669378
72011 2.8514557
72111 3.03119
72211 2.5296698
72312 1.3351297
72411 0.053878307
72511 -1.4594791
72611 -2.3951137
72712 -2.8500104
72812 -2.7054853
72912 -1.6628861
73012 -0.24081612
73112 1.1917644
73212 2.4205084
73312 3.188321
73413 3.5348234
73513 3.511179
73613 2.600276
73714 0.9536872
73814 -0.8305788
73913 -2.1030269
73997 -2.5716765
74097 -2.667871
74197 -2.2158792
74297 -1.188631
74397 0.04725361
74497 1.1380715
74596 2.124208
74698 2.7522292
74798 2.9465132
74899 2.5531783
74999 1.6383896
