4 2.1248703
105 0.8255758
205 -0.64511967
306 -1.7723851
405 -2.3351579
506 -2.2750916
607 -1.4086354
707 0.5656233
807 1.7721329
908 2.445466
1007 2.4596276
1108 1.8024688
1207 0.5540743
1309 -0.9016795
1408 -2.0352259
1509 -2.5787659
1609 -2.5245914
1709 -1.8380246
1809 0.17102242
1909 1.4735212
2010 2.3969932
2111 2.5037932
2211 1.8186936
2311 0.4230342
2412 -0.9676652
2511 -2.1315181
2612 -2.7833161
2711 -2.8781412
2812 -2.193195
2912 -0.14962673
3013 1.3697572
3113 2.0704308
3213 2.162332
3314 1.9763718
3413 0.89615583
3514 -0.4822364
3615 -1.8165121
3715 -2.5617223
3814 -2.5509498
3915 -1.2683613
4016 0.3902893
4116 1.9487686
4216 2.6395264
4316 2.6607232
4416 2.2554703
4516 1.3275084
4617 -0.06082678
4717 -1.4737828
4818 -2.1632562
4918 -2.0579958
5018 -0.61160994
5119 0.7938547
5219 2.1597657
5319 2.9268599
5402 3.1029062
5502 2.5576987
5603 1.503408
5703 -0.0600605
5803 -1.4813857
5904 -2.3799043
6004 -2.3558803
6105 -1.3216527
6204 0.5424266
6304 1.9983435
6405 2.8732352
6505 2.8614135
6606 1.8993964
6706 0.3450265
6806 -1.0651195
6906 -2.1957004
7007 -2.4786308
7107 -1.863452
7207 -0.60291815
7308 0.96000767
7408 2.025321
7508 2.6812315
7609 2.8529067
7709 2.3945837
7809 1.3178282
7909 -0.13556957
8010 -1.4980359
8109 -2.1468453
8210 -2.0896924
8311 -1.1374404
8411 0.7131071
8511 2.0948114
8611 2.9336596
8711 3.0402555
8812 2.7256012
8912 1.5710993
9012 0.1272707
9112 -1.2861705
9213 -1.9836998
9313 -1.8193574
9413 -0.8027458
9513 0.8525076
9614 2.1244192
9714 2.8064165
9814 2.9138436
9915 2.3896065
10014 1.1469579
10115 -0.39602566
10215 -1.5241361
10316 -2.1091259
10416 -1.7061317
10516 -0.2610588
10616 1.4551773
10717 2.2770133
10817 2.7379484
10917 2.7396064
11018 2.1478791
11118 0.96412754
11218 -0.45759296
11318 -1.4992981
11419 -1.844918
11519 -1.3576076
11603 -0.09423447
11702 1.2064095
11803 2.1717896
11904 2.8353295
12003 2.8732138
12104 2.2463675
12203 0.701612
12305 -0.92122126
12405 -2.2369041
12505 -2.596435
12604 -2.0242054
12705 -0.5162811
12805 0.9953542
12906 2.0528193
13007 2.6237898
13107 2.62641
13207 2.094246
13306 0.8569803
13407 -0.39073563
13508 -1.4622922
13607 -1.7345204
13709 -1.0530887
13809 0.4999113
13909 1.9853144
14009 2.8541374
14109 2.9157348
14209 2.0655518
14310 0.5147195
14409 -1.0699799
14510 -2.0642598
14610 -2.325368
14711 -1.3524251
14812 0.21109915
14911 1.6096945
15012 2.5634146
15112 2.7408113
15212 2.2791305
15313 1.2306862
15413 -0.14145517
15513 -1.2222705
15613 -1.9960752
15713 -1.7725978
15814 -0.22263622
15914 1.3263078
16014 2.384893
16114 3.0979004
16215 3.1202059
16315 2.2746973
16416 0.8771081
16515 -0.47681284
16616 -1.2519653
16716 -1.4834411
16816 -1.1044502
16916 0.27279663
17017 1.7080369
17117 2.5595489
17218 2.9455414
17318 2.6817093
17418 1.6638908
17518 0.21325016
17618 -1.1728115
17719 -2.0083725
17818 -2.157551
17902 -1.5577598
18003 -0.2455244
18103 1.2532911
18204 2.284358
18304 2.6965303
18403 2.5129232
18504 1.7584734
18605 0.22662354
18705 -1.1317589
18805 -1.9996619
18905 -2.2726808
19006 -2.0126634
19106 -0.6574397
19206 0.96106434
19307 1.8937707
19407 2.3374205
19507 2.3787642
19607 2.095739
19708 1.2242966
19808 -0.2176404
19908 -1.6278567
20008 -2.3518932
20109 -2.484447
20208 -1.6867385
20309 -0.12829494
20409 1.2655854
20510 2.139646
20610 2.561061
20710 2.5010247
20811 1.6525688
20910 0.3476839
21010 -0.9800458
21111 -1.9445939
21212 -2.1632442
21311 -1.2209125
21412 0.13784885
21512 1.3570533
21612 2.0340157
21713 2.4248123
21812 2.3945684
21914 1.879827
22014 0.6886544
22114 -0.41039371
22214 -1.389401
22314 -1.7768254
22415 -1.6415253
22514 -1.0697627
22615 -0.057282925
22715 1.118186
22816 1.9539084
22915 2.2467675
23016 2.0129151
23117 1.059762
23217 0.05463171
23317 -0.8591409
23417 -1.8318172
23518 -2.2267065
23617 -2.0242515
23718 -1.0665042
23818 0.47241402
23918 1.545826
24019 2.3141007
24102 2.5798898
24203 2.4918556
24303 1.7641745
24403 0.50218344
24504 -0.70070505
24603 -1.6441905
24703 -1.9076703
24804 -1.4695652
24904 -0.24314547
25005 1.2795191
25106 2.0995893
25206 2.5375528
25306 2.4768133
25406 1.8560591
25506 0.61181927
25606 -0.86132765
25706 -1.7741904
25807 -1.8804431
25908 -1.1603324
26008 0.26278734
26108 1.6046433
26208 2.3618898
26308 2.5426192
26409 1.9598846
26509 0.93892765
26609 -0.48389912
26710 -1.5389218
26810 -2.036181
26910 -1.8772502
27010 -0.44313908
27111 0.9338198
27210 2.1494179
27312 2.7543821
27412 2.6781883
27512 1.8913803
27611 0.6657438
27712 -0.656096
27813 -1.5699642
27912 -1.5263305
28012 -0.16169214
28113 1.1995745
28213 2.443942
28314 2.9732347
28414 3.008893
28514 2.448062
28615 1.2156878
28714 -0.15445232
28815 -1.1416416
28915 -1.2421451
29016 -0.41785336
29116 1.0010262
29216 2.3519912
29317 3.3893404
29417 3.5913734
29517 3.2169762
29617 2.1042237
29718 0.7351885
29817 -0.57992315
29918 -1.3706417
30019 -1.5179849
30119 -0.8421197
30218 0.4922409
30318 1.6656966
30402 2.4492073
30502 2.8106651
30604 2.7748284
30703 2.0707216
30804 0.72310543
30904 -0.57089233
31004 -1.2816079
31105 -1.3572476
31205 -0.68914175
31306 0.65554714
31406 2.1440306
31505 2.9313536
31606 3.0508137
31706 2.5599198
31807 1.3832312
31907 -0.050425053
32007 -1.168689
32108 -1.935828
32208 -2.0029132
32308 -1.1209903
32408 0.41247082
32509 1.694581
32609 2.5066986
32709 2.6666007
32809 2.3625917
32910 1.4720559
33010 0.0998888
33110 -0.98807573
33210 -1.7692578
33310 -1.9060335
33411 -1.4995937
33510 0.041862965
33611 1.2792311
33711 2.3949676
33812 2.828042
33911 2.84451
34012 2.1917982
34113 0.79275227
34213 -0.49913263
34313 -1.5488353
34414 -1.8811183
34514 -1.7022984
34614 -0.6049242
34714 0.80676603
34814 2.2382865
34915 3.1939373
35015 3.5086699
35115 3.244339
35215 2.3482146
35316 0.9265752
35416 -0.3638096
35516 -1.4504268
35616 -1.9873016
35716 -2.0426881
35817 -1.941797
35917 -1.1761837
36018 0.5525079
36118 1.8196907
36218 2.5872588
36318 2.6545296
36419 2.1491308
36519 0.9436159
36603 -0.21865463
36702 -1.5021644
36803 -2.130586
36904 -2.0570922
37003 -0.8812728
37104 0.56734705
37204 1.7800841
37305 2.515686
37404 2.7582273
37505 2.631247
37605 1.8708181
37705 0.9115195
37805 -0.50519323
37906 -1.4732742
38006 -1.8027146
38106 -1.5171158
38206 -0.11004543
38307 1.4392471
38408 2.5677886
38508 3.1750908
38608 3.1708813
38708 2.348775
38808 1.1156154
38909 -0.5039029
39009 -1.7988522
39109 -2.0986772
39210 -1.4827068
39310 -0.08172512
39410 1.3279924
39511 2.4141092
39611 2.891326
39710 2.799384
39812 1.7667847
39911 0.66824675
40012 -0.68610716
40111 -1.5169418
40212 -1.5195663
40313 -0.68977165
40412 0.76880455
40513 2.1248407
40613 2.7319627
40713 2.7722878
40814 2.3081298
40914 1.3647556
41014 0.0509367
41114 -1.044131
41214 -1.7436957
41314 -1.9121165
41416 -1.3428655
41516 0.18514442
41616 1.4292107
41717 2.6223388
41816 2.9221153
41917 2.7431664
42016 1.8065658
42117 0.2845645
42218 -1.1044998
42318 -1.8951898
42418 -1.9916444
42518 -1.147618
42619 0.5619173
42719 1.6494727
42802 2.3956184
42902 2.6347504
43003 2.3063025
43103 1.2110553
43203 -0.20844555
43304 -1.542274
43403 -1.902946
43504 -1.3228748
43604 0.1882
43704 1.4188261
43805 2.3140306
43906 2.5133882
44006 2.1463494
44105 1.0227499
44206 -0.29753065
44306 -1.6049976
44407 -2.3508346
44506 -2.3956034
44608 -1.1772189
44708 0.54789305
45276 2.2790174
45376 1.4034667
45476 0.66995525
45577 -0.381217
45676 -1.2791972
45777 -2.261931
45877 -2.797501
45977 -2.5870454
46078 -0.9903064
46178 0.69437456
46279 2.138875
46378 2.9464402
46479 3.1637611
46579 2.545508
46680 1.3139334
46780 -0.17254639
46880 -1.3999608
46980 -1.9218059
47081 -1.7682769
47181 -0.3332281
47281 1.145709
47381 2.381659
47482 3.086031
47583 3.1084738
47666 2.6940851
47765 1.8768454
47865 0.28006124
47966 -1.3278823
48067 -2.1690745
48166 -2.3087676
48267 -1.2828345
48367 0.52605534
48468 1.9140854
48568 2.8307104
48668 3.1025944
48768 2.9373794
48869 1.9466605
48969 0.3282156
49069 -1.3561718
49170 -2.2318187
49270 -2.134825
49370 -1.688829
49470 0.051392555
49571 1.5237708
49671 3.0372305
49771 3.3450384
49872 2.850418
49972 1.5537796
50072 -0.013901234
50172 -1.5903697
50273 -2.4264755
50373 -2.615379
50473 -1.3736706
50573 0.29305458
50673 1.7672386
50773 2.8666525
50874 3.140746
50974 2.721324
51075 1.4042826
51174 0.15165424
51275 -1.0972049
51375 -1.728643
51475 -1.750745
51576 -0.7571726
51676 0.61158085
51777 1.9488382
51876 2.837153
51977 2.9375267
52077 2.574357
52178 1.3772345
52277 -0.36951637
52378 -1.5668385
52479 -2.23089
52578 -2.2495408
52678 -1.1937752
52779 0.40343475
52880 1.7184019
52979 2.6872416
53080 3.0792685
53180 2.7406654
53280 1.7916427
53381 0.20986366
53481 -1.2072206
53582 -1.8936515
53681 -2.0190308
53782 -1.2140393
53865 0.08486271
53966 1.7419252
54066 3.1804428
54167 3.6091785
54267 3.3185873
54366 2.0702972
54467 0.27596235
54568 -1.3175004
54668 -2.2827327
54768 -2.2742116
54867 -1.4090939
54969 0.2279334
55069 1.695468
55168 2.770831
55269 2.7838807
55369 1.5202155
55470 0.07380724
55570 -1.1508956
55671 -1.7121379
55771 -1.7702553
55870 -1.5396819
55971 -0.8072157
56072 0.66442585
56172 2.0027704
56272 2.42237
56371 1.901001
56472 0.69709873
56573 -0.597476
56673 -1.6364586
56774 -1.9213119
56873 -1.6107192
56974 -0.86573935
57073 0.6446204
57174 1.8163514
57274 2.434781
57375 2.3202744
57474 1.5398664
57576 0.2621374
57676 -0.6525459
57776 -1.314935
57875 -1.4745586
57977 -1.4370258
58077 -0.66842604
58177 0.9698849
58277 1.9944129
58377 2.358653
58478 2.3588686
58578 1.7597322
58678 0.021755695
58779 -1.1571865
58879 -1.9757271
58979 -2.1598725
59079 -1.6828189
59179 -0.47087193
59280 0.89628553
59379 1.9107466
59480 2.3802323
59581 2.3917327
59681 1.7471671
59781 0.30285072
59881 -1.0264621
59982 -1.8934515
60082 -2.0915499
60165 -1.924617
60265 -1.2024226
60366 0.3276205
60467 1.6976724
60566 2.3477783
60667 2.421266
60766 1.809217
60868 0.82585764
60968 -0.54448986
61068 -1.6133239
61168 -2.1088908
61269 -2.0100675
61369 -0.5649195
61468 0.9089556
61570 2.1259947
61669 2.5736032
61770 2.3478384
61870 1.5905037
61971 0.56955814
62071 -0.8239765
62171 -1.7083905
62271 -2.0439327
62371 -1.981014
62472 -1.432106
62571 -0.078704834
62673 1.1507025
62773 2.1762109
62873 2.2300406
62973 1.6144357
63073 0.6331878
63174 -0.6557641
63274 -1.5032432
63374 -1.75773
63475 -1.5335937
63574 -0.23117399
63675 1.1146483
63775 2.090529
63876 2.4793572
63975 2.4126306
64076 1.8189559
64176 0.6891165
64277 -0.47292805
64377 -1.619236
64477 -2.2440133
64577 -2.532331
64678 -2.011217
64778 -0.19135761
64879 1.2135348
64979 1.8323364
65079 1.9305067
65178 1.4819207
65279 0.8663559
65380 0.10821438
65480 -1.0518565
65580 -1.6682568
65680 -1.8763213
65780 -1.3961627
65881 0.11278677
65980 1.2395868
66082 1.7762251
66182 1.7901545
66282 1.0525866
66365 0.39804745
66465 -0.97773933
66566 -1.9316981
66667 -2.4367115
66767 -2.1254127
66867 -0.5804367
66967 0.94505596
67068 1.8840857
67168 2.6193657
67267 2.8102202
67368 2.5522652
67468 1.4127035
67569 -0.106181145
67669 -1.07299
67770 -1.6068711
67870 -1.8086338
67970 -1.808455
68070 -1.6026473
68170 -0.24302673
68271 1.4257164
68371 2.2747126
68471 2.4499688
68572 2.0151367
68672 0.8212967
68771 -0.5822015
68872 -1.5632923
68973 -2.1942103
69073 -2.3846364
69173 -2.1358776
69273 -0.63619614
69374 0.7491703
69473 1.8005714
69574 2.197404
69674 2.0938148
69775 1.34517
69875 0.13960314
69975 -0.8144059
70076 -1.7305341
70176 -2.1426105
70276 -2.163051
70376 -1.1036725
70476 0.29727077
70576 1.4145331
70677 2.1120553
70777 2.2328987
70878 1.9970269
70978 1.5287056
71078 0.08919716
71178 -1.0880268
71279 -1.8893433
71379 -2.007413
71480 -1.3330607
71580 0.26736164
71679 1.3197536
71780 2.2431107
71880 2.4724684
71981 2.246376
72082 1.1345148
72181 -0.2233162
72281 -1.4277828
72382 -2.1554072
72482 -2.315215
72581 -2.212008
72665 -1.6174533
72765 0.043999195
72867 1.3322902
72966 2.1019783
73067 2.240921
73167 2.0931587
73266 1.0481801
73367 -0.38220644
73467 -1.4244523
73567 -2.0015903
73667 -2.017072
73769 -0.8959093
73869 0.5432863
73969 1.7771935
74069 2.4222894
74170 2.5950446
74270 2.3541818
74370 1.8207917
74471 0.63380766
74571 -0.75345707
74671 -1.7739937
74771 -2.0379639
74872 -1.732188
74972 -0.4557371
