16 -2.571843
117 -1.3214526
217 -0.116565704
317 0.911448
417 1.8271599
518 2.5919304
618 3.4359455
718 4.0498333
818 4.1574163
918 3.9943027
1019 2.456458
1119 0.74915457
1202 -0.39101887
1302 -1.5182095
1402 -2.2578561
1502 -2.6426992
1602 -2.7323725
1702 -2.4429612
1802 -1.651406
1903 -0.4168768
2003 0.9544034
2104 2.0788612
2204 2.8949594
2304 3.3666134
2404 3.5573807
2504 3.506627
2604 2.7480059
2704 1.1011429
2804 -0.43278217
2905 -1.8352757
3005 -2.6925206
3105 -3.0399747
3205 -3.217084
3306 -3.2311056
3406 -2.8394618
3506 -1.6426423
3606 -0.32999325
3706 0.97543955
3806 2.0624032
3906 2.8617983
4006 3.4569912
4106 3.817397
4207 3.8865852
4307 3.3439312
4407 2.0269446
4507 0.74466085
4607 -0.22364521
4707 -1.0172813
4808 -1.5333354
4908 -1.7037289
5008 -1.661658
5108 -1.4819736
5208 -1.0027738
5309 -0.21461582
5409 0.75045586
5509 1.7652664
5609 2.702506
5709 3.4105663
6026 3.2507744
6126 1.5743208
6227 0.034640312
6327 -1.4708908
6427 -2.7316084
6527 -3.377579
6627 -3.4903965
6727 -3.2009425
6828 -2.3360984
6927 -1.3807728
7028 -0.064394474
7128 1.1845946
7228 2.1775599
7328 3.038515
7428 3.765133
7529 4.2232533
7629 4.218446
7729 3.3031502
7829 1.5126715
7929 -0.31603432
8029 -1.8367152
8130 -2.824512
8230 -3.2269373
8330 -3.261931
8430 -2.6280386
8530 -1.5034721
8847 1.8979578
8947 2.678257
9048 3.2527256
9148 3.576375
9248 3.646534
9348 3.148673
9665 -1.6075623
10684 3.3452759
10784 3.601204
11185 0.7456293
11285 -0.4477725
11384 -1.2336192
11485 -1.5899448
11585 -1.7626166
11685 -1.7508271
11785 -1.3495991
11885 -0.43613005
11986 0.43695116
12086 1.3980222
12186 2.285234
12286 2.9340754
12387 3.3900108
12486 3.530836
12587 3.428607
12687 2.4221764
13019 -1.1655052
13121 -1.7823906
13221 -2.078832
13321 -2.105304
13421 -1.7457478
13521 -1.0308449
13621 -0.15243578
13722 0.6810274
13822 1.6994958
13922 2.4237657
14022 3.0521412
14122 3.5133724
14222 3.6658754
14322 3.5333748
14422 2.7602487
14523 1.3967657
14623 0.04191065
14723 -1.1088986
14823 -1.8509593
14924 -2.1883235
15024 -2.2516854
15124 -1.9983206
15224 -1.1613419
15324 -0.06621456
15424 0.86092854
15741 2.6362906
15842 3.0209398
15942 3.1620045
16042 3.146718
16142 2.847725
16242 1.3279924
16342 -0.17189598
16443 -1.744236
16810 -3.6013494
17328 0.83642673
17427 1.7144613
17527 2.4185524
17627 3.000472
17728 3.3026562
17828 3.3755665
17928 3.2326336
18028 2.2867079
18128 0.33994436
18229 -1.4973311
18329 -2.9647958
18429 -3.679811
18529 -3.9531171
18629 -4.0715723
18963 -2.763328
19063 -1.5570621
19163 -0.19894743
19263 0.8516407
19364 1.62361
19464 2.019783
19564 2.3196945
19664 2.4844408
19764 2.598868
19864 2.6494255
19965 2.1411614
20065 0.16295719
20165 -1.4938328
20265 -2.6886384
20365 -3.092758
20465 -3.18143
20566 -3.1869435
20666 -3.1341321
20766 -2.7976718
20866 -1.9694762
20966 -0.6187005
21066 0.6246681
21167 1.5999045
21484 2.920391
21584 2.9602609
21684 3.0002346
21784 3.076992
21884 3.0769625
21984 1.169579
22085 -0.6098504
22185 -1.9376707
22285 -2.6699443
22385 -3.0058136
22485 -3.074802
22585 -3.0034368
22686 -2.65082
22785 -1.7945671
22886 -0.50942755
22986 0.87711143
23086 1.9332533
23186 2.7389922
23287 3.2068653
23387 3.47682
23487 3.5231018
23587 3.4175453
23687 2.8867874
23787 1.1794004
23887 -0.6610646
23988 -2.3712087
24088 -3.2271042
24188 -3.339989
24506 -2.0576534
24605 -0.9190068
24705 0.28140068
24805 1.3156862
24906 2.0206285
25006 2.5393562
25106 2.8762655
25206 3.0644798
25306 3.0935345
25407 2.885994
25507 1.6436362
25607 -0.19498253
25707 -1.7382209
25807 -2.8422546
25907 -3.3140814
26008 -3.6017327
26108 -3.6636615
26208 -3.4801784
26308 -3.021917
26408 -2.023598
26508 -0.66741467
26608 0.5106683
26709 1.416851
26809 2.0510573
26909 2.5801573
27009 2.8663225
27109 2.9289193
27210 2.6719055
27309 1.1365466
27410 -0.38019466
27510 -1.6256382
27610 -2.6822724
27710 -3.3425765
27810 -3.5373642
27910 -3.6000006
28011 -3.4982069
28111 -2.9624848
28211 -1.7669151
28311 -0.26833582
28411 0.89697933
28511 1.8443398
28611 2.584385
28712 3.0044022
28812 3.205306
28912 3.213911
29012 2.6100426
29112 0.76524496
29212 -0.9725065
29313 -2.5056176
29413 -3.2200952
29513 -3.4858367
29613 -3.492261
29713 -3.3926702
29813 -3.1868815
29914 -2.6100833
30014 -1.2319584
30115 -0.012456417
30214 1.0024328
30314 1.7934289
30414 2.4630532
30514 2.8344088
30615 3.0343113
30715 3.0142088
30815 2.5119224
30915 0.9706559
31016 -0.5472059
31115 -1.7176652
31216 -2.4707105
31316 -2.7493546
31416 -2.825505
31517 -2.7746305
31616 -2.4756649
31716 -1.531285
31817 -0.21854639
31917 1.0008979
32017 1.8646536
32117 2.5636353
32217 2.980184
32318 3.2959146
32417 3.360567
32517 3.3360348
32618 2.871173
32701 1.7121682
32801 -0.03079319
32901 -1.5611892
33001 -2.574758
33101 -3.065106
33201 -3.1388535
33302 -3.1329098
33402 -3.0671103
33502 -2.7961674
33603 -1.5597234
33703 -0.095621586
33803 1.025413
33903 1.861023
34003 2.339405
34103 2.5244126
34204 2.6530166
34304 2.6920676
34403 2.643178
34504 1.7738848
34604 -0.549386
34704 -2.3946068
34805 -3.243279
34904 -3.3828692
35005 -3.162479
35105 -2.9088824
35205 -2.581245
35305 -1.8581092
35406 -0.68126917
35506 0.39244747
35606 1.38729
35706 2.0880218
35806 2.5691352
35906 2.8873534
36006 3.000311
36107 3.0013943
36207 2.8265138
36307 1.7605124
36407 -0.13819695
36507 -1.8634458
36607 -3.3519328
36708 -3.8424623
36807 -3.8575048
36908 -3.4247413
37007 -2.8609872
37108 -1.8214188
37208 -0.820909
37308 0.13179684
37408 0.89893436
37509 1.5784965
37609 2.1227884
37709 2.4386244
37809 2.7986007
37909 2.9393525
38009 2.8685393
38110 2.0732856
38211 0.36295223
38310 -1.1929069
38410 -2.549603
38511 -3.1507916
38610 -3.3688967
38711 -3.3608418
38811 -2.8705494
38911 -1.9153914
39011 -0.6989794
39111 0.39441776
39212 1.2394047
39312 1.859622
39412 2.3770895
39512 2.6175857
39612 2.7365203
39712 2.6708045
39812 1.962729
39913 0.31566525
40012 -1.2988663
40113 -2.776718
40213 -3.4120667
40313 -3.5237064
40413 -3.4380028
40514 -3.0632234
40614 -2.0654445
40714 -0.8671026
40814 0.21005201
40914 1.1436548
41014 1.9471803
41114 2.7701988
41215 3.3763285
41315 3.6181192
41415 3.574503
41515 2.960431
41615 1.4151282
41715 -0.037183285
41815 -1.2792397
41916 -2.4347358
42016 -3.2161164
42116 -3.414618
42216 -3.3202338
42316 -2.751153
42416 -1.7508838
42516 -0.6970358
42617 0.35804272
42717 1.1716146
42817 1.8974371
42918 2.4998207
43017 2.9044518
43118 3.1617184
43217 3.227458
43318 3.1030636
43401 2.5544014
43501 0.93211365
43601 -0.70343447
43701 -1.9156816
43801 -3.0969334
43901 -3.4275553
44002 -3.415869
44102 -3.04141
44203 -2.3001075
44303 -1.2464232
44403 -0.22855282
44503 0.6758852
44603 1.4395247
44703 1.9836006
44803 2.3535194
44904 2.6500144
45004 2.8543053
45104 2.938694
45204 2.6325827
45304 1.1792002
45404 -0.34957123
45504 -1.7503166
45605 -2.747196
45705 -3.1226728
45805 -3.1751974
45905 -2.9290242
46005 -1.9538844
46105 -0.7592559
46206 0.41321945
46305 1.3456502
46406 2.2183008
46506 2.7511086
46606 3.114437
46707 3.2937012
46806 3.3211412
46907 3.096036
47007 1.7946482
47107 -0.2080121
47207 -2.0718033
47307 -3.594355
47407 -3.9753385
47508 -3.9216177
47608 -3.3082845
47707 -2.4583848
47808 -1.3175392
47908 -0.29202557
48008 0.6471243
48109 1.4303627
48208 2.1714187
48309 2.5329833
48409 2.862153
48509 3.1073666
48609 3.124175
48709 2.673781
48810 0.6449709
48910 -0.9448414
49011 -2.300201
49110 -3.0137372
49210 -3.2156982
49310 -3.0146632
49410 -2.2965033
49511 -1.113554
49611 0.07455921
49711 1.2126112
49812 2.2360702
49911 2.788362
50012 3.0747747
50112 3.176443
50212 3.1720695
50312 2.8809485
50412 1.7193618
50512 0.009405136
50612 -1.2266278
50713 -2.0129173
50813 -2.3857217
50913 -2.4732811
51013 -2.1651354
51114 -1.3717294
51213 -0.18899155
51314 0.99270487
51414 2.0110826
51514 2.700179
51614 3.1216269
51714 3.2743778
51814 3.2787066
51915 2.9944673
52015 1.6253347
52115 -0.16842365
52215 -1.6674533
52315 -2.6997523
52415 -3.2150273
52515 -3.1615894
52616 -2.577397
52716 -1.648323
52816 -0.5389533
52916 0.5766115
53016 1.553411
53116 2.3720536
53217 2.9492483
53316 3.1987247
53417 3.2036037
53517 2.5318694
53617 0.949317
53717 -0.5432024
53817 -1.7869632
53918 -2.8530676
54001 -3.2918954
54101 -3.380177
54201 -3.0125062
54301 -2.0538306
54401 -0.89610434
54501 0.39434433
54602 1.3805246
54702 2.2044578
54802 2.6539826
54903 2.9962091
55003 3.180501
55103 3.226347
55203 2.8820992
55303 1.4343061
55403 -0.084139824
55503 -1.3487945
55603 -2.5817494
55704 -3.2699447
55804 -3.3177667
55904 -2.7675624
56004 -1.2087567
56105 0.35640812
56205 1.5403304
56305 2.2066755
56405 2.4824514
56505 2.6603265
56605 2.7662573
56705 2.7915282
56806 2.621221
56906 1.2369695
57006 -0.39352942
57106 -1.8798165
57206 -2.9038248
57306 -3.1824238
57407 -3.137115
57507 -2.743572
57606 -1.7685261
57707 -0.5683794
57807 0.6500888
57907 1.6872511
58007 2.5074515
58108 3.067358
58208 3.3446789
58308 3.4754648
58408 3.470499
58508 2.9478445
58608 1.5731516
58708 -0.22407722
58809 -1.5253224
58909 -2.6831765
59009 -3.2787614
59110 -3.4181585
59209 -3.2199829
59310 -2.4861722
59410 -1.0475883
59510 0.3620081
59610 1.4888635
59710 2.3784952
59810 3.0430346
59910 3.5052843
60010 3.789916
60111 3.7940502
60211 3.4312344
60311 2.0480947
60411 0.28437948
60511 -1.5199745
60611 -3.0315487
60711 -3.584944
60812 -3.4337716
60912 -2.8953936
61012 -1.8037963
61112 -0.6753478
61213 0.5483117
61313 1.5783396
61413 2.4715018
61513 3.0520468
61613 3.4861088
61713 3.6649866
61813 3.6665688
61914 2.855237
62014 1.0316133
62114 -0.6380048
62214 -2.06474
62314 -2.8326442
62414 -2.9972978
62514 -2.7329545
62615 -1.8084972
62715 -0.46845198
62815 0.75404453
62915 1.9708147
63015 2.7359495
63115 3.181593
63216 3.4831276
63316 3.5878096
63416 3.5351324
63516 2.6459565
63617 0.7973108
63716 -0.8021655
63816 -2.0136898
63917 -2.7336621
64017 -3.127504
64117 -3.2154286
64217 -2.8118472
64317 -1.3766594
64417 -0.0022802353
64517 1.1453838
64618 2.081057
64701 2.6731672
64801 3.2099915
64901 3.6267262
65001 3.8284159
65101 3.757905
65201 2.756237
65302 0.9264612
65402 -0.57445955
65502 -1.4829755
65603 -2.5850167
65703 -2.888969
65803 -2.5963302
65903 -1.7100587
66003 -0.43590212
66104 0.8368492
66204 1.942069
66304 2.762146
66404 3.2970686
66504 3.4831076
66604 3.5123844
66704 3.1544323
66804 2.0074205
66904 0.4158187
67005 -1.0330696
67105 -2.2658105
67205 -2.9134853
67305 -3.0848637
67405 -2.8847432
67506 -2.0979304
67606 -0.7956395
67706 0.6252413
67806 1.8247566
67906 2.690393
68006 3.3202343
68106 3.6823387
68207 3.7651844
68307 3.3695374
68408 2.199328
68507 0.6210656
68607 -0.9031539
68708 -2.3225367
68808 -3.055201
68908 -3.37197
69008 -3.2285395
69108 -2.5735126
69208 -1.2707222
69526 2.406146
69626 3.050394
69725 3.4468718
69826 3.658556
69926 3.719263
70026 3.5781927
70126 2.417224
70227 0.5130067
70326 -1.1650829
70427 -2.8023822
70527 -3.2728014
70627 -3.0333965
70727 -2.4107525
70828 -1.2841058
70927 0.19913578
71028 1.6256056
71128 2.5576782
71228 3.2787418
71328 3.6178646
71428 3.8334866
71529 3.6342258
71629 2.760789
71729 1.1760693
71829 -0.39291573
71929 -1.7321243
72029 -2.568181
72129 -2.7601
72230 -2.2726684
72330 -1.0275772
72430 0.4876871
72530 1.7017274
72630 2.7191405
72730 3.3784037
72831 3.5707226
72931 3.6065388
73031 3.4102592
73131 2.3786688
73231 0.7854738
73331 -0.62535
73432 -1.8852844
73531 -2.86123
73632 -3.4515362
73732 -3.151463
73832 -2.481482
73932 -1.0761597
74033 0.50147724
74132 1.4886537
74233 2.2071953
74333 2.6026306
74434 2.846685
74533 2.9462738
74633 2.7425551
74733 1.3951664
74834 -0.5150242
74917 -1.916559
