11 -0.31313276
112 0.36288166
212 0.8332548
312 1.1775112
412 1.2897925
512 1.2350144
613 0.9564972
713 0.32822514
813 -0.32369757
913 -0.8293762
1013 -1.1301932
1114 -1.2891681
1213 -1.3247871
1313 -1.0591309
1413 -0.4317379
1514 0.041897297
1613 0.64348125
1714 1.0683794
1815 1.3691826
1914 1.4303231
2015 1.422389
2114 1.2543116
2215 0.56099796
2315 -0.28516817
2416 -0.9474673
2516 -1.5017896
2616 -1.6943474
2716 -1.6816933
2816 -1.5161064
2916 -1.0921733
3016 -0.5898156
3116 -0.13137007
3217 0.42929173
3317 0.8762498
3418 1.1384459
3518 1.1879702
3617 1.1730075
3717 1.0138407
3800 0.5694723
3900 -0.23232698
4000 -0.994792
4100 -1.4549046
4200 -1.6499457
4300 -1.6551678
4402 -1.5697246
4502 -1.2881484
4603 -0.6751914
4703 -0.13207245
4803 0.37665033
4903 0.80510044
5003 0.988122
5103 1.0416727
5203 1.0067048
5304 0.8152232
5404 0.3234644
5504 -0.43542385
5604 -1.2375827
5704 -1.6579089
5804 -1.8097482
5905 -1.6770432
6005 -1.2139759
6105 -0.4426179
6205 0.23990965
6306 0.9022856
6405 1.2696981
6505 1.3988991
6606 1.4676118
6706 1.4868307
6806 1.441194
6906 1.2017641
7006 0.6749015
7106 -0.010363579
7206 -0.6180649
7307 -0.9806614
7407 -1.1521564
7507 -1.1877353
7607 -1.1306767
7707 -0.6438594
7807 0.064450264
7908 0.65153646
8008 0.9569845
8108 1.1423292
8208 1.1966705
8308 1.1995168
8409 1.1470733
8508 0.7839613
8609 0.09581852
8709 -0.74439526
8809 -1.0604835
8909 -1.2332618
9009 -1.3087292
9109 -1.33885
9210 -1.3192635
9310 -0.9720335
9410 -0.16830349
9510 0.34728718
9611 0.8705416
9710 1.1196303
9811 1.1836233
9912 1.0082617
10012 0.73422146
10112 0.22937965
10212 -0.48570585
10311 -1.1313584
10412 -1.4000287
10512 -1.5003083
10612 -1.4963756
10713 -1.3187604
10813 -0.4381528
10913 0.3428936
11013 0.78967094
11113 1.0207696
11214 1.1418629
11313 1.2130771
11414 1.2046113
11514 1.0958271
11614 0.8926506
11715 0.555758
11815 0.035159588
11914 -0.5699663
12015 -0.89152956
12115 -1.0136349
12214 -1.0169568
12316 -0.86969995
12415 -0.34258795
12516 0.20598698
12616 0.6183348
12716 0.91058636
12816 1.0523157
12916 1.1293402
13016 1.1427565
13117 1.1407547
13217 0.93466425
13317 0.44399166
13417 -0.04722929
13518 -0.41506815
13618 -0.5634999
13717 -0.6149225
13800 -0.6384473
13900 -0.58122826
14000 -0.034589767
14100 0.47314024
14200 0.83192635
14300 1.1372576
14401 1.2103333
14502 1.115799
14603 0.95773935
14703 0.77484894
14803 0.3573079
14903 -0.08632469
15003 -0.4369359
15103 -0.60775137
15203 -0.7040291
15304 -0.71682453
15404 -0.6431055
15504 -0.32819653
15604 0.047295094
15704 0.3356881
15805 0.8266578
15905 1.1704435
16005 1.1850028
16105 1.0094843
16205 0.37915134
16305 -0.36886024
16405 -0.7069812
16505 -1.063132
16605 -1.1762767
16706 -1.2249165
16806 -0.9370775
16907 0.118338585
17006 0.62105894
17106 0.98087597
17206 1.1408587
17307 1.1870165
17406 1.1977177
17507 1.2142076
17607 1.2261171
17708 0.7535138
17807 0.18615627
17908 -0.63253355
18008 -1.170589
18108 -1.4664161
18208 -1.5881805
18308 -1.5726342
18408 -1.177794
18509 -0.11784792
18609 0.6684623
18709 1.1959395
18809 1.7875648
18909 2.067327
19010 2.130937
19110 2.1450615
19210 2.1312265
19310 2.0955782
19411 1.5048623
19511 0.49318027
19611 -0.52100086
19711 -1.0517128
19811 -1.381887
19911 -1.5929809
20012 -1.570322
20112 -1.6200211
20212 -1.6290646
20312 -1.6159568
20412 -0.6147547
20513 0.40439415
20613 1.0682936
20713 1.4234505
20813 1.5013847
20913 1.4965415
21013 1.4090972
21113 0.9309778
21214 0.08979893
21314 -0.72915363
21414 -1.5688674
21514 -2.3946607
21614 -2.8381276
21714 -3.0309994
21815 -3.1147664
21915 -3.0466237
22014 -2.3330398
22115 -1.039381
22215 -0.24374676
22316 0.4638586
22416 0.95365095
22515 1.2742243
22616 1.6963754
22716 1.6866012
22817 1.6072779
22917 1.1780825
23016 0.53565884
23116 -0.12242937
23217 -0.8506403
23317 -1.1989567
23418 -1.3616474
23518 -1.4044468
23617 -1.3776677
23718 -0.86503696
23800 0.1381526
23900 0.7839136
24000 1.004077
24100 1.0783076
24200 1.1410556
24302 1.1928916
24402 1.2066588
24502 1.1476221
24603 0.52248096
24703 0.02283001
24803 -0.79707766
24903 -1.2115898
25003 -1.4735775
25103 -1.5404544
25203 -1.5889008
25304 -1.5678535
25404 -1.2314491
25504 -0.29945183
25604 0.45866537
25704 0.9603543
25805 1.0459847
25905 1.071518
26005 1.11269
26105 1.1707549
26205 1.1672792
26305 0.829339
26406 0.28957844
26506 -0.2480321
26606 -0.89348125
26706 -1.2703481
26806 -1.5652626
26906 -1.6539135
27006 -1.7049813
27106 -1.7201755
27206 -1.6835327
27307 -1.2478721
27407 -0.10271263
27508 0.7278843
27608 1.2307482
27707 1.7595773
27808 1.8876419
27908 1.910459
28009 1.8803778
28108 1.8245277
28208 1.7552748
28309 1.3694715
28408 0.4323058
28509 -0.4677992
28610 -1.1225998
28710 -1.4399619
28809 -1.6966896
28910 -1.7571552
29010 -1.7416317
29110 -1.7100263
29211 -1.0902267
29310 0.43915224
29411 1.1766272
29511 1.4880114
29611 1.5397882
29712 1.5690103
29811 1.5517683
29912 1.2016668
30012 0.45604086
30112 -0.35505104
30212 -0.80035496
30312 -1.2096493
30412 -1.3355706
30512 -1.3685226
30613 -1.3650737
30713 -1.3003056
30813 -0.74709797
30913 0.45982838
31013 1.2866082
31113 1.5691514
31214 1.6443748
31313 1.6664648
31414 1.6733832
31514 1.5582185
31614 0.9994731
31714 -0.24575567
31815 -1.2548618
31915 -1.6763787
32015 -2.245156
32114 -2.3370624
32215 -1.9277
32316 -0.19960737
32416 0.67963886
32516 1.3611412
32616 1.7302561
32716 1.776165
32817 1.7903442
32916 1.7736564
33017 1.4724045
33117 0.5128932
33217 -0.5363941
33318 -1.078352
33417 -1.3390694
33517 -1.4290586
33618 -1.4540317
33718 -1.4423568
33800 -1.2259381
33900 0.6331668
34000 1.1417952
34100 1.612082
34200 1.7887855
34302 1.8192582
34402 1.7899408
34503 1.7470765
34603 1.6591988
34703 1.2499394
34803 0.31952095
34903 -0.3326683
35003 -0.78074646
35103 -1.1452737
35204 -1.3737209
35304 -1.4188092
35404 -1.4101677
35504 -0.98357487
35604 0.50670004
35704 1.351903
35804 1.6739564
35905 1.7995582
36005 1.8204446
36105 1.798604
36205 1.7590256
36305 1.7209396
36405 1.642971
36505 1.2046847
36606 0.27649164
36706 -0.33209324
36806 -0.88416004
36906 -1.2289474
37006 -1.3327401
37106 -1.3298938
37207 -0.76562166
37307 0.60241604
37407 1.2655563
37507 1.6511979
37607 1.6835265
37707 1.6997514
37808 1.7055793
37908 1.7121706
38008 1.7239256
38108 1.7682085
38208 1.3907962
38309 0.6371236
38408 -0.54307365
38510 -1.3997025
38610 -1.9275682
38709 -2.3167393
38810 -2.49536
38910 -4.049517
39010 -3.5546107
39110 -2.6917832
39210 -1.2982769
39311 -0.26295757
39411 0.59951353
39511 1.0339756
39611 1.2256751
39711 1.2091761
39811 1.1472692
39911 0.98234653
40011 0.31662512
40112 -0.757884
40212 -1.8609567
40312 -2.5509768
40412 -2.962739
40513 -3.046225
40613 -3.039477
40712 -2.9711726
40813 -2.5206761
40913 -0.39293766
41013 0.7842183
41113 1.3229032
41213 1.3679228
41314 1.3584328
41414 1.3345857
41514 1.2405171
41615 1.0011907
41715 0.11823559
41814 -0.5734043
41915 -1.4060585
42015 -2.1489062
42115 -2.8043323
42215 -3.016072
42316 -3.156777
42416 -3.15889
42516 -2.9560704
42616 -1.3627312
42716 -0.32058
42817 0.36356163
42917 0.8176508
43016 1.205296
43117 1.2561789
43216 1.2528253
43317 0.92797375
43418 0.31661034
43518 -0.2052083
43618 -0.86547804
43700 -1.4462471
43800 -1.9773345
43900 -2.5156312
44001 -2.7540593
44100 -2.7943516
44200 -2.7824528
44302 -2.3037302
44402 -0.47101498
44503 0.1910696
44603 1.0592556
44703 1.4614577
44803 1.5071287
44903 1.4894476
45003 1.4639444
45104 1.4443502
45204 1.410974
45304 1.1634707
45404 -0.039575577
45504 -0.8637624
45604 -1.5262942
45704 -2.0551076
45805 -2.611871
45905 -2.6631122
46005 -2.3896527
46105 -1.5793662
46205 -0.83892155
46305 -0.26098442
46638 0.33778095
46740 0.30463934
47157 -0.8243551
47257 -0.9599285
47357 -1.0197983
47457 -1.0376256
47557 -1.0060163
47657 -0.7908244
47758 -0.5064478
48075 -0.11856556
48175 -0.094096184
48275 -0.08319378
48376 -0.1163764
48476 -0.20259285
48576 -0.32266617
48676 -0.728168
48776 -1.3426843
48876 -1.588038
48976 -1.6406872
49077 -1.5418906
49177 -1.1828854
49277 -0.46512175
49377 -0.19240475
49477 -0.038315773
49577 0.07415676
49678 0.12071705
49778 -0.1460495
49878 -0.5958543
49978 -1.0792465
50078 -1.4379649
50179 -1.6363518
50278 -1.7636001
50379 -1.9182312
50479 -1.9620366
50579 -1.8542161
50680 -1.5014071
50779 -0.806242
50879 -0.43776464
50980 -0.3072424
51081 -0.23175287
51180 -0.17346478
51281 -0.15819883
51381 -0.16961241
51480 -0.23294926
51581 -0.37045813
51681 -0.9258046
51781 -1.7336617
51882 -2.0787978
51982 -2.1827302
52081 -2.1964
52182 -2.1642003
52282 -2.0664382
52383 -1.7116413
52483 -0.9240198
52582 -0.2650919
52682 -0.108439445
52783 -0.092679024
52883 -0.100707054
52984 -0.13622952
53084 -0.28681993
53184 -0.54598
53284 -1.2980747
53383 -1.5925756
53484 -1.6903133
53584 -1.6930835
53685 -1.6491809
53784 -1.4399555
53884 -0.7651348
53985 -0.40562248
54085 -0.20645094
54185 -0.06365633
54286 -0.122262
54385 -0.36311626
54486 -0.53806925
54586 -0.8425813
54686 -1.4114258
54786 -1.686398
54887 -1.8022029
54986 -1.8189101
55087 -1.422128
55187 -0.6794486
55287 -0.29448843
55387 -0.16505384
55487 -0.1366849
55588 -0.1338749
55688 -0.13444757
55787 -0.25157595
55888 -0.58801603
55989 -1.170475
56089 -1.5967033
56189 -1.925832
56289 -2.0439508
56371 -1.9900386
56471 -1.6698029
56571 -1.1109481
56671 -0.77797365
56771 -0.5591688
56873 -0.44807243
56972 -0.4071703
57074 -0.39844608
57174 -0.4473505
57274 -0.6669283
57374 -0.9406748
57474 -1.2807674
57574 -1.6361289
57675 -1.7725265
57775 -1.7956262
57875 -1.7670853
57975 -1.5487638
58075 -1.068203
58175 -0.86349297
58275 -0.6863947
58376 -0.3865099
58475 -0.28999472
58576 -0.263999
58676 -0.2633257
58776 -0.33848476
58876 -0.5022478
58976 -0.78283167
59077 -1.4279988
59177 -2.0112407
59277 -2.4279494
59377 -2.4292638
59477 -2.082707
59578 -1.1358471
59678 -0.48833895
59778 0.106552124
59878 0.3201971
59978 0.35472012
60078 0.34621143
60178 0.2658081
60278 -0.043317318
60379 -0.5834708
60479 -1.4470658
60579 -1.8393171
60679 -1.9472153
60779 -1.9069347
60880 -1.4763553
60979 -0.7318144
61080 0.16413403
61180 0.95389366
61281 1.2100315
61381 1.1414814
61480 0.9551091
61581 0.3600483
61681 -0.22942638
61781 -0.62118673
61881 -0.8836708
61982 -1.3755157
62082 -1.4936268
62182 -1.4596992
62282 -1.3664155
62382 -1.2440395
62482 -0.82973814
62583 -0.15981483
62683 0.23101711
62783 0.32118702
62883 0.32398415
62984 0.27478838
63084 -0.025818825
63184 -0.48167562
63284 -0.9989567
63384 -1.3037257
63485 -1.4231954
63585 -1.500016
63684 -1.5467324
63785 -1.5393367
63885 -1.3572345
63985 -0.88536835
64085 -0.38115788
64186 0.18089819
64286 0.49311972
64385 0.5487852
64486 0.5013933
64586 0.30127
64686 -0.22136974
64786 -0.5833254
64886 -0.84110165
64987 -1.0810707
65087 -1.3807933
65187 -1.4696426
65287 -1.374635
65387 -1.1320515
65488 -0.92070436
65587 -0.5656247
65688 -0.12526226
65788 0.12461996
65888 0.19722748
65989 0.23119593
66088 0.16912699
66188 -0.29522038
66271 -0.91068554
66371 -1.7591813
66471 -2.2982492
66571 -2.3970473
66671 -2.0726802
66771 -1.3664932
66873 -0.5847864
66973 -0.15270138
67073 0.27521753
67174 0.42922735
67274 0.4587574
67374 0.37459898
67474 -0.081967354
67574 -0.7417784
67675 -1.3991501
67775 -1.761425
67875 -1.8522973
67975 -1.7469113
68075 -1.1179192
68175 -0.485579
68276 -0.0047125816
68376 0.3559866
68476 0.634881
68576 0.7061353
68676 0.5298395
68776 -0.3073392
68876 -0.95678425
68977 -1.4628487
69077 -1.9593911
69177 -2.1890285
69277 -2.1228347
69377 -1.9618399
69477 -1.3871224
69577 -1.0169029
69678 -0.7641783
69778 -0.13283157
69878 0.50697994
69978 0.74187994
70078 0.56844616
70178 0.09526539
70278 -0.43996048
70378 -1.3353362
70479 -2.242678
70580 -2.5465727
70680 -2.5389829
70779 -2.4411912
70880 -1.8801959
70979 -0.8340826
71297 1.0986338
71397 1.2704153
71497 1.1653891
71598 0.7335534
71697 -0.11706114
71798 -0.79343176
71897 -1.5996113
71998 -2.0263672
72099 -2.101336
72199 -2.0256662
72299 -1.8334637
72399 -1.1451046
72499 -0.33506203
72600 0.3422079
72699 1.1692429
72800 1.2641668
72900 1.1696043
73000 0.54259396
73100 -0.14469242
73201 -0.82089233
73301 -1.4733062
73401 -1.7777138
73500 -1.8096321
73601 -1.6394811
73701 -1.1590309
73801 -0.4775381
73901 0.19388962
74001 1.3635206
74102 1.8108201
74201 1.8604746
74302 1.6871195
74403 1.3982859
74502 0.29435635
74603 -0.8239684
74703 -1.6224461
74802 -1.8056424
74903 -1.8442249
75003 -1.6309402
