26 -3.4421666
126 -3.2275524
226 -2.9517407
326 -2.0644486
427 -0.60514784
527 0.53957605
627 1.6400299
727 2.5514235
827 3.2637224
927 3.5720596
1029 3.5934477
1127 3.2965155
1228 2.2562652
1328 0.95709705
1428 -0.42788744
1528 -1.385097
1628 -2.4757152
1729 -2.8202944
1829 -3.0203028
1931 -2.9320557
2029 -2.7728238
2131 -2.3014774
2229 -1.2475762
2330 0.3074484
2430 1.5477471
2530 2.4878793
2630 3.0357075
2731 3.1718616
2831 3.0718632
2931 2.4676733
3032 1.2355032
3130 -0.021337032
3231 -1.3011653
3331 -2.4167247
3432 -3.4242406
3532 -3.5942478
3632 -3.4479742
3733 -3.2696328
3833 -2.4851127
3932 -0.99093056
4033 0.27488947
4133 1.4404693
4232 2.453837
4333 3.2429733
4433 3.2716255
4533 3.1531248
4633 2.5575075
4734 1.454627
4833 0.14263153
4934 -0.87105036
5035 -1.7401338
5135 -2.4790752
5235 -2.5546057
5335 -2.5817404
5435 -2.6710024
5535 -2.6461997
5636 -2.2724452
5735 -0.9977317
5836 0.16633558
5938 1.1274424
6037 1.9851046
6136 2.5414762
6236 2.8473434
6337 2.9757729
6437 2.7831254
6536 2.330287
6637 1.2694559
6737 0.27632427
6837 -0.83214045
6937 -1.7404475
7039 -2.585258
7138 -2.7867143
7239 -2.8914337
7338 -2.8921661
7438 -2.768841
7538 -2.12223
7638 -0.68643713
7739 0.58591366
7839 1.4708776
7923 2.1530113
8023 2.6133819
8124 2.8483658
8223 2.785657
8323 2.4260507
8423 1.723568
8540 0.57400084
8623 -0.41735554
8741 -1.5851204
8825 -2.3668647
8924 -2.7060866
9026 -2.9789648
9125 -3.226632
9225 -3.2405038
9324 -3.1593244
9425 -2.8096905
9525 -1.2898898
9625 -0.19089603
9725 0.6942334
9825 1.284472
9927 1.9766836
10025 2.3545618
10127 2.4314752
10226 2.332385
10327 2.0226455
10427 1.3261843
10527 0.38649368
10627 -0.7615862
10727 -1.6349559
10828 -2.5942786
10927 -2.7606552
11029 -2.9980698
11127 -3.2134228
11228 -3.0651517
11328 -2.5788996
11428 -1.7939873
11529 -0.6500325
11629 0.40545464
11729 1.3056059
11829 2.1132073
11930 2.7049189
12029 2.998931
12129 3.18075
12230 3.1268406
12329 2.810492
12430 1.9089861
12529 0.76051617
12629 -0.5145726
12730 -1.6188152
12832 -2.4765553
12930 -2.7083068
13031 -3.388256
13131 -3.4652536
13232 -3.4586055
13331 -3.2208123
13431 -2.679666
13531 -1.5133469
13632 -0.5842886
13734 0.4625616
13831 1.2567573
13933 2.010085
14032 2.54115
14132 2.7779083
14232 2.7990441
14332 2.4683037
14433 1.7071023
14533 0.9173126
14633 -0.13649082
14734 -1.1952412
14833 -2.1035645
14934 -2.4485984
15035 -2.8088825
15134 -2.8763766
15235 -2.9012384
15335 -2.8668692
15435 -2.5970204
15535 -1.9214408
15634 -0.51227474
15735 0.6994653
15835 1.6291366
15935 2.6650705
16035 3.4817047
16136 3.9239407
16236 3.989025
16336 3.7815914
16436 3.1379833
16536 2.0666456
16636 0.7820902
16736 -0.25662756
16836 -1.56669
16937 -2.477318
17039 -2.7546866
17138 -3.4896522
17238 -3.4846935
17337 -3.3511481
17438 -2.9889164
17538 -2.0233622
17638 -0.6965318
17741 0.7242403
17838 2.0627012
17939 3.2796602
18038 4.180849
18139 4.5564547
18239 4.6572924
18340 4.4778185
18439 3.8219957
18540 3.0228548
18640 1.8798866
18740 0.59521866
18841 -0.71175385
18940 -1.8001213
19041 -2.6733212
19258 -3.122662
19358 -3.0736709
19459 -2.9498565
19558 -2.5556798
19658 -1.3464074
19759 0.086325645
19858 1.4340363
19960 2.8036623
20059 3.7750597
20160 4.4553394
20260 4.5906334
20360 4.546056
20460 4.1793175
20560 3.506606
20659 2.518794
20760 1.4986243
20861 0.34877872
20961 -0.84621525
21060 -2.0582948
21161 -2.8028011
21261 -3.233117
21361 -3.4868379
21462 -3.2283568
21561 -2.9889197
21662 -2.537041
21761 -1.6607583
21863 -0.50060177
21962 0.7590866
22063 1.9282355
22163 2.9048972
22263 3.6537704
22363 4.1901875
22464 4.407831
22563 4.3705244
22663 4.0644016
22764 3.4357576
22863 2.4616036
22965 1.4996023
23065 0.5115752
23165 -0.7013283
23264 -1.8860345
23365 -2.620048
23464 -3.0372932
23565 -3.1888032
23665 -3.0747113
23765 -2.701119
23865 -2.4252546
23967 -1.7896018
24066 -0.6300845
24166 0.31048107
24266 1.2483702
24367 2.1698608
24466 3.0664825
24566 3.6737728
24666 4.2213917
24766 4.404711
24866 4.361762
24967 4.059963
25068 3.4967775
25167 2.4490838
25269 1.4185472
25368 0.4246254
25468 -0.2884245
25568 -1.0052094
25668 -1.5888386
25768 -2.0203812
25869 -2.2529292
25970 -2.3816555
26069 -2.404746
26170 -2.372514
26253 -2.2682848
26353 -1.9775665
26453 -1.0220516
26570 0.34209538
26653 1.3962107
26770 2.5284948
26854 3.15526
26954 3.6351347
27055 3.8490734
27153 3.911747
27255 3.9182053
27355 3.771243
27454 3.4326973
27554 2.2560515
27655 0.8916311
27757 -0.245718
27855 -1.3266406
27957 -2.2865639
28055 -2.6767857
28155 -2.7536883
28256 -2.8141122
28357 -2.7441144
28457 -2.3588789
28556 -1.7837486
28659 -0.1633563
28757 0.95889854
28856 2.0450249
28957 2.9130225
29058 3.497548
29157 3.8009233
29258 4.007537
29357 3.9828396
29457 3.8752737
29559 3.5353718
29658 2.93041
29758 1.9799004
29858 1.0562196
29958 -0.12550926
30059 -1.1454258
30159 -2.0810058
30260 -2.5104
30360 -2.4862516
30459 -2.2261214
30559 -1.7976997
30660 -0.83496475
30760 0.24155426
30861 1.3071909
30960 2.2598963
31060 3.1922064
31160 3.7196445
31261 3.7470942
31361 3.320653
31461 2.8355613
31561 2.2424073
31662 1.6436944
31761 0.9441638
31862 0.24018383
31962 -0.48382378
32063 -1.2421463
32163 -1.5884292
32262 -1.943959
32363 -2.311698
32463 -2.4460232
32563 -2.3594918
32662 -1.7767403
32763 -1.0000126
32865 -0.0021395683
32964 0.8967633
33064 1.7133484
33164 2.5422525
33264 3.1601028
33364 3.6881762
33465 3.8268385
33564 3.8376656
33664 3.8086996
33766 3.5028
33864 2.959536
33967 2.4526854
34066 1.8387475
34166 1.2739325
34266 0.61474085
34366 -0.0077676773
34466 -0.6777878
34566 -1.2882278
34667 -1.7434845
34766 -1.9903936
34867 -2.0861065
34966 -2.1093593
35068 -2.1138911
35167 -2.1148667
35267 -2.1163452
35368 -2.111845
35468 -1.8734746
35567 -0.76019764
35668 0.2584405
35768 1.1781263
35869 1.907186
35970 2.5709114
36069 3.0045233
36169 3.2027264
36253 3.2624664
36369 3.2696629
36470 3.2481632
36569 3.1024094
36669 2.4861093
36769 1.4151716
36855 0.3920684
36971 -0.9107733
37055 -1.6854484
37154 -2.3180332
37254 -2.518949
37354 -2.5348873
37471 -2.450585
37554 -2.2725592
37671 -1.9968009
37755 -0.99953556
37855 0.029836178
37956 0.9960928
38056 1.8350439
38156 2.4619684
38255 2.9769988
38356 3.236597
38457 3.35106
38556 3.3766155
38657 3.369749
38756 3.2841911
38858 2.8736181
38957 2.0827093
39058 1.0760698
39157 -0.0027160645
39258 -1.1675487
39357 -1.9391172
39458 -2.4823918
39560 -2.6845665
39658 -2.6306758
39759 -3.0033498
39859 -3.5193405
39959 -3.459286
40059 -3.1709151
40159 -2.6531937
40259 -2.1692996
40359 -0.01656437
40459 0.7236271
40560 1.3844318
40661 2.1091423
40759 2.457119
40860 2.621644
40960 2.6307745
41060 2.5803938
41161 2.4194946
41261 2.074881
41361 1.5374589
41461 1.0639172
41561 0.62773085
41662 0.28710032
41761 0.05212879
41862 -0.24986935
41962 -0.7231808
42063 -1.3720536
42162 -1.7622981
42263 -1.9984691
42362 -2.125626
42463 -2.1471262
42563 -2.1205552
42663 -2.079905
42763 -2.0768092
42863 -1.9974494
42964 -0.9628558
43064 0.08791304
43164 1.0640197
43264 1.8491454
43364 2.4907851
43464 2.8090615
43564 2.9499207
43665 2.9702277
43765 2.91611
43865 2.6695976
43965 1.7935243
44065 0.65255356
44165 -0.25994444
44266 -1.2757797
44366 -1.8392098
44466 -2.2910886
44566 -2.319037
44668 -2.1808736
44767 -1.7109904
44867 -0.65633106
44968 0.5195551
45067 1.4944105
45167 2.390895
45267 2.9489694
45367 3.1888676
45468 3.209015
45567 3.0094318
45668 2.6350465
45769 2.0637908
45869 1.6135802
45969 1.4883184
46069 1.3909078
46169 0.8699703
46269 -0.82228184
46369 -1.9075997
46586 -2.2151227
46686 -0.913754
46786 0.5910511
46886 1.8947563
46986 3.0240536
47088 3.813568
47187 4.049635
47288 3.9865055
47388 3.4885254
47487 2.4013672
47588 1.1531553
47688 0.21536303
47788 -0.4854126
47888 -0.729887
47990 -0.7323861
48088 -0.3911147
48189 0.6302147
48289 1.6766081
48389 2.6589112
48490 3.4710407
48590 3.8871021
48690 4.0806866
48790 4.0625362
48891 3.7114763
48990 2.4930143
49090 1.057447
49191 -0.27639294
49291 -1.5616882
49391 -2.6056511
49491 -3.1241565
49591 -3.3165803
49691 -3.3379536
49791 -3.2929015
49891 -2.4715762
49992 -1.2828584
50092 -0.09772396
50192 0.9644842
50292 1.7707381
50393 2.4021597
50493 2.8590455
50593 3.0168028
50693 2.9598908
50793 2.4705286
50894 1.511908
50993 0.7141199
51094 -0.26217556
51193 -1.0334518
51294 -1.7082534
51394 -2.1108935
51495 -2.2604518
51594 -2.277184
51695 -2.158586
51794 -1.7395275
51895 -1.0126348
51996 0.02220583
52095 0.78896093
52196 1.5222793
52295 2.0424438
52396 2.356429
52495 2.5067797
52596 2.508059
52696 2.368904
52797 1.9959555
52897 1.0847254
52996 0.20225
53097 -0.80868244
53197 -1.682019
53297 -2.4658966
53382 -2.944892
53497 -3.3041105
53597 -3.4635873
53697 -3.476995
53782 -3.3523524
53882 -2.9906611
53983 -1.8520727
54082 -0.7763705
54183 0.36323977
54282 1.3753042
54382 1.9502325
54483 2.5732145
54599 2.9838653
54683 3.0971308
54783 3.0840979
54884 2.919259
54984 2.3269868
55084 1.4021807
55183 0.46722507
55284 -0.58100224
55384 -1.4411728
55484 -2.1133387
55584 -2.737154
55684 -2.959083
55785 -3.070747
55885 -3.0657582
55986 -2.9254107
56085 -2.3045058
56186 -1.2739346
56286 -0.19434118
56387 0.7532692
56485 1.7110696
56588 2.407566
56687 2.8716726
56786 3.2620573
56887 3.386444
56987 3.3715372
57087 3.0945053
57187 2.43014
57405 0.29052496
57505 -0.6972332
57604 -1.590023
57705 -2.262423
57805 -2.8766654
57905 -3.137948
58006 -3.3082914
58105 -3.3034925
58206 -3.1902807
58306 -2.6680274
58406 -1.4670391
58506 -0.28738976
58607 0.7205539
58840 2.5471182
58939 3.030427
59040 3.291728
59125 3.3695412
59224 3.3698406
59324 3.237217
59557 1.8511443
59657 0.83474493
59758 -0.26780653
59842 -1.0247264
59959 -1.9514391
60058 -2.5558438
60142 -2.9813418
60242 -3.16948
60342 -3.1699042
60443 -3.1047716
60542 -2.972973
60643 -2.2841527
60743 -1.3066845
60843 -0.31832314
60943 0.6895914
61044 1.543283
61143 2.2988367
61243 2.903904
61345 3.3862667
61443 3.5803137
61545 3.5235634
61644 3.2633286
61745 2.6872215
61845 1.7579637
61945 0.90369415
62045 -0.1583476
62145 -1.1635242
62247 -2.1420321
62345 -2.9018984
62446 -3.2479784
62546 -3.300707
62647 -3.2360778
62746 -3.051434
62847 -2.422482
62947 -1.4203618
63046 -0.27709007
63146 0.9977298
63246 1.9683099
63348 2.801477
63447 3.4047747
63548 3.7844038
63648 3.872117
63748 3.7710152
63848 3.4130726
63948 2.7915635
64048 1.7720184
64149 0.7352185
64249 -0.46500444
64348 -1.3762658
64450 -2.312485
64548 -2.9224958
64650 -3.4688857
64750 -3.5303535
64849 -3.496925
64950 -3.3826952
65050 -2.925184
65151 -1.8900616
65250 -0.8161664
65350 0.35773182
65451 1.4138937
65551 2.1332054
65651 2.7177758
65751 3.094634
65851 3.3952932
65952 3.5114517
66051 3.5013943
66152 3.3082561
66252 2.805925
66352 2.0661478
66453 1.0266466
66552 0.11306858
66652 -0.90566254
66753 -1.7431426
66853 -2.3117151
66953 -2.68886
67053 -2.8367088
67155 -2.8788412
67253 -2.8763905
67354 -2.8067534
67454 -2.5219867
67554 -1.6065345
67654 -0.3967824
67755 0.7346411
67855 1.7673426
67955 2.4637136
68055 2.9888825
68155 3.3991308
68257 3.6457539
68355 3.671794
68456 3.42807
68556 2.7153955
68656 1.5541143
68755 0.5487747
68856 -0.6103592
68956 -1.5366883
69056 -2.4755452
69158 -3.017707
69256 -3.3441606
69358 -3.4455938
69458 -3.3266902
69558 -2.9476268
69658 -1.8467727
69757 -0.6486459
69858 0.6095433
69958 1.7038879
70059 2.7933593
70159 3.6330128
70260 4.2151375
70359 4.383566
70444 4.383688
70559 4.1542273
70659 3.6616697
70743 2.645855
70959 0.19325686
71060 -0.84258556
71160 -1.7943757
71260 -2.5012448
71360 -2.88709
71460 -3.022182
71561 -3.0059524
71661 -2.860217
71761 -2.1010187
71862 -1.2624805
71961 -0.30979443
72062 0.78205013
72161 1.7361145
72263 2.5666184
72362 3.1784315
72463 3.6302567
72562 3.8897362
72663 3.9702206
72763 3.908084
72863 3.509719
72963 2.5081687
73064 1.3783336
73165 0.34296513
73264 -0.6475735
73364 -1.4732151
73464 -2.0918422
73564 -2.5740302
73664 -2.6871312
73764 -2.6993017
73865 -2.6615767
73965 -2.4404626
74065 -1.7025192
74164 -0.9296355
74268 0.6199117
74366 1.6751304
74467 2.4722304
74585 3.1482792
74666 3.666129
74766 3.9039326
74866 4.0168037
74966 3.9757023
