4 0.0
106 0.0
206 -0.59525824
306 -1.6960568
2512 0.32142735
2595 1.3392048
2696 2.5220137
2796 3.1435947
2896 3.3988695
2997 3.1544914
3097 2.4189782
3196 0.7876291
3296 -0.22470951
3398 -1.3470969
3498 -2.1589587
3598 -2.7906275
3698 -2.9082904
3799 -2.6768312
3899 -1.6996417
3999 -0.6484771
4100 0.56967735
4200 1.7189155
4300 2.3082643
4399 2.912921
4501 3.2396603
4600 3.2818708
4701 2.98837
4801 1.8808775
4902 0.53593636
5002 -0.39806175
5102 -1.3141925
5202 -2.4023364
5302 -2.81428
5402 -3.2616355
5503 -3.2832935
5603 -2.6294894
5703 -1.6741912
5804 -0.5554533
5904 0.9347677
6004 1.9379258
6105 2.6994066
6204 3.0605593
6305 3.1793013
6405 3.1515102
6506 2.7128396
6606 1.63342
6706 0.7578149
6806 -0.18940163
6906 -1.2009456
7007 -2.0998425
7107 -3.224564
7207 -3.6322289
7308 -3.695133
7408 -3.4441333
7508 -2.7422247
7609 -1.155241
7709 0.03148508
7808 1.2241659
7910 2.2326021
8010 2.763083
8110 3.3887043
8210 3.427374
8310 3.208889
8411 2.5811248
8510 1.7085433
8595 0.89927673
8694 -0.4279647
8795 -1.6201744
8896 -2.7995448
8996 -3.3935428
9096 -3.5531213
9195 -3.3650098
9297 -2.8029723
9396 -1.9143777
9497 -0.98092556
9596 0.11964083
9698 1.2554245
9798 2.0552359
9897 2.6570182
9999 2.86666
10098 2.8973403
10199 2.6316376
10298 1.8404169
10400 0.8199072
10500 -0.4674368
10600 -1.3852546
10700 -2.142073
10801 -2.943378
10901 -3.4807487
11000 -3.4380565
11102 -3.08369
11202 -2.1608808
11302 -1.1982319
11403 -0.1837492
11502 0.89151907
11603 1.8574448
11703 2.7739
11804 3.1143818
11904 3.1474533
12004 3.0100145
12104 2.2903872
12204 1.6586275
12304 0.80806065
12404 -0.2380848
12504 -1.2648063
12605 -2.3329675
12705 -2.8317297
12806 -2.8440423
12906 -2.7223642
13006 -2.491213
13107 -1.8189716
13207 -0.42968702
13307 0.6384063
13407 1.7021651
13507 2.5272331
13607 2.906324
13708 3.039424
13808 3.0780373
13909 2.9501657
14009 2.2492151
14109 1.2258863
14210 0.026652813
14311 -1.0949101
14411 -2.1209426
14510 -2.8283525
14611 -2.9629183
14727 -3.418129
14828 -3.1403193
14928 -2.4612007
15029 -1.4111207
15128 -0.3443432
15229 0.9883852
15329 1.8394241
15430 2.5481863
15546 2.9744248
15647 3.0859337
15747 3.0779285
15847 2.967307
15964 2.3857203
16064 1.5028558
16165 0.38840914
16265 -0.39202785
16366 -1.0817509
16466 -1.9712358
16566 -2.614489
16666 -2.8421934
16766 -2.9837592
16867 -2.9820597
16983 -2.7200208
17067 -1.8377495
17201 -0.1030159
17302 0.86871386
17401 1.7448249
17502 2.4627304
17602 2.9764414
17702 3.1497793
17802 3.1814346
17903 3.149622
18003 3.0662956
18104 2.6672273
18204 1.4842811
18304 0.087064266
18405 -0.77317715
18505 -1.8915486
18605 -2.708303
18704 -3.023215
18805 -3.122142
18906 -3.1095521
19006 -2.9854481
19106 -2.0414343
19189 -0.6899023
19289 0.48865986
19391 1.7181168
19490 2.3705282
19591 2.8196526
19691 3.033762
19791 3.060814
19892 3.0522938
19992 2.842804
20091 1.8018599
20192 0.68525076
20293 -0.5714326
20392 -1.5463989
20493 -2.315448
20593 -2.6547208
20694 -2.8785226
20794 -2.8287015
20894 -2.4882424
20995 -0.882648
21095 0.31932354
21195 1.4090805
21295 1.8863211
21395 2.376419
21496 2.6827826
21596 2.7901993
21696 2.7528853
21796 2.5146728
21897 1.8416548
21997 0.88033676
22098 -0.2579136
22197 -1.2156131
22298 -1.9693532
22398 -2.4417315
22498 -2.700686
22599 -2.8199525
22698 -2.7034945
22799 -2.5786715
22899 -2.2244802
23000 -0.91612244
23100 0.4293623
23200 1.4798646
23301 2.3503594
23401 2.7979522
23500 3.112585
23602 3.2102976
23702 3.2185373
23802 3.108656
23902 2.5513945
24002 1.0997038
24102 -0.10364723
24203 -1.1541495
24303 -2.0889306
24403 -2.7700224
24504 -2.6298175
24604 -2.5461416
24705 -1.8350039
24805 -0.5258646
24905 0.83598566
25005 1.7143722
25106 2.1425996
25206 2.290709
25305 2.349574
25389 2.3500185
25490 2.213935
25589 1.0788703
25689 -0.41085148
25791 -1.7968948
25891 -2.7831168
25991 -3.2999828
26091 -3.3244543
26192 -3.2735054
26292 -2.7301002
26391 -1.8126392
26493 0.029261589
26592 1.7372146
26693 2.8554254
26792 3.4092846
26894 3.4508915
26994 3.4513178
27093 3.4142323
27194 3.351698
27294 3.1390667
27395 1.4555244
27494 -0.24217987
27595 -1.5268402
27696 -2.6404014
27796 -3.1246624
27897 -3.2641654
27996 -3.174581
28097 -2.940557
28196 -1.9339547
28297 -0.37641907
28397 1.1046991
28498 1.9859452
28598 2.7232246
28698 2.968235
28799 3.0541
28899 3.0881567
28999 3.0955896
29100 3.044304
29200 2.5198236
29299 0.9905195
29400 -0.40571594
29501 -1.7847106
29600 -2.5429559
29700 -3.1529064
29801 -3.0791872
29902 -2.5543952
30002 -0.915061
30102 0.503747
30203 1.6005621
30303 2.3223405
30403 2.5468874
30502 2.625145
30604 2.6119547
30703 2.520732
30804 1.8473344
30905 0.5315633
31004 -0.9440007
31105 -2.4352338
31205 -3.2395911
31306 -3.5768406
31406 -3.6377354
31506 -3.6017947
31606 -3.432338
31689 -3.1954622
31789 -1.9680679
31889 -0.52889967
31990 0.9741082
32091 1.8601174
32191 2.3504324
32292 2.6187081
32392 2.6818862
32491 2.6608062
32591 2.4417124
32692 1.8644242
32793 0.6206851
32893 -0.5622597
32993 -2.059119
33094 -2.8073962
33194 -3.4412901
33294 -3.3792963
33394 -3.1027465
33495 -2.766921
33595 -2.4172037
33694 -1.0940163
33796 0.3060584
33896 1.6441293
33996 2.5655146
34096 3.0145397
34196 3.1088448
34297 3.1082659
34396 2.9790392
34497 2.3299613
34597 1.2770333
34698 -0.026385307
34798 -1.1677463
34898 -2.3030162
34998 -2.8707309
35098 -3.1413887
35199 -2.9671597
35299 -2.678104
35400 -1.4803131
35517 0.22288752
35600 1.1894765
35716 2.1723695
35817 2.457399
35918 2.5409913
36018 2.5533934
36119 2.5249777
36219 2.162387
36318 1.4084535
36418 0.03922224
36536 -1.3782132
36636 -2.5817661
36736 -3.3780582
36836 -3.8853717
36954 -3.9646173
37038 -3.8102067
37154 -3.4177186
37255 -1.5570006
37355 0.30834103
37455 1.7501211
37555 2.2139778
37655 2.5017838
37772 2.482463
37855 2.1384826
37973 1.5203261
38074 0.52801895
38174 -0.7867298
38274 -1.9944489
38375 -2.7125316
38475 -3.0885293
38575 -3.1767
38675 -2.9610784
38791 -2.6455774
38891 -2.0326293
38992 -0.5864334
39092 0.9588442
39193 2.1641731
39294 2.6727152
39394 2.8310332
39494 2.8259153
39594 2.7281685
39694 2.570562
39795 1.8127122
39895 0.6104212
39995 -0.4031453
40095 -1.9067743
40196 -3.0226412
40296 -3.6602712
40396 -3.806844
40497 -3.6677675
40597 -3.1610596
40696 -2.1783319
40797 -0.567863
40898 0.7039833
40998 2.0593414
41098 2.3879418
41199 2.748829
41299 2.998941
41399 2.9910789
41499 2.7634935
41600 2.073172
41700 0.8712473
41800 -0.2349329
41901 -1.2783673
42001 -2.121942
42101 -2.7746265
42200 -3.0233073
42301 -2.9251332
42401 -2.570558
42502 -1.9415555
42602 -1.1510212
42702 -0.2705574
42802 0.80679226
42902 1.7801056
43004 2.6179414
43103 2.863369
43204 2.837194
43304 2.6973138
43404 2.4182143
43504 1.6080766
43604 0.50469637
43704 -0.7534766
43806 -1.9961438
43906 -2.855099
44006 -3.4829803
44106 -3.5876293
44206 -3.3365912
44307 -2.9727702
44407 -2.2802136
44508 -1.7485156
44608 -0.2869134
44707 0.8419566
44808 1.7424545
44909 2.166381
45009 2.4865913
45109 2.513442
45208 2.5023308
45292 2.285173
45392 1.326189
45494 0.5231962
45594 -0.5110898
45694 -1.6572285
45794 -2.6182299
45894 -3.1468885
45995 -3.5065794
46094 -3.3220153
46195 -2.6593204
46296 -1.7773719
46396 -0.7499628
46496 0.40057802
46596 1.4032135
46697 2.3249025
46797 2.6771126
46897 2.741342
46997 2.589223
47098 2.0314856
47197 0.87863827
47298 -0.3484006
47399 -1.5574963
47499 -2.7681532
47599 -3.4917066
47698 -3.5068626
47799 -3.2076886
47899 -2.6078997
48000 -1.8426824
48100 -0.4300084
48200 0.7004051
48301 1.5722513
48401 1.8125176
48502 1.9691262
48602 2.022934
48702 1.8424177
48802 1.0432644
48902 -0.2472601
49002 -1.7111592
49336 -4.5431986
49437 -4.516781
49770 -0.9492364
49872 0.43425035
49971 1.6449594
50072 2.588426
50156 2.9748878
50255 3.0559502
50357 2.8446174
50457 2.2877626
50557 1.1516409
50656 -0.12181759
50758 -0.909472
50858 -2.0160208
50958 -2.8633046
51057 -3.4451163
51158 -3.6406078
51259 -3.7283232
51359 -3.0400045
51459 -1.3453934
51559 -0.17814112
51660 1.1886005
51760 2.2011328
51860 2.6919518
51961 2.8782206
52061 2.6971922
52161 1.8864999
52262 0.901453
52362 -0.14311886
52462 -1.2247231
52562 -2.300626
52662 -2.9445431
52763 -3.4335537
52863 -3.4013321
52962 -2.9265773
53063 -1.8846664
53163 -0.66903067
53264 0.41802645
53364 1.4673576
53464 2.3373184
53565 2.9157076
53664 3.0883894
53765 3.0771523
53865 2.6201043
53966 1.8717179
54066 0.37627125
54166 -0.76397085
54266 -1.8547311
54367 -3.0894856
54467 -3.6013095
54567 -3.7010498
54668 -3.5614285
54767 -2.8553598
54868 -2.1066296
54968 -0.6839223
55068 0.22853518
55169 1.3286562
55270 2.1681876
55370 2.7780905
55470 3.0442467
55570 3.0523949
55671 2.5993109
55770 1.763803
55871 0.49238443
55970 -0.30096912
56072 -1.4954724
56172 -2.5086365
56272 -3.003633
56355 -2.9846363
56455 -2.6484458
56556 -1.7570138
56657 -0.6958027
56757 0.6835437
56857 1.648654
56957 2.4174223
57057 2.8398294
57158 3.0214376
57258 2.8605232
57358 2.1717744
57459 1.0503135
57559 -0.14230633
57659 -1.266047
57760 -2.3174264
57860 -2.9973
57959 -3.863334
58060 -3.877547
58161 -3.8140533
58260 -2.9924939
58361 -1.7122064
58460 -0.51115704
58562 0.51856995
58661 1.4914465
58762 2.153965
58862 2.6119752
58962 2.7297297
59063 2.7185097
59163 2.3091478
59263 1.266705
59364 0.07561588
59464 -0.7517791
59564 -1.2943642
59664 -2.0349467
59765 -2.8376071
59865 -3.0870898
59965 -2.88237
60066 -2.0061674
60166 -0.93458843
60266 0.07797003
60366 1.0223036
60467 1.7768388
60567 2.171463
60667 2.3165336
60767 2.2746859
60868 1.8549585
60968 0.73150635
61068 -0.33030033
61169 -1.5039315
61268 -2.310924
61369 -3.0630739
61470 -3.2164838
61570 -3.1919496
61670 -2.7676048
61769 -2.1292162
61870 -0.8858533
61971 0.35788536
62071 1.5925665
62171 2.3717108
62271 3.1170673
62372 3.2436724
62472 3.1451159
62556 2.431933
62655 1.6142182
62756 0.52525187
62856 -0.47798347
62957 -1.3756642
63057 -1.9645772
63374 -1.8553414
63474 -0.6389799
63575 0.48347282
63675 1.4386902
63775 2.3095665
63876 2.7483969
63976 2.9693093
64076 3.0144224
64177 2.6492853
64277 1.959198
64376 0.8732128
64477 -0.20431805
64578 -1.3680828
64678 -2.6403039
64778 -3.2627113
64879 -3.4146464
64979 -3.3393106
65079 -2.8212333
65179 -1.9445097
65280 -0.84499454
65379 0.088355064
65480 1.0910344
65563 1.8357811
65664 2.3166647
65764 2.6419687
65864 2.5966873
65965 2.1763144
66064 1.3297482
66165 0.124880314
66266 -0.6660471
66366 -1.481813
66466 -2.1255362
66566 -2.5841742
66733 -2.5658386
66834 -1.8212414
66934 -0.4972582
67034 0.47826004
67134 1.4232888
67234 2.026976
67335 2.4860258
67435 2.5443916
67535 2.5438895
67636 2.4248571
67736 1.8260474
67836 0.6782198
67936 -0.30097437
68037 -1.1959927
68137 -1.9931476
68237 -2.9898067
68338 -3.1963665
68437 -3.2705684
68538 -3.1689453
68622 -2.7153578
68721 -1.7129841
68821 -0.49003124
68923 0.8717146
69023 1.8391275
69123 2.70181
69224 3.180439
69324 3.3384361
69424 2.877777
69523 2.3677483
69625 1.5858049
69725 0.7019987
69825 -0.36116695
69925 -1.263197
70025 -2.0937743
70126 -2.78388
70226 -2.998116
70326 -3.0245109
70427 -2.4806895
70527 -1.3935516
70627 -0.18537855
70727 0.7456174
70828 1.720717
70928 2.4348512
71028 2.7807236
71129 2.9278617
71229 2.8786101
71328 2.4425087
71429 1.3969316
71530 0.22825766
71629 -0.8666005
71730 -2.0620637
71830 -3.1287675
71930 -3.5315132
72030 -3.6937256
72130 -3.7710962
72231 -3.654855
72332 -2.5812526
72431 -1.1885686
72532 -0.0662446
72633 1.0539885
72732 1.9943466
72833 2.6478767
72933 2.9920654
73034 3.1959047
73134 3.2027702
73234 2.6402726
73334 1.5376024
73435 0.0664711
73534 -1.1686027
73635 -2.1252143
73735 -3.0624213
73836 -3.6259181
73935 -3.6479008
74035 -3.498593
74137 -3.2871299
74237 -2.2671435
74336 -1.1862235
74437 -0.054766655
74537 1.0618687
74637 2.0265684
74738 2.4197807
74822 2.5266204
74921 2.7533884
