1 2.7343607
101 2.4804335
201 1.7763534
302 0.5240598
401 -0.21866179
501 -0.8938737
601 -1.4934776
701 -1.7927258
801 -1.9444904
901 -1.9819741
1001 -1.8841319
1101 -0.7646909
1201 0.5554123
1301 1.6986237
1401 2.6451082
1502 3.0651789
1601 3.1623173
1701 2.8225503
1802 2.0023713
1901 0.877583
2001 -0.13814926
2101 -1.2522538
2201 -1.9199262
2518 -2.300815
2618 -1.6380265
2719 -0.32820463
2818 0.7172637
2918 1.6488686
3018 2.3823342
3118 2.7215128
3219 2.7784605
3318 2.5155892
3418 1.7630997
3518 0.42273188
3618 -0.66045
3718 -1.5053306
3818 -2.012969
3918 -2.2550874
4018 -2.4522986
4118 -2.2005515
4218 -1.4906678
4319 -0.2009592
4418 0.86285305
4518 1.9768066
4618 2.596055
4718 2.8405395
4818 2.753077
4918 2.0070357
5018 0.83650494
5118 -0.14731312
5218 -1.1579278
5318 -1.7777276
5418 -2.1536605
5518 -2.2771037
5618 -2.0892901
5718 -1.759798
5818 -0.6824832
5918 0.5839772
6018 1.6214561
6118 2.4612336
6218 2.8844452
6318 2.9629226
6418 2.6803985
6518 1.872078
6618 0.45985126
6718 -0.67657566
6818 -1.6906979
6918 -2.4846091
7018 0.0
7118 0.0
7218 0.0
7318 -3.2669091
7418 -2.2074726
7518 -1.4769378
7618 0.2074461
7719 1.8517556
7818 2.2802725
7918 2.2782884
8018 1.9551239
8118 0.92879295
8218 -0.4390602
8318 -1.6892896
8418 -2.8278346
8518 -3.3037379
8618 -3.4375157
8718 -3.3771336
8818 -2.7540953
8918 -1.5797284
9018 -0.15303946
9118 0.7271743
9218 1.8839974
9318 2.6266108
9418 2.9469767
9518 2.9942918
9618 2.6604147
9718 1.5358276
9818 0.333107
9918 -0.76847553
10018 -1.7120101
10118 -2.2912312
10218 -2.7117975
10318 -2.8347626
10419 -2.8430111
10519 -2.2379186
10618 -1.1047206
10718 0.1440587
10818 1.2666764
10918 2.1977758
11018 2.7867103
11118 2.9009857
11217 2.7538147
11318 1.9195161
11418 0.43709946
11518 -1.0485206
11618 -2.0183759
11718 -2.7687979
11818 -2.965896
11918 -2.9753108
12018 -2.648548
12118 -1.3378136
12218 -0.24977589
12318 0.5150671
12418 1.4056983
12518 1.8007593
12618 1.9916244
12718 1.9367476
12818 1.4321127
12918 -0.038956165
13018 -1.3616772
13118 -2.326387
13218 -2.9391835
13318 -3.0350792
13418 -2.9653976
13518 -2.6029077
13618 -1.1888447
13718 0.039586067
13818 1.182642
13918 2.002903
14018 2.518116
14118 2.8717527
14218 2.7494173
14318 1.9356246
14418 0.5921335
14518 -0.7237878
14618 -1.8624139
14718 -2.3384223
14818 -2.4687212
14918 -2.452639
15018 -2.115788
15119 -1.0872874
15218 0.4208107
15318 1.5855455
15418 2.180472
15518 2.7166739
15618 2.8572211
15718 2.8591566
15818 2.0332322
15918 1.2186265
16019 0.20005846
16118 -0.909389
16218 -1.8404601
16318 -2.2299323
16418 -2.398048
16518 -2.4585443
16618 -2.3533416
16718 -1.1306279
16818 -0.051709175
16918 0.96578884
17018 1.7106795
17118 2.0756822
17218 2.5660753
17318 2.7368417
17418 2.6377654
17518 2.1366897
17618 1.0544825
17718 -0.20208979
17818 -1.2690723
17918 -1.7327847
18018 -2.209481
18118 -2.434092
18218 -2.541255
18318 -2.5651517
18418 -2.4313333
18518 -1.4310703
18618 -0.25916004
18718 0.8223195
18818 1.7241287
18918 2.2083054
19018 2.4295702
19118 2.518917
19218 2.4584494
19318 1.6558008
19418 0.344306
19518 -0.7950473
19618 -1.747797
19718 -2.1947644
19818 -2.608707
19918 -2.7749722
20018 -2.783542
20118 -2.7193809
20218 -2.4264586
20318 -1.3560779
20418 0.13351107
20518 1.1909761
20618 2.0430307
20718 2.4963837
20818 2.6295457
20918 2.4628768
21018 1.9248953
21118 0.72087574
21218 -0.5344167
21318 -1.4708622
21418 -2.2202325
21518 -2.380299
21618 -2.3999557
21718 -2.3650517
21819 -2.1729066
21918 -1.2276192
22018 -0.020390987
22118 0.804791
22218 1.3979945
22318 1.8742056
22419 2.2042418
22518 2.3126616
22618 2.2997231
22718 1.7163482
22818 0.38302088
22918 -0.9122915
23018 -1.6716447
23118 -2.0651352
23218 -2.3050702
23318 -2.3508782
23418 -2.2413363
23518 -1.6474075
23618 -0.7689533
23718 0.010287762
23818 0.9046817
23918 1.549758
24018 1.877584
24118 2.1056542
24218 2.1731071
24318 2.1724539
24418 2.0473356
24518 1.0107145
24618 -0.020537376
24718 -1.4004645
24818 -2.245026
24918 -2.8951364
25018 -3.1774564
25118 -3.140511
25218 -2.8981915
25318 -2.40592
25418 -1.7471893
25519 -0.5737586
25618 0.45751667
25718 1.228095
25818 1.8630476
25918 2.1969948
26018 2.322699
26118 2.2680845
26218 1.7747002
26318 0.81220007
26418 -0.3233304
26518 -1.1782403
26618 -1.9771276
26718 -2.415955
26818 -2.8268182
26918 -2.9768732
27018 -3.003242
27118 -2.7046466
27218 -2.0245261
27318 -1.1202507
27418 -0.08309746
27519 0.83549404
27618 1.5641451
27718 1.917932
27818 2.1380243
27918 2.221518
28018 2.158567
28118 1.3193521
28218 0.1732297
28318 -0.8526473
28418 -1.6524975
28518 -2.144214
28618 -2.3559103
28718 -2.1314998
28818 -1.4433227
28918 -0.8861289
29017 -0.21947432
29118 0.5448022
29218 1.3662362
29318 1.9401932
29418 2.2125487
29518 2.3219666
29618 2.3173194
29718 1.8690467
29818 0.68930435
29918 -0.46737766
30018 -1.4831135
30119 -2.1116962
30218 -2.336284
30318 -2.245216
30419 -2.0055723
30518 -1.5604815
30618 -0.9106207
30718 0.48492002
30818 1.3549261
30918 2.06141
31018 2.3748856
31119 2.4286242
31218 2.1054091
31318 1.1282244
31418 -0.077591896
31518 -1.0917506
31618 -1.8816342
31718 -2.2472901
31818 -2.579265
31918 -2.4555087
32018 -2.0921004
32118 -1.2351177
32218 -0.40566587
32318 0.5979252
32418 1.2875814
32518 1.8025641
32618 2.1404486
32718 2.2553215
32818 2.2001595
32918 1.7378359
33018 0.6671686
33118 -0.4683485
33218 -1.3471522
33318 -1.7277806
33418 -1.9859493
33518 -2.1805139
33618 -2.1517987
33718 -2.153965
33818 -1.770324
33918 -0.96808815
34019 -0.061201572
34118 0.84252787
34218 1.6775908
34318 2.1824455
34418 2.4035215
34518 2.4124856
34618 2.243846
34718 1.5441918
34818 0.22785091
34918 -0.89968157
35018 -1.8498626
35118 -2.5035632
35218 -2.804714
35318 -2.9093032
35418 -2.7589564
35518 -2.211814
35618 -1.0915444
35718 0.04691887
35818 1.2099886
35918 2.1504698
36018 2.444178
36118 2.6911836
36218 2.7104797
36318 2.4984598
36418 1.6762338
36518 0.6500635
36618 -0.41698503
36718 -1.4132557
36818 -1.9741988
36918 -2.2411945
37018 -2.3634324
37118 -2.2884953
37218 -2.083984
37318 -1.4406676
37418 -0.71145535
37518 0.13249874
37618 0.88644695
37718 1.6185684
37818 2.1253562
37918 2.3844652
38018 2.4051542
38118 2.1946878
38218 1.5052862
38318 0.048213482
38418 -0.83736515
38518 -0.86379814
38618 -1.4107044
38718 -1.8999639
38818 -2.1023958
38918 -2.1063836
39018 -1.9727919
39118 -1.5775566
39218 -0.6914253
39318 0.31491613
39418 1.0950136
39518 1.8519316
39618 2.255928
39718 2.3871088
39818 2.40028
39919 2.2758622
40018 1.8392272
40118 1.0704103
40218 0.07117176
40318 -0.7055192
40419 -1.2413731
40518 -1.5695643
40618 -1.8131764
40718 -1.886745
40818 -1.8478417
40918 -1.5230305
41018 -0.6861272
41118 0.28192282
41218 1.1458492
41318 1.8734589
41418 2.2655778
41518 2.4814262
41618 2.5546355
41718 2.4956312
41819 1.922802
41918 0.7469778
42018 -0.38468266
42118 -1.1631055
42218 -1.5376682
42318 -1.8790991
42418 -2.0255861
42518 -2.0011954
42620 -1.8028033
42718 -0.98661757
42818 0.15607929
42918 1.1628118
43018 1.9394598
43118 2.5484223
43218 2.8440027
43318 2.959465
43418 2.9785547
43518 2.811891
43618 2.1801605
43718 0.8242016
43818 -0.1185894
43918 -1.2150033
44018 -1.822238
44118 -2.2876463
44218 -2.479219
44318 -2.4564075
44418 -2.2061336
44518 -1.4685025
44618 -0.6006403
44718 0.5496168
44818 1.4279585
44918 2.156218
45018 2.5779657
45118 2.72928
45218 2.6984558
45318 2.3672242
45418 1.4241304
45518 0.07235813
45618 -0.9065008
45718 -1.486836
45818 -1.838701
45918 -1.9403257
46018 -1.9439623
46118 -1.8741412
46218 -1.4674182
46318 -0.24685907
46418 0.9516597
46518 2.2128248
46618 3.042883
46718 3.5505505
46818 3.7096682
46918 3.611556
47018 2.9261446
47118 1.6270027
47218 0.31260586
47318 -0.75732374
47418 -1.4391606
47518 -2.007608
47618 -2.192636
47718 -2.0512733
47818 -1.5517883
47918 -0.75314283
48018 0.45592785
48118 1.5469232
48218 2.2760324
48318 2.7205305
48418 2.786086
48518 2.5498796
48618 1.9234047
48718 0.946311
48818 -0.32300472
48918 -1.0871296
49018 -1.580595
49118 -2.0255349
49218 -2.0629294
49318 -1.7236214
49418 -0.9603472
49518 0.10148144
49618 1.1080117
49718 1.8790102
49818 2.395074
49918 2.6119905
50018 2.6698503
50118 2.5904913
50218 1.7711082
50318 0.6123376
50418 -0.59164524
50518 0.0
50618 0.0
50718 0.0
50818 -1.7988541
50975 -1.3040466
51074 -0.26967907
51190 0.9234543
51289 1.7582383
51614 2.9563093
51713 2.7401862
51813 1.8952928
51913 0.577024
52013 -0.43487024
52113 -1.4702868
52213 -2.17732
52313 -2.6587806
52621 -1.6677718
52720 -0.58433294
52820 0.35771656
52920 1.3292646
53020 1.9885788
53120 2.4305716
53220 2.6689491
53320 2.6618586
53420 2.3289847
53520 1.4224572
53829 -1.5724652
53929 -2.0974293
54029 -2.5204012
54129 -2.7181973
54229 -2.7506204
54329 -2.3826063
54429 -1.3957591
54736 1.2514658
54835 1.7223144
54935 2.0555468
55242 2.1655746
55342 1.7110367
55442 0.15231037
55542 -0.70328426
55642 -1.4440231
55742 -2.0584145
55842 -2.3570502
55942 -2.470675
56042 -2.4770503
56142 -2.0674348
56242 -0.79424
56342 0.25651932
56442 1.127099
56542 1.910182
56642 2.398984
56742 2.594091
56842 2.5961943
56942 2.3854194
57042 1.6932845
57142 0.78645897
57242 -0.1762476
57342 -1.0083394
57442 -1.6161389
57542 -2.1088922
57642 -2.2484577
57742 -2.1532617
57842 -1.5935826
57942 -0.64919186
58042 0.38382626
58142 1.2538347
58242 1.855886
58342 2.3404818
58442 2.5752897
58542 2.6335602
58642 2.4410028
58743 1.7679687
58842 0.6315093
59151 -1.6343246
59251 -2.0160546
59351 -2.1779485
59451 -2.1702614
59552 -1.9506879
59651 -1.0339026
59956 1.7746801
60055 2.1501093
60155 2.330152
60466 1.5453291
60565 0.39704227
60665 -0.5848551
60765 -1.4945862
60865 -2.0982928
60965 -2.4103434
61065 -2.5406637
61165 -2.1975915
61265 -1.1173623
61365 0.18411446
61465 1.2168617
61565 1.8768234
61665 2.484086
61765 2.8626494
61865 3.010974
62174 0.6181421
62273 -0.4850073
62373 -1.3559005
62473 -2.0351055
62573 -2.4136405
62673 -2.4979322
62773 -2.2872396
62874 -1.5570087
63178 1.8562384
63277 2.5104308
63377 2.958787
63477 3.0847206
63577 3.103407
63677 2.8197165
63777 1.7749529
64081 -1.3168488
64181 -1.9120955
64281 -2.3654683
64381 -2.5371172
64481 -2.5337443
64581 -1.828172
64681 -0.5081768
64781 0.72417927
64881 1.6434469
65187 2.734014
65286 2.64108
65386 1.999785
65486 0.7649665
65586 -0.2598977
65686 -1.4281583
65786 -2.169362
65886 -2.603938
65986 -2.7576218
66086 -2.6244059
66186 -1.9951222
66286 -0.6031585
66386 0.65099096
66487 1.7996879
66586 2.5323348
66686 2.853074
66786 2.867362
66886 2.416154
66986 1.3077841
67086 -0.059115887
67186 -1.1282833
67286 -1.9739242
67386 -2.5161567
67486 -2.78772
67586 -2.8880062
67686 -2.5589027
67786 -1.3602395
67886 -0.05543804
67986 1.0134282
68086 1.9420104
68186 2.4004111
68286 2.565445
68386 2.378755
68487 1.7396073
68586 0.59274197
68686 -0.47900963
68786 -1.3990707
68886 -2.3616567
68986 -2.9729087
69086 -3.180355
69186 -2.961317
69286 -2.0584683
69386 -0.53141737
69486 0.5229559
69586 1.7071586
69686 2.4391212
69787 2.9982934
69886 3.0850945
69986 2.801374
70086 2.0176516
70186 0.6087556
70286 -0.55834866
70387 -1.6238945
70486 -2.308744
70585 -2.7790756
70686 -2.9188898
70786 -2.7319293
70886 -1.9884672
70986 -0.6018419
71086 0.5449443
71186 1.453794
71286 2.2094793
71386 2.6765661
71486 2.7148604
71586 2.395092
71686 1.4963694
71786 0.08543682
71886 -1.2552102
71986 -2.3179977
72086 -3.0701535
72186 -3.4169257
72286 -3.3905067
72387 -2.7843769
72487 -1.6564922
72586 -0.026477814
72686 1.0285425
72786 2.039205
72886 2.8072042
72986 3.2697773
73086 3.3544788
73186 2.8863325
73286 1.7951927
73386 0.49386454
73486 -0.6195183
73586 -1.746526
73686 -2.535837
73786 -3.0795057
73886 -3.2739966
73986 -3.0778475
74086 -2.1787102
74186 -1.0177605
74286 0.5612669
74386 1.797885
74486 2.5699463
74586 3.0063705
74686 3.0247965
74786 2.366413
74886 1.0406175
74986 -0.08603716
