17 -0.64289
117 1.3757153
218 2.7569647
317 3.6206083
418 3.771844
518 2.911859
619 0.67900753
720 -1.3916276
818 -2.80773
919 -3.5307508
1019 -3.4562056
1103 -2.5907028
1203 -0.9384203
1303 0.9953146
1403 2.6788764
1502 3.7286625
1603 3.9747114
1703 3.0040178
1803 0.91110516
1903 -1.1456444
2004 -2.6114986
2104 -3.6021836
2204 -3.9032216
2304 -2.9521155
2405 -1.181577
2505 1.0771465
2605 2.7406821
2705 3.6392288
2805 3.8036823
2905 3.3236446
3006 1.4022737
3106 -0.6105733
3205 -1.9830523
3306 -3.1236854
3406 -3.3109822
3506 -2.4275498
3606 -0.62235737
3709 1.3519211
3809 2.5848756
3909 3.9356594
4009 4.512827
4109 4.026252
4209 2.246787
4309 -0.05811405
4409 -2.0111861
4509 -3.2726877
4608 -3.9318528
4708 -4.173205
4809 -3.4113488
4911 -1.7169127
5011 0.6836405
5111 2.5055404
5211 3.9146547
5311 4.1227703
5411 3.214816
5511 1.3967834
5611 -0.6901078
5710 -2.4421918
5810 -4.264741
5910 -4.9064507
6010 -4.890737
6111 -4.6807036
6211 -2.9202192
6311 0.87892294
6415 2.5397668
6514 3.8026419
6611 4.3995113
6712 4.140642
6812 2.6297326
6912 0.65861416
7012 -0.8369632
7112 -2.0374885
7214 -2.8519223
7313 -2.932991
7413 -2.038455
7513 -0.70896244
7613 1.1664519
7713 2.7365708
7813 3.6692877
7913 4.1723013
8014 3.1133184
8114 1.3529501
8214 -0.25591516
8314 -1.6468654
8418 -2.9098086
8514 -3.471852
8615 -3.4084597
8715 -2.4389374
8815 -0.8755069
8916 0.86786366
9016 2.398088
9116 3.2013893
9216 3.3146763
9316 2.2780976
9416 0.63660526
9516 -1.2590141
9616 -2.739246
9717 -3.5873775
9817 -3.6716352
9917 -2.648938
10018 -0.9326501
10117 1.1842494
10218 3.045864
10319 3.9207964
10419 4.0321236
10518 2.8840895
10618 1.1030483
10719 -1.106749
10818 -2.802381
10919 -3.679378
11020 -4.7011194
11103 -4.4112253
11203 -2.9870236
11303 -1.0462074
11403 1.5990181
11503 3.1214762
11603 4.097433
11704 3.9282131
11803 2.5097342
11904 0.960032
12004 -0.4602971
12104 -2.1156316
12204 -2.9488952
12305 -3.3421946
12404 -2.9426796
12504 -1.6624649
12604 0.20062542
12705 2.131147
12805 3.2524948
12905 3.657421
13005 4.376729
13106 3.4975138
13209 1.5084715
13309 -0.105192184
13409 -1.6113083
13509 -2.6015127
13609 -2.7672627
13707 -2.1703265
13807 -0.1417613
13907 1.8760614
14007 3.5290766
14107 4.554394
14207 4.7172403
14308 4.144679
14408 2.4679909
14508 0.46058464
14608 -1.2952976
14708 -2.830625
14808 -4.0548425
14911 -4.3014727
15011 -3.6032631
15111 -1.4658635
15209 0.78867817
15311 2.6648216
15412 3.945527
15512 4.3890705
15612 3.8537035
15711 2.182528
15811 0.42443895
15910 -0.9677973
16011 -2.2355864
16111 -3.276817
16211 -4.271346
16311 -4.602229
16412 -4.4520874
16511 -3.2465425
16614 -2.0327907
16712 -0.4828782
16812 0.94796276
16912 2.8500595
17012 3.844038
17112 4.4029417
17213 4.2906494
17313 3.7396793
17413 3.1465244
17513 2.000197
17613 0.38183117
17713 -1.2298439
17814 -2.708919
17914 -3.486133
18015 -3.8480093
18114 -3.8495474
18214 -2.694317
18314 -1.2671914
18416 0.31545115
18515 1.8620386
18615 3.1836376
18715 4.009281
18816 4.47058
18915 4.5485783
19016 4.2945843
19116 3.9046898
19216 2.8700676
19317 1.4019899
19417 -0.14976788
19516 -1.5854688
19616 -2.7313678
19717 -3.3634095
19817 -3.532311
19917 -3.1824756
20017 -2.347563
20118 -0.8534031
20218 0.52555513
20318 2.0717492
20418 3.3242216
20519 4.0706997
20618 4.269449
20719 3.880951
20819 2.866436
20918 1.6008554
21003 0.35594225
21103 -1.0314884
21202 -2.7176108
21302 -4.3808084
21403 -5.0
21503 -5.0
21603 -4.716751
21704 -2.8095956
21804 -1.0580795
21904 0.73485994
22004 2.4918113
22104 3.504961
22204 3.9423008
22304 3.9452133
22405 3.4862566
22505 2.4981513
22605 1.100318
22705 -0.20649147
22805 -1.6015954
22905 -2.4517245
23006 -3.4602933
23106 -4.0809426
23206 -3.766987
23306 -3.4029403
23406 -2.513295
23506 -1.1905651
23607 0.0052042007
23709 0.87419796
23809 2.004499
23909 2.765583
24009 3.1087837
24109 3.2066221
24209 2.940061
24308 1.5054293
24409 -0.28439093
24509 -1.6493878
24609 -2.2380729
24708 -3.0590177
24809 -3.7028286
24909 -3.867602
25009 -3.9144397
25109 -3.3003917
25210 -2.0814419
25310 -0.60604763
25410 0.34103107
25510 1.5108819
25610 2.0679522
25710 2.5701628
25811 2.7264786
25910 2.7570367
26011 2.6989875
26111 2.5054932
26211 1.5732679
26314 0.19129753
26414 -1.3330512
26514 -2.2450871
26611 -2.8629005
26712 -3.2504342
26812 -3.6047537
26914 -3.2318282
27012 -1.801456
27113 -1.1408513
27213 0.6441426
27314 1.7580004
27414 2.5449057
27514 2.9212255
27614 3.084669
27714 3.0897713
27814 2.7957854
27914 2.18897
28014 1.08286
28115 -0.4378972
28214 -1.9311013
28315 -2.877358
28415 -3.3794456
28515 -3.591695
28615 -3.5981658
28715 -2.971116
28816 -2.0890157
28916 -0.7057185
29016 1.1599054
29116 2.9190598
29216 4.02664
29317 4.346731
29417 3.7559185
29517 2.658596
29616 1.2290564
29717 -0.33873367
29818 -1.9437993
29917 -2.8665607
30017 -3.3937345
30118 -3.5037806
30218 -3.3710482
30318 -2.199469
30418 -0.29105854
30518 1.2684774
30619 2.5573168
30702 3.3050137
30802 3.8482885
30903 3.7720423
31003 2.592092
31103 1.027565
31203 -0.2633047
31303 -1.3012633
31403 -2.044849
31503 -2.866695
31604 -3.9685183
31704 -4.1947374
31804 -4.172369
31904 -4.04363
32004 -3.1328933
32104 -1.6752098
32205 0.015874386
32305 1.3819313
32405 2.5320396
32505 3.334692
32605 3.9626865
32705 3.7448597
32805 2.8332891
32906 1.4434767
33006 0.04205799
33106 -1.243993
33206 -2.1094644
33306 -3.0776174
33409 -3.8914516
33509 -4.1458797
33609 -4.0865636
33707 -3.679042
33807 -2.996238
33908 -1.134803
34008 0.23941374
34108 1.3739462
34208 2.3486738
34308 3.009409
34409 3.1640444
34508 2.8734193
34608 1.889502
34712 0.057942867
34811 -1.6835275
34909 -2.7841463
35011 -3.7663229
35112 -3.9599779
35211 -2.5493398
35311 -3.1080623
35411 -3.0055683
35511 -1.4018161
35611 0.48381996
35710 3.0128155
35811 4.256613
35911 5.0
36012 5.0
36111 4.9470787
36211 3.8778143
36314 2.2293901
36414 0.5662613
36730 -2.3743093
36829 -2.7584527
36929 -3.0777583
37030 -3.1541016
37129 -3.038179
37230 -2.2109327
37331 -0.93693733
37431 0.43602848
37530 1.7281952
37630 2.7127447
37730 3.3147993
37831 3.5494394
37931 3.4686642
38031 3.102171
38132 2.397747
38232 1.3779502
38332 0.03668785
38432 -1.1045082
38532 -2.2140615
38632 -2.9048333
38732 -3.0286558
38833 -2.9839332
38932 -2.7188623
39035 -2.2698312
39135 -1.1600089
39235 0.28740025
39335 1.9174232
39435 2.950142
39535 3.580556
39635 3.815606
39735 3.8009434
39835 3.5350075
39935 3.150404
40034 2.1690817
40134 0.8352976
40235 -0.6151724
40336 -1.4676075
40436 -1.9864151
40536 -2.3901038
40636 -2.913371
40736 -3.0654159
40835 -3.0311208
40937 -2.2547448
41038 -0.9514017
41137 0.44821835
41237 1.7764726
41337 2.7422838
41437 3.3818264
41538 3.5964737
41637 3.5849276
41738 2.9639168
41837 1.9276247
41938 0.8116722
42038 -0.73383236
42139 -2.259789
42238 -3.064561
42339 -3.6800244
42438 -3.773937
42539 -3.444405
42639 -2.6301742
42739 -1.6963551
42839 -0.2574768
42939 1.2466083
43040 2.560028
43140 3.321478
43224 3.8219728
43324 4.0428963
43424 3.8458872
43524 2.9751806
43624 1.3727832
43724 -0.055343628
43824 -1.4801674
43924 -2.4345303
44025 -3.3351698
44125 -3.0226078
44225 -2.5987608
44325 -1.684026
44426 -0.47544575
44526 0.70942163
44626 1.8345246
44726 2.8426414
44826 3.5857067
44926 3.7092848
45027 3.280014
45127 2.1831512
45226 0.48213673
45327 -0.394372
45427 -0.9440336
45527 -1.687217
45630 -2.2460809
45727 -2.6590667
45827 -2.9494667
45930 -1.3768363
46030 0.5387316
46130 1.9226446
46230 2.9188166
46329 3.7820282
46430 4.074419
46529 3.2358217
46630 1.2773633
46729 -0.51526165
46830 -1.9856448
46929 -2.6695874
47029 -2.9239986
47130 -2.5412955
47230 -1.1735806
47330 0.42387486
47431 2.081008
47530 3.2232742
47631 4.055994
47731 4.125574
47831 3.1420126
47930 1.4781952
48031 -0.05795002
48132 -0.9811468
48232 -1.8530359
48335 -2.622773
48436 -3.0930393
48532 -3.0266938
48635 -1.1576304
48732 0.5521116
48833 2.0372376
48933 3.0193377
49033 3.7314796
49133 3.777092
49233 2.1853676
49334 0.4052577
49434 -0.6238375
49534 -1.4699383
49634 -2.1811948
49735 -2.4770699
49834 -2.3787858
49934 -1.5801644
50034 -0.17398071
50135 1.2075138
50236 2.390718
50335 3.3060036
50436 3.4048061
50536 2.3407164
50636 0.87216616
50736 -0.39456558
50836 -1.3544178
50936 -2.2353237
51036 -2.479666
51137 -2.0571475
51237 -0.92430973
51336 0.56175137
51439 2.0893793
51539 3.3515472
51638 4.0824337
51738 4.1111
51838 3.121931
51938 1.3598771
52038 -0.29695272
52138 -1.542069
52238 -2.6553955
52339 -2.990543
52439 -2.8344944
52539 -1.3005486
52639 0.34986162
52739 1.8668909
52839 3.2745647
52940 4.2794294
53040 4.474228
53140 3.4067364
53224 1.9840875
53324 0.24593592
53424 -1.3997333
53524 -2.3835552
53624 -2.538904
53724 -1.5728059
53825 -0.12318897
53925 1.9822669
54025 3.8815022
54125 4.902486
54225 5.0
54325 4.382429
54425 2.688218
54743 -2.0984995
54843 -2.3826423
54943 -2.37259
55043 -2.331077
55144 -1.6266885
55243 0.14390516
55344 1.5433197
55444 2.8858657
55544 3.5251026
55644 3.4421387
55744 2.2715683
55844 0.73953724
55945 -0.80045223
56044 -1.8177211
56145 -2.6812882
56245 -2.9527903
56346 -3.0060642
56445 -2.4316444
56546 -0.37856436
56647 1.5771279
56746 2.653482
56847 2.877523
56946 2.7065482
57047 1.7205415
57146 0.14798594
57247 -1.4403236
57347 -2.5043635
57449 -2.7349958
57547 -2.7115614
57648 -2.387503
57747 -1.1601615
57848 0.7257395
57949 2.3411307
58048 3.3001919
58149 3.6095638
58249 3.0439825
58349 1.5253434
58449 -0.20189095
58550 -1.5090241
58649 -2.1617503
58749 -2.4486337
58849 -2.3416545
58951 -1.8160307
59050 -0.62901163
59150 0.82391405
59250 2.3315406
59351 3.6417294
59450 4.0587435
59551 3.3543234
59651 1.7969513
59751 0.34157085
59851 -0.8699498
59952 -1.9414122
60052 -2.57217
60152 -2.6437593
60253 -1.5203304
60336 -0.49834156
60453 1.5207582
60536 2.7774343
60636 3.8390608
60736 4.1937685
60836 3.6245823
60937 2.0893698
61037 0.31504822
61137 -1.3700166
61237 -2.308624
61337 -2.7158775
61438 -2.7385583
61538 -1.0652764
61638 0.5940933
61738 2.1567397
61837 3.420967
61938 4.341179
62038 4.379491
62138 2.876361
62239 1.1286545
62339 -0.528008
62439 -2.2061067
62542 -2.7715666
62639 -3.6350412
62739 -3.1926813
62842 -1.7123623
62942 0.14878607
63042 1.5637245
63142 2.629908
63242 3.3885832
63342 3.4703178
63442 2.2868757
63543 0.51710224
63643 -1.3688717
63741 -2.3192708
63841 -3.0371075
63941 -2.8665118
64044 -2.1438663
64144 -0.5509219
64244 1.0682287
64344 2.529767
64442 3.632389
64544 3.9228315
64644 3.5477028
64743 1.8348403
64843 0.14256907
64944 -1.3565984
65044 -2.325726
65143 -3.505852
65247 -3.4449358
65344 -3.0967321
65446 -0.6439009
65544 1.1964774
65647 2.6219468
65745 3.5434933
65845 3.6621656
65944 2.6018815
66046 1.1118541
66146 -0.5010414
66246 -1.8492723
66346 -2.6178727
66445 -2.777869
66545 -2.734012
66646 -2.5273786
66746 -0.1378355
66847 1.539115
66947 2.7217836
67047 3.4049253
67147 3.5484715
67248 2.8039055
67348 1.6614356
67448 0.37398767
67548 -1.1786563
67648 -2.5141978
67748 -3.4195545
67848 -3.6645265
67949 -3.3225765
68048 -1.480928
68149 0.40066814
68249 1.8755631
68349 2.8955345
68451 3.5025234
68550 3.373273
68650 2.0391426
68749 0.34065056
68850 -1.1846836
68951 -2.4683297
69050 -4.196242
69150 -5.0
69251 -4.697279
69351 -2.81393
69451 -0.83327055
69551 0.99367857
69652 2.2998037
69751 3.3497791
69852 3.7545652
69952 3.7429829
70036 2.5730653
70136 0.43144226
70236 -1.2451069
70336 -3.424323
70453 -4.4235477
70535 -4.451395
70637 -3.7152352
70737 -1.9313452
70837 -0.11258316
70937 1.646285
71037 2.9056168
71137 3.653246
71237 3.8933372
71337 3.0334492
71437 1.2832651
71538 -0.44562054
71638 -1.7357469
71738 -2.799999
71838 -3.9148512
71938 -3.6218824
72042 -2.1678414
72139 -0.56924486
72239 1.0975695
72339 2.5233817
72443 3.4541664
72541 3.718091
72639 2.6720138
72742 1.3273449
72842 -0.26063442
72942 -1.6837521
73042 -2.7127957
73142 -3.4977005
73242 -3.6436186
73341 -3.4644237
73441 -1.7565734
73541 0.07860947
73641 1.7298431
73742 2.7951736
73842 3.1414185
73942 2.6595573
74042 1.3402987
74142 -0.0040555
74242 -1.0320389
74342 -1.641777
74443 -1.957103
74543 -2.022188
74643 -1.5868602
74743 0.04625511
74844 1.7765131
74944 3.2996159
