91 2.6336298
192 2.7047987
292 2.722776
392 2.7097063
492 2.328762
1093 -2.8139062
1193 -2.8198786
1293 -2.8181698
1394 -2.814446
1494 -2.81218
1594 -2.8113866
1694 -2.6391168
1794 -1.7423577
1894 -0.4919958
1994 0.4882431
2095 1.3473959
2195 1.8846498
2295 2.1566148
2395 2.3535485
2495 2.4297686
2595 2.4551325
2695 2.430522
2796 1.8828354
2896 0.32226467
3212 -2.3070362
3313 -2.7160497
3413 -2.8539493
3513 -2.8863945
3613 -2.910334
3714 -2.9154794
3814 -2.8945866
3914 -2.6261647
4014 -1.4749789
4114 -0.3636999
4215 0.50500345
4865 2.3392286
4965 2.370542
5048 2.3795915
5149 2.2970695
5249 1.2735195
5348 -5.617142E-4
5449 -1.0614917
5834 -3.4207573
5934 -3.7523012
6034 -3.812841
6134 -3.8386514
6234 -3.7626743
6335 -2.7009816
6435 -1.4145913
6535 -0.13539219
6635 0.78469706
6735 1.6298423
6835 2.300448
6935 2.6912217
7320 1.9537034
7420 1.1006708
7520 0.11287165
7620 -0.51369333
7720 -0.9666109
7821 -1.296165
7920 -1.538187
8020 -1.6371391
8121 -1.6770053
8220 -1.6819587
8321 -1.5584748
8421 -0.89622974
8738 0.69640446
8838 1.2750254
8939 1.8235908
9039 2.036522
9139 2.1682558
9239 2.2096891
9339 2.2107801
9439 2.1154528
9540 1.6923742
9640 0.8476362
9740 0.103777885
9840 -0.52075243
9940 -0.976769
10040 -1.2917438
10140 -1.5787067
10241 -1.7839494
10341 -1.8937843
10441 -1.9156451
10541 -1.9040124
10641 -1.8378329
10741 -1.4126029
10841 -0.36692
11159 1.7435975
12127 0.8692274
12227 -0.30678558
12327 -0.9794569
12428 -1.280334
12528 -1.524941
12628 -1.7362671
12728 -1.8521237
12828 -1.8826141
12928 -1.8626342
13028 -1.5761323
13129 -0.62355804
13228 0.36711884
13329 1.1578245
13429 1.9004478
13529 2.1165361
13629 2.2569704
13729 2.3208895
13830 2.3416533
13930 2.3481536
14030 2.2860765
14130 1.4239349
14230 0.25111198
14330 -0.63626766
14430 -1.1715157
14530 -1.6273513
14631 -1.9371829
14731 -2.1668954
14831 -2.3127704
14931 -2.3657522
15032 -2.3480284
15131 -1.93413
15232 -0.87492514
15333 -0.041264534
15432 0.9295578
15532 1.6537452
15632 2.0109138
15732 2.1893644
15833 2.3451242
15932 2.4161744
16033 2.4320002
16133 2.3788385
16233 0.7902856
16333 -0.22311306
16434 -0.95522213
16751 -1.0733802
16851 -0.96319675
16951 -0.8474574
17051 -0.7007685
17151 -0.34750605
17251 0.58144236
17352 1.379817
17452 2.4484825
17552 3.0243149
17652 3.123724
17752 2.9048243
17853 1.7579088
17952 0.353333
18053 -0.7065568
18153 -1.3338764
18253 -1.5650795
18353 -1.7321613
18454 -1.8772454
18553 -1.9131274
18654 -1.9267373
18987 -1.9002061
19087 -0.93708277
19188 0.1809001
19288 0.853178
19388 1.3689718
19488 1.9680948
19588 2.3969674
19689 2.6230712
19789 2.7174826
19905 2.7941637
20006 2.8329268
20106 2.862414
20206 2.8453918
20306 1.6821508
20407 -0.09100008
20507 -1.215385
20607 -1.7043407
20707 -1.9233375
20807 -1.9929175
20907 -2.0369248
21007 -2.103539
21107 -2.1728015
21208 -2.2144687
21308 -2.2210622
21408 -2.2222757
21508 -2.1739516
21609 -1.1698499
21708 0.28719807
21809 1.3914595
21908 2.2578416
22009 2.6035032
22109 2.6304884
22209 2.615419
22309 2.5920572
22410 2.574603
22510 2.5517402
22610 2.5293632
22710 2.3741355
22810 0.6006942
22911 -0.7991142
23011 -1.3618615
23111 -1.6979938
23211 -1.9199455
23311 -2.1475518
23411 -2.352199
23511 -2.635748
23612 -2.7969644
23711 -2.8153431
23812 -2.7650502
23911 -1.7490411
24012 -0.37219906
24112 0.72710276
24212 1.9008408
24313 2.5088835
24413 2.6385984
24513 0.0
24613 2.4560103
24713 2.4573288
24813 2.4598145
24913 2.3112817
25014 0.47853756
25114 -0.67907095
25214 -1.3826313
25314 -1.84794
25414 -2.2591782
25515 -2.6411355
25614 -2.8493142
25715 -2.9042833
25815 -2.9043274
25915 -2.8848262
26015 -2.7276928
26115 -2.0311768
26215 -1.0346146
26316 -0.2251668
26416 0.62655115
26516 1.5412621
26616 2.078826
26716 2.3527093
26816 2.520835
26917 2.6191912
27017 2.6936212
27117 2.7616363
27217 2.8256655
27318 2.8708305
27417 2.892705
27518 2.9052782
27618 2.7999244
27717 1.8750482
27818 0.5863824
27918 -0.17639065
28018 -0.78218555
28118 -1.4226365
28219 -1.9321532
28319 -2.2745652
28419 -2.457437
28520 -2.5181425
28836 -2.5628507
28936 -2.5693517
29036 -2.5706522
29137 -2.4924152
29237 -1.8007004
29338 -0.853137
29437 -0.28107548
29537 0.22960377
29638 0.63128567
29737 0.9911847
29838 1.493
29938 1.8997536
30038 2.1307855
30138 2.3039231
30238 2.4360237
30339 2.5609283
30439 2.6662269
30539 2.7423897
30639 2.7628174
30739 2.2480483
30839 0.490232
30940 -0.31772518
31040 -0.76159334
31140 -1.0200558
31240 -1.2518787
31340 -1.4434552
31440 -1.5593495
31540 -1.6291993
31640 -1.6741052
31957 -1.7267671
32058 -1.7226646
32158 -1.6166172
32258 -1.0008473
32359 -0.32550144
32459 0.3901534
32559 1.3379755
32659 1.9988356
32759 2.2453322
32859 2.3822007
32959 2.5066252
33059 2.6307387
33160 2.708777
33260 2.7466612
33360 2.7780166
33460 2.8017411
33560 2.8115335
33660 2.657074
33760 0.5385885
33861 -0.7652917
33961 -1.4770317
34061 -2.0346725
34161 -2.1859772
34261 -2.208502
34362 -2.2125509
34462 -2.2092538
34562 -2.2007413
34662 -2.1886275
34762 -2.1720195
34862 -2.1518004
35197 -0.63153934
35297 0.24499035
35396 0.7004709
35497 1.062604
35597 1.4770226
35697 1.7531204
35797 1.9504228
35897 2.1332002
35998 2.2752595
36098 2.3700967
36198 2.4324331
36298 2.4770317
36398 2.5230913
36498 2.559195
36598 2.061778
36698 0.16838503
36799 -1.1541984
36899 -1.8600984
36999 -2.192062
37099 -2.3253477
37199 -2.3575425
37300 -2.3485332
37400 -2.328301
37500 -2.304622
37600 -2.2643003
37700 -2.0658708
37800 -1.4678109
37900 -0.7164221
38001 0.103634834
38101 0.8960886
38200 1.6239662
38301 2.1748886
38401 2.4427938
38501 2.5969672
38602 2.677504
38702 2.727263
38802 2.7585144
38902 2.7801614
39003 2.78724
39103 2.7823281
39202 2.4778137
39303 0.64078665
39386 -0.73100185
39486 -1.7316418
39586 -2.1288571
39685 -2.2133675
39786 -2.1978083
39886 -2.1764586
40204 -2.117921
40304 -2.0888476
40404 -2.0440397
40505 -1.8733916
40905 0.69245815
41005 1.4416838
41106 2.0589738
41205 2.4039688
41306 2.562758
41406 2.6207643
42441 -1.9127686
42541 -2.0346599
42641 -2.0636213
42742 -2.0909457
42842 -2.1166909
42941 -2.1260915
43041 -2.1270974
43125 -2.1158469
43224 -1.9854846
43325 -0.8001137
43425 0.14886856
43524 0.8170843
43625 1.4855156
43726 2.0485358
43826 2.2669425
43927 2.3861847
44027 2.4383674
44127 2.4839234
44227 2.5254946
44327 2.581421
44427 2.6096382
44527 2.6192465
44628 2.5675492
44728 1.6743994
44828 0.33247852
44928 -0.68000555
45028 -1.5499897
45128 -1.947227
45229 -2.0688608
45329 -2.117556
45646 -2.1036668
45746 -2.0684516
45846 -1.8719492
45946 -0.87498426
46047 0.0075945854
46147 0.7414713
47149 2.6983094
47248 2.4334779
47349 0.51442575
47749 -1.7780437
47849 -1.7013767
47950 -1.6419404
48049 -1.6095371
48150 -1.5786953
48250 -1.5130856
48350 -1.1376557
48451 -0.31333447
48550 0.65812016
48650 1.4254313
48751 2.0211535
49085 2.6632433
49185 2.6995482
49285 2.734993
49385 2.7541633
49485 2.7330933
49585 1.9612455
49685 0.06311321
49786 -1.0749011
49886 -1.8552334
49986 -2.1926265
50086 -2.2760787
50186 -2.2724385
50286 -2.2725885
50387 -2.2740207
50487 -2.2504594
50587 -1.8010592
50687 -0.4816785
50787 0.50545216
50888 1.1633787
50988 1.9728379
51088 2.3537798
51188 2.449575
51288 2.4999328
51605 2.5263505
51706 2.3675385
51805 0.79114914
51905 -0.16220188
52006 -0.9960575
52106 -1.4451032
52206 -1.8804228
52306 -2.1645317
52407 -2.2749732
52506 -2.2758222
52607 -2.2636895
52707 -2.2353559
52807 -2.093306
52907 -1.411665
53007 -0.31040096
53108 0.41711617
53208 0.8803549
53308 1.6570282
53408 2.2491074
53508 2.6529312
53608 2.8338265
53709 2.9835625
53809 3.057293
53909 3.0722523
54009 3.0606813
54109 2.8652177
54209 1.373198
54310 0.26331043
54409 -1.0039048
54510 -1.7674057
54610 -2.2000759
54710 -2.3031747
54811 -2.3303578
54910 -2.3353736
55010 -2.3155284
55111 -2.2541032
55211 -2.157053
55311 -1.7483013
55411 -0.8782873
55511 -0.10268974
55612 0.57921124
55712 1.1079645
55812 1.7265167
55912 2.0894737
56011 2.204215
56329 2.278222
56430 2.268238
56529 1.7667303
56630 0.36073017
56730 0.0
56830 0.0
56930 0.0
57030 0.0
57131 0.0
57231 0.0
57331 0.0
57431 0.0
57532 0.0
57631 0.0
57731 0.0
57832 0.0
57932 0.0
58032 0.0
58132 0.0
58232 0.0
58333 0.0
58433 0.0
58533 0.0
58633 0.0
58733 0.0
58833 0.0
58934 0.0
59033 0.0
59134 0.0
59234 0.0
59334 0.0
59434 0.0
59534 0.0
59635 0.0
59735 0.0
59834 0.0
59935 0.0
60035 0.0
60135 0.0
60235 0.0
60336 0.0
60436 0.0
60536 0.0
60636 0.0
60737 0.0
60837 0.0
60936 0.0
61036 0.0
61137 0.0
61237 0.0
61337 0.0
61437 0.0
61537 0.0
61638 0.0
61738 0.0
61838 0.0
61921 0.0
62021 0.0
62121 0.0
62221 0.0
62321 0.0
62421 0.0
62522 0.0
62622 0.0
62723 0.0
62823 0.0
62923 0.0
63023 0.0
63123 0.0
63223 0.0
63324 0.0
63424 0.0
63524 0.0
63624 0.0
63724 0.0
63824 0.0
63924 0.0
64024 0.0
64125 0.0
64225 0.0
64325 0.0
64425 0.0
64525 0.0
64625 0.0
64726 0.0
64826 0.0
64926 0.0
65026 0.0
65126 0.0
65226 0.0
65327 0.0
65427 0.0
65527 0.0
65627 0.025029182
65727 1.1356068
65828 1.609765
65927 1.769248
66028 1.3004465
66128 0.1394391
66228 -0.9806919
66328 -1.8480549
66428 -2.3746598
66529 -2.6821244
66846 -2.9121892
66946 -2.4810195
67046 -0.9365444
67146 0.3286624
67247 1.1365843
67347 1.6974831
67447 2.0671768
67547 2.2407694
67647 2.276198
67747 2.1794167
67847 1.4297447
67947 -0.22611761
68047 -1.4491115
68148 -2.1467183
68248 -2.616259
68348 -2.782823
68449 -2.8071396
68548 -2.793762
68648 -2.7715507
68749 -2.6225314
68849 -1.5560997
68949 -0.29524612
69049 0.78196716
69150 1.491745
69250 2.0060058
69350 2.2157564
69449 2.2881632
69550 2.2940645
69650 1.8434625
69750 0.22774601
69850 -1.1656623
69950 -2.2622304
70050 -2.8710613
70151 -3.0409899
70250 -3.034637
70351 -3.025058
70451 -3.0208745
70551 -2.9097168
70652 -1.6447251
70752 -0.31073856
70852 0.78663206
70952 1.4539528
71052 1.9312944
71152 2.1601768
71252 2.20933
71353 2.1991715
71453 1.9858451
71553 1.0520434
71654 -0.34339714
71753 -1.4006946
71854 -1.9864416
71954 -2.2511206
72054 -2.3345644
72154 -2.3392816
72254 -2.070483
72354 -1.5413265
72455 -0.5461302
72554 0.42007637
72655 1.2833371
72755 1.8975134
72855 2.397162
72955 2.5404716
73055 2.5097313
73155 2.1205573
73256 1.1445723
73356 -0.1833973
73456 -1.3714442
73556 -2.0457878
73656 -2.4637825
73757 -2.7267375
73857 -2.8138933
73956 -2.8563864
74040 -2.840917
74140 -2.6142347
74239 -1.7175374
74340 -0.5155411
74440 0.3810439
74540 0.9220376
74641 1.4691515
74742 1.8158951
74841 1.9924898
74942 2.0280557
