3 3.1837826
103 3.2580833
204 3.1024399
303 2.3004112
404 1.3594947
503 0.5034509
604 -0.5965643
705 -1.4236634
805 -2.199599
906 -2.7709522
1005 -2.9434295
1106 -2.942516
1205 -2.740047
1307 -2.2127786
1406 -1.2563114
1507 -0.42302227
1606 0.71872616
1707 1.64889
1808 2.2158327
1908 2.9232955
2008 2.9666681
2108 3.0331059
2208 3.0488873
2309 2.9428253
2409 2.4350076
2510 1.4943628
2610 0.29689884
2709 -0.8683691
2810 -1.8783317
2911 -2.8833776
3011 -3.499959
3111 -3.7269983
3212 -3.690901
3312 -3.3682911
3411 -2.7294843
3512 -2.1439586
3612 -1.1111913
3713 -0.058309555
3812 0.634284
3914 1.3834548
4014 2.1317277
4114 2.5499582
4214 2.6016784
4314 2.482727
4415 2.163423
4514 1.6730537
4615 1.0350122
4716 0.33478403
4815 -0.66680765
4916 -1.8766265
5017 -2.623577
5116 -2.9940593
5217 -3.3633013
5317 -3.453697
5418 -3.3994539
5518 -3.029158
5618 -2.1634467
5718 -0.9347973
5819 0.19904757
5919 1.2292395
6018 1.9735718
6103 2.5830665
6203 2.9727883
6303 3.0243425
6404 2.9405298
6503 2.701673
6604 2.3890395
6703 1.7315207
6805 0.8648753
6905 -0.21375465
7005 -1.3884213
7105 -2.516392
7205 -3.0608792
7306 -3.312231
7405 -3.358815
7507 -3.2675877
8425 2.4208727
8526 2.5665755
8626 2.581563
8726 2.4511194
8826 1.8768921
8926 0.771153
9027 -0.25462627
9127 -1.3956444
9227 -2.406452
9328 -2.9593868
11533 -3.1093183
11634 -3.4594061
11734 -3.4111557
11835 -3.1937804
11935 -2.8447413
12035 -1.9393137
12135 -0.87574863
12235 0.090426445
12403 1.5877595
12503 2.2092223
12603 2.7288642
12703 2.863346
12804 2.7975183
12903 2.706235
13005 2.7060866
13105 2.3565168
13272 0.65296173
13439 -1.0069413
13539 -1.9295793
13639 -2.8141541
13740 -3.0638099
14057 -2.5532777
14156 -1.902472
14257 -1.223877
14358 0.11260319
14458 0.96051836
14558 1.5385041
14659 2.1313505
14759 2.5848594
14859 2.8420677
14959 2.9050188
15277 1.1752338
15377 0.33920383
15478 -0.4638486
15578 -1.3334908
15678 -2.1525817
15779 -2.678299
16095 -3.1576793
16196 -2.9338474
16296 -2.5761695
16396 -1.959332
16497 -1.1257184
17817 0.26308823
17917 -0.58660793
18018 -1.3840642
18118 -2.138472
18218 -2.521607
18318 -2.7412276
18419 -2.812158
18518 -2.799609
18620 -2.725504
18719 -2.6163023
18820 -2.2584698
18920 -1.5016398
19021 -0.8640275
19121 0.00854063
19220 0.82956076
19321 1.6280861
19422 2.4092455
19521 2.8056383
19622 2.9382973
19705 2.9421525
19806 2.8587594
19905 2.6964355
20006 2.3698359
20107 2.0238752
20207 0.9190507
20307 0.09590435
20474 -1.3951697
20658 -2.6643817
22263 2.6452856
22362 2.6010842
22463 2.3515282
22563 1.9170914
22664 0.73281384
22763 -0.065518856
22864 -1.0976555
22965 -1.8497345
23065 -2.2150397
23164 -2.3157358
23264 -2.3788404
23366 -2.4013493
23465 -2.2965055
23566 -1.419682
23666 -0.83149433
23767 -0.31150103
23867 0.22598743
23967 1.1467147
24068 1.6267052
24168 1.9695458
25086 -0.9414091
25187 -1.588346
25287 -2.3252301
25387 -2.8461843
25488 -3.0496745
25588 -3.0957906
25687 -2.957976
25788 -2.6463072
25955 -1.1407313
26674 2.7723365
26774 2.7674627
26875 2.6946764
26975 2.2879767
27142 0.7252197
27243 -0.28776598
27343 -1.2703271
27443 -2.1715841
27542 -2.821044
27643 -3.0627334
27744 -3.0541615
27843 -2.8999581
27944 -2.3901289
28045 -1.6735806
28145 -1.406395
28245 -0.7604952
28346 0.040138245
28445 0.8997102
28546 1.4833002
28646 1.9358683
28746 2.0735474
28847 2.1131563
28947 2.1028695
29031 2.0933433
29131 2.0709028
29231 2.0036325
29331 1.8105111
29431 1.2325687
29532 -0.024583817
29631 -1.1570239
29733 -1.882154
29833 -2.7038355
29933 -3.0219285
30033 -3.2138784
30134 -3.2527754
30234 -3.255525
30334 -3.2447507
30433 -3.190189
30534 -2.9948382
30635 -2.4723878
30735 -1.2181644
30835 -0.09278202
30936 0.7839956
31036 1.5279045
31136 2.0908594
31236 2.4500017
31337 2.5509195
31437 2.6138887
31537 2.6358237
31638 2.6030989
31738 2.5866194
31838 2.6022882
31937 2.121995
32039 0.75762653
32139 -0.5905075
32239 -1.7298286
32339 -2.5935464
32440 -2.9734566
32540 -3.0844712
32639 -3.1385477
32740 -3.1924074
32841 -3.2223854
32941 -3.2243733
33041 -3.1939898
33141 -2.9577177
33242 -1.5791125
33342 -0.63029766
33442 0.90871096
33543 1.9298553
33642 2.5920243
33742 3.0226479
33844 3.1028242
33943 3.0167704
34044 3.0569248
34144 3.0902662
34261 3.1032429
34362 3.0928822
34478 2.9617386
34579 2.1561995
34679 0.92945385
34779 -0.40905857
34880 -1.5059121
34980 -2.3754935
35080 -2.7789407
35181 -3.0367575
35280 -3.0976923
35381 -3.1185775
35480 -3.1074605
35581 -2.993088
35682 -2.7156074
35782 -1.602253
35882 -0.8115883
35982 0.27486563
36082 1.2560778
36183 2.1973433
36283 2.6883063
36383 3.01291
36483 3.1590366
36584 3.3430452
36684 3.3770304
36784 3.3295183
37503 -2.1097093
37603 -2.5320172
37704 -2.7414317
37804 -2.8883739
37904 -2.905287
38005 -2.8028135
38104 -2.5075016
38206 -1.5781639
38305 -0.08292055
38405 0.96174574
38505 1.8763604
38606 2.5397596
38706 3.0551443
38807 3.2651806
38907 3.327382
39007 3.3345757
39107 3.2764244
39208 3.1927853
39308 3.0592194
39391 2.5858445
39491 1.7078562
39592 0.40518236
39692 -1.2597919
39793 -2.160112
39893 -2.832512
39992 -3.0719218
40094 -3.161212
40193 -3.092166
40294 -2.9811642
40394 -2.8834
40495 -2.7819517
40595 -2.7024055
40695 -2.4727397
40795 -1.200053
40895 -0.04944849
40996 0.9540105
41095 1.7750883
41197 2.2326155
41297 2.4896002
41397 2.6405425
41497 2.707592
41597 2.7299705
41698 2.7355947
41797 2.7267365
41898 2.4092507
41999 1.6882768
42099 0.47403812
42199 -0.643157
42299 -1.6489875
42399 -2.389192
42500 -2.793922
42600 -3.0791717
42700 -3.335483
42801 -3.4179168
42901 -3.3666935
43001 -3.2472744
43168 -2.7709727
43269 -2.194738
43369 -1.0591793
43469 0.15253258
43569 1.1067462
43669 1.7105207
43770 2.0171614
43870 2.229516
43971 2.3607688
44071 2.3838272
44171 2.39541
44270 2.3608818
44371 2.1534896
44472 1.3862271
44571 0.10090923
44673 -0.7284694
44772 -1.3445599
44873 -2.0746837
44973 -2.5426335
45074 -2.815369
45174 -2.902367
45273 -2.915906
46343 2.9292345
46444 2.8219008
46544 2.6924906
46711 2.517324
46811 2.200564
46912 1.3700833
47012 -0.13205194
47112 -1.2316113
47213 -2.292047
47529 -3.5363474
47630 -3.4511492
47730 -3.1719897
47831 -2.4929
48299 2.3608704
48616 2.9611144
48716 2.7990327
48817 2.5731697
48916 2.2169862
49235 -0.6035342
49335 -1.267273
49435 -1.876061
49535 -2.1867232
49635 -2.3311105
49735 -2.3420112
49835 -2.3355215
49936 -2.3289542
50037 -2.0790021
50136 -1.1743157
50236 -0.17770958
50504 1.9361563
50821 2.9455252
50922 2.9796915
51022 2.9859934
51123 2.845687
51222 1.7518449
51540 -1.0277047
51641 -1.8463559
51741 -2.4094148
51842 -2.892238
51941 -3.1581619
52660 0.9957323
53396 2.1901522
53478 0.97266006
53579 0.16606617
53680 -0.66261387
53780 -1.2969623
54097 -2.5378215
54264 -2.5480819
54882 2.390545
54983 2.6792107
55084 2.8784432
55184 3.0080986
55284 3.024045
55384 2.9742737
55485 2.6601562
55585 1.9250498
55685 0.43552208
55785 -0.54721546
55886 -1.1948578
55986 -1.9862282
56153 -2.731098
56253 -2.8621976
56353 -2.8932073
56454 -2.7034452
56554 -2.3180373
56653 -1.4539533
56755 -0.6314454
56855 -0.16159773
56955 0.5494814
57122 1.6929231
57222 2.4297209
57323 2.78928
57423 2.8292208
57522 2.82724
57690 2.2085395
58292 -2.7701764
58391 -3.1620774
58493 -3.3715034
58593 -3.701042
58693 -3.4448025
58793 -2.9162192
58894 -1.892529
58994 -0.89266586
59094 -0.2595129
59194 0.73811245
59295 1.7075629
59395 2.4933367
59495 3.0089474
59596 3.170909
59696 3.1319742
59796 2.6060286
59895 2.070211
59996 1.1621547
60096 0.03717518
60197 -0.7267165
60782 -2.553177
60882 -2.2343674
62202 0.8414154
64676 -3.0979943
64843 -4.0742903
65009 -3.8603272
65110 -3.3046527
65210 -2.7213986
65310 -1.7047665
65478 -0.28101683
65645 1.4189034
65745 1.9900131
65845 2.5353065
65946 2.7765532
66046 2.7601905
66146 2.615294
66246 2.2122102
66346 1.3392978
66447 0.21466875
66547 -0.81627417
67868 2.5270586
67968 2.8776603
68068 3.103816
68168 2.8582602
68269 2.4319892
68368 2.2630959
68469 0.8879132
68569 -0.29595613
69889 3.3698826
69989 3.5443745
70090 3.5508852
70190 3.4137945
70291 3.095007
70391 2.3416991
70491 1.2860837
70591 0.43085957
70691 -0.7154274
71427 -3.4069772
71527 -2.6764915
71628 -1.361007
73884 -0.09380674
73984 0.9646206
74084 1.9712114
74185 2.5842233
74285 3.1028042
74385 3.178729
74485 3.1692295
74586 2.2411118
74686 1.5602698
74786 0.53841925
74886 -0.42285395
74987 -1.2509537
