48 -0.90677595
148 -1.922652
243 -2.573551
348 -3.1455798
448 -3.2363906
549 -3.1815732
648 -2.857359
749 -2.2886355
849 -1.620889
948 -0.85453176
1049 0.18268251
1149 1.0951495
1250 1.9103179
1349 2.5157533
1450 2.9261994
1550 2.9485803
1651 2.8513842
1751 2.2896013
1851 1.4988241
1951 0.52195835
2051 -0.26201296
2151 -0.80255604
2251 -1.5209961
2351 -1.9571083
2451 -2.3592143
2551 -2.5378551
2634 -2.5756435
2734 -2.5050893
2834 -2.0976634
2934 -1.4355416
3034 -0.6192665
3134 0.27094364
3234 1.1302252
3336 1.7531118
3436 2.3026123
3537 2.7870026
3637 2.8744087
3737 2.738401
3837 2.4362197
3937 1.6736436
4038 0.79052067
4138 -0.20113277
4238 -0.9369006
4338 -1.6621349
4438 -2.1667476
4538 -2.4586222
4639 -2.7161098
4739 -2.8074744
4839 -2.656837
4939 -2.3095582
5039 -1.6679378
5139 -1.0632439
5240 -0.27778387
5339 0.6526184
5440 1.5128798
5540 2.1918778
5640 2.7642832
5740 3.268074
5840 3.4369564
5940 3.392187
6041 3.1422873
6141 2.5486555
6241 1.8925819
6341 0.62240696
6441 0.015789509
6542 -0.89984226
6642 -1.5720291
6741 -1.9920135
6842 -2.2791138
6942 -2.3665652
7042 -2.2642508
7142 -1.8069241
7242 -1.0558884
7343 -0.36274004
7443 0.40449142
7544 1.246767
7644 1.8619108
7743 2.3129473
7844 2.4696503
7944 2.4768515
8044 2.3309684
8144 1.7648325
8245 1.037817
8345 0.1437769
8444 -0.43123627
8545 -0.96582174
8645 -1.5495124
8746 -2.1225915
8845 -2.377091
8945 -2.30635
9046 -1.6601841
9145 -0.9109659
9246 -0.13722754
9347 0.6343374
9447 1.3462858
9547 1.9844217
9647 2.6080146
9747 2.9396935
9848 2.882329
9948 2.1518621
10047 1.3851805
10148 0.5618644
10244 -0.029251099
10348 -0.7305021
10449 -1.1961124
10548 -1.488792
10648 -1.6543796
10749 -1.6691852
10849 -1.3701978
10949 -0.7288203
11049 0.013162613
11149 0.66810083
11250 1.2566209
11349 1.7383714
11450 2.258297
11549 2.6981125
11650 2.8377962
11751 2.702815
11851 2.0621872
11950 1.2350798
12050 0.5407586
12150 -0.15614939
12251 -0.8358593
12352 -1.3756518
12451 -1.7689438
12552 -1.7897422
12634 -1.4374566
12734 -0.9684558
12834 -0.2066927
12934 0.40835094
13034 1.0067949
13135 1.5763078
13235 2.1745048
13337 2.2866502
13437 2.0818648
13537 1.3416448
13637 0.6315007
13737 -0.09112835
13837 -0.5436907
13937 -1.127666
14038 -1.5571315
14138 -1.8598723
14238 -1.9980693
14338 -1.9678974
14438 -1.5684521
14538 -0.8963175
14639 -0.197402
14739 0.4782834
14839 1.0851402
14939 1.4920311
15039 1.9817362
15139 2.4288201
15239 2.6041398
15340 2.6185732
15440 2.2641845
15540 1.2018471
15640 0.33497477
15740 -0.49617338
15840 -0.9788456
15941 -1.349031
16040 -1.4875057
16141 -1.6366513
16242 -1.6209145
16341 -1.0223613
16442 -0.10741711
16541 0.7385912
16641 1.4802895
16742 1.9731989
16843 2.3773947
16942 2.5581346
17042 2.6403823
17142 2.634809
17242 2.4764938
17342 1.9500437
17444 1.3210654
17544 0.5597997
17643 0.019677162
17744 -0.38378096
17844 -0.8345852
17943 -1.3560748
18044 -1.5666327
18145 -1.7871284
18244 -2.0019593
18345 -2.1401536
18445 -2.042209
18544 -1.299469
18645 -0.46137905
18746 0.2126894
18846 0.75829935
18946 1.0609956
19045 1.2529287
19146 1.5270281
19246 1.8617067
19346 2.1685
19447 2.5447998
19547 2.7527366
19647 2.8318152
19747 2.7737274
19847 2.5822806
19948 1.9646683
20048 1.2763848
20148 0.88152647
20248 0.1203599
20348 -0.53109646
20448 -0.9834504
20549 -1.4994667
20648 -1.8239555
20749 -2.0164368
20849 -2.09477
20949 -2.1022017
21049 -2.0730505
21150 -1.7222843
21250 -0.6411104
21349 0.50103664
21450 0.83710194
21550 1.1216478
21650 1.3912668
21967 2.79807
22067 3.1906862
22167 3.3699894
22268 2.9828644
22368 2.9039536
22468 2.7826185
22568 2.7544084
22668 2.1779928
22768 0.7155824
22868 -0.36184835
22969 -0.9522619
23069 -1.5045853
23169 -1.80217
23269 -1.9139962
23369 -1.9647355
23470 -1.8726041
23570 -1.4000626
23670 -0.88042116
23770 -0.5429115
23871 -0.15880013
23971 0.17574072
24070 0.85936785
24171 1.1383257
24271 1.4089813
24372 1.727665
24471 2.1377769
24572 2.5169191
24671 2.7254496
24772 2.7125397
24872 2.7220497
24972 2.6585412
25073 2.00457
25173 1.1582108
25273 0.7359228
25373 0.30208778
25473 -0.11567736
25574 -0.44096088
25673 -0.7800665
25774 -1.1085713
25874 -1.3397892
25974 -1.49579
26074 -1.6004162
26174 -1.6586461
26274 -1.667527
26375 -1.4526782
26475 -0.46565723
26575 0.33920622
26675 0.96111107
26776 1.4391012
26876 2.1266432
26976 2.4293609
27076 2.6054907
27176 2.8207273
27277 3.044732
27376 3.128724
27476 3.16333
27577 3.1078815
27677 2.9024963
27776 2.4521942
27878 2.0536675
27978 1.5761962
28078 1.2005053
28178 0.8552275
28278 0.43219852
28378 0.07341099
28478 -0.31687832
28578 -0.63418627
28679 -0.9000664
28778 -1.1299939
28861 -1.3984857
28961 -1.7584515
29061 -1.7075932
29161 -1.5614476
29261 -1.2960887
29363 -0.6451254
29463 -0.13610744
29564 0.28968048
29664 0.71634054
29764 1.4367323
29864 2.3604102
29963 2.9566689
30064 3.1120749
30164 2.9550056
30265 2.9422836
30365 2.95643
30465 3.1022015
30565 2.9718795
30665 2.5206985
30765 2.0234618
30866 1.3239479
30966 0.66933537
31066 0.16346312
31166 -0.5341444
31266 -1.0822959
31366 -1.4403453
31467 -1.6405118
31567 -1.7885594
31667 -1.8184667
31767 -1.8179307
31867 -1.7465081
31967 -1.3576856
32067 -0.6262655
32167 0.28518677
32268 0.7700782
32368 1.1158667
32468 1.4021125
32568 1.6392946
32668 2.2486482
32768 2.7043114
32869 3.1570454
32968 3.3049574
33069 3.3467665
33169 3.278243
33269 2.986917
33369 2.2890625
33470 1.4888992
33570 0.6712055
33670 0.13644457
33770 -0.467103
33871 -0.8844199
33970 -1.2884991
34071 -1.5609798
34171 -1.825021
34271 -2.0099092
34371 -2.123909
34472 -2.1818833
34571 -2.175775
34672 -2.1073089
34772 -1.9339957
34873 -0.70812654
34972 0.20042086
35073 1.0572481
35173 1.630229
35273 2.0386024
35373 2.3315344
35474 2.5187745
35573 2.7579904
35674 2.9838853
35774 3.2441883
35874 3.3479548
35974 3.3537617
36074 3.1201916
36174 2.2786484
36275 1.6022124
36375 1.1085119
36475 0.4476633
36576 -0.105340004
36675 -0.52917814
36776 -0.93166685
36876 -1.375526
36975 -1.6071537
37076 -1.8683684
37176 -1.9373574
37276 -1.9433525
37377 -1.9283051
37477 -1.8812773
37576 -1.5749824
37677 -1.0156434
37777 -0.33677197
37877 0.4195161
37978 1.0124159
38078 1.5799294
38177 2.442729
38278 3.0297337
38378 3.342822
38478 3.5076618
38579 3.5694304
38679 3.4788094
38761 3.259388
38861 2.8119726
38961 2.3083763
39061 1.5289192
39162 1.1844645
39480 -1.0008576
39580 -1.4728374
39680 -1.7998328
39781 -2.0399535
40165 -2.3394077
40265 -2.0578299
40364 -1.4990993
40465 -0.9293251
40565 -0.4299512
40665 0.09652662
40766 0.5815263
40866 1.0206976
40966 1.7293234
41066 2.3838873
41166 2.7019815
41267 2.8983483
41367 3.053175
41466 3.296731
41566 3.3157272
41666 3.0848732
41768 2.7159834
41867 1.7186708
41967 1.0299978
42068 0.33284664
42167 -0.38024998
42268 -0.8852272
42369 -1.2554448
42469 -1.6270535
42568 -2.001266
42669 -2.2745132
42769 -2.385425
42869 -2.3690138
42970 -2.0868182
43069 -1.3927028
43170 -0.5845976
43270 0.03889799
43370 0.58339214
43470 0.93835163
43570 1.1841393
43670 1.4267988
43771 1.7943778
43871 2.3160057
43971 2.7467446
44071 3.0427094
44171 3.2308254
44272 3.2719498
44372 3.2261715
44471 2.9757552
44571 2.3080926
44672 1.7318239
44772 1.1618485
44873 0.55866146
44973 -0.1882739
45073 -0.7847204
45155 -1.2610946
45255 -1.6570563
45355 -1.9561656
45456 -2.117786
45555 -2.1559958
45655 -2.1583383
45757 -2.116841
45858 -1.8226612
45958 -1.229449
46058 -0.40133905
46158 0.36376715
46258 1.1615257
46358 1.7363443
46458 2.1871223
46559 2.5935173
46659 3.0087023
46759 3.3031387
46859 3.3676462
46959 3.3282347
47059 3.1495705
47159 2.5789223
47260 1.8673997
47360 1.1204815
47460 0.4172907
47560 -0.29632664
47660 -1.0798163
47760 -1.6885395
47860 -2.2072983
47961 -2.3825002
48061 -2.4504735
48161 -2.0171342
48261 -1.5180504
48361 -1.0977676
48462 -0.7116952
48562 -0.48084736
48662 -0.17377377
48762 0.3011942
48862 0.8260231
48962 1.3769307
49063 2.2285528
49163 2.6391306
49263 3.080141
49363 3.2067585
49464 3.2135744
49564 3.0650988
49663 2.7187142
49763 1.7438822
49865 0.97355175
49964 0.4144659
50065 -0.164855
50164 -0.7531204
50264 -1.3241379
50365 -1.6697578
50465 -1.7723384
50566 -1.793016
50666 -1.8168428
50766 -1.7987351
50866 -1.4793148
50966 -0.43081903
51066 0.3593955
51167 0.92648745
51266 1.3806081
51367 1.7717729
51467 2.068232
51567 2.2408075
51667 2.3178797
51767 2.3610382
51867 2.3677888
51968 2.3041153
52068 2.1001725
52168 1.722477
52268 1.2908945
52369 0.94479275
52469 0.42700052
52568 -0.028907776
52669 -0.48837948
52768 -1.0030742
52869 -1.3606529
52970 -1.477068
53070 -1.4944775
53169 -1.4718564
53270 -1.3991826
53370 -0.96730995
53470 -0.13358402
53570 0.67248774
53671 1.2538381
53770 1.6483254
53870 2.0303383
53971 2.257988
54070 2.3950682
54171 2.4141808
54271 2.3486228
54371 2.045823
54472 1.5356855
54571 0.8608885
54673 0.1664381
54772 -0.44081783
54873 -0.81264687
54973 -1.2144699
55073 -1.4289639
55155 -1.5064545
55255 -1.5189462
55355 -1.4790635
55455 -1.4147365
55555 -1.2678318
55655 -0.89663553
55757 -0.28466034
55858 0.53057957
55958 1.0881453
56058 1.5948362
56158 1.9758515
56258 2.2274656
56358 2.7517824
56458 3.0814714
56559 3.0103588
56659 2.7398095
56759 2.307331
56859 1.9259338
56959 1.462985
57059 1.0354457
57159 0.5537386
57260 0.034986973
57360 -0.15878582
57460 -0.39574957
57560 -0.7399769
57660 -1.0784047
57760 -1.2024574
57861 -1.1966558
57961 -0.9759412
58061 -0.46085882
58161 0.0036821365
58261 0.46560955
58361 0.89130163
58461 1.3787928
58562 2.1732645
58662 2.5959067
58762 2.79889
58862 2.8733673
58962 2.857123
59062 2.7166433
59162 2.2306457
59263 1.1109762
59363 0.6841135
59463 0.08965254
59564 -0.3021655
59663 -0.62272406
59763 -0.7787504
59865 -0.90966654
59964 -0.93967724
60065 -0.86822987
60165 -0.6567826
60265 -0.11595583
60364 0.5148306
60465 1.1051569
60566 1.8071852
60666 2.2820382
60982 2.9602113
61083 2.920302
61182 2.8039465
61283 2.361886
61383 1.8111582
61484 1.2690382
61584 0.7821307
61684 0.28677607
61783 -0.24565792
61884 -0.7985177
61985 -1.1957219
62085 -1.344316
62184 -1.398608
62285 -1.1845136
62385 -0.5601835
62485 0.11757517
62585 0.6357565
62686 0.9473276
62786 1.2880344
62886 1.5596323
62986 1.9985094
63086 2.339826
63186 2.621151
63286 2.7703428
63386 2.716475
63487 2.460959
63586 1.9224982
63687 1.3070383
63788 0.6472373
63888 -0.0077314377
63987 -0.46051502
64087 -1.0134454
64188 -1.505445
64288 -1.7677531
64388 -1.7347445
64488 -1.5929656
64588 -1.3270683
64689 -0.8302622
64789 -0.28163052
64889 0.19766712
64989 0.6271639
65090 0.9772811
65190 1.2717366
65272 1.4903879
65372 1.8268762
65472 2.0571508
65572 2.084096
65672 2.094191
65772 2.0690522
65873 1.8498144
65974 1.173419
66075 0.5914774
66175 0.16721916
66275 -0.25547075
66375 -0.65149593
66475 -0.98472786
66575 -1.3794873
66676 -1.5343919
66776 -1.5126786
66876 -1.2517021
66976 -0.6422901
67076 0.14594698
67176 0.7463169
67277 1.3282561
67377 1.8727798
67477 2.5210648
67577 2.7951965
67677 2.8692827
67777 2.843875
67877 2.666976
67977 2.173438
68078 1.6319971
68178 1.1089659
68278 0.6246872
68378 0.1676774
68478 -0.18046999
68578 -0.4661913
68678 -0.6412225
68779 -0.70382786
68879 -0.61744785
68979 -0.2975049
69079 0.27679777
69179 0.80323696
69279 1.1422892
69379 1.528295
69480 2.0855865
69580 2.5736837
69680 2.7779837
69781 2.7982574
69880 2.777752
69980 2.4257073
70081 1.5618143
70181 0.95932627
70281 0.34722233
70382 -0.14927244
70482 -0.55920696
70582 -0.94572735
70683 -1.190501
70782 -1.3306897
70883 -1.3708844
70982 -1.2950573
71083 -0.98442745
71183 -0.30503082
71283 0.19881058
71383 0.76889706
71483 1.2969904
71583 1.8849182
71683 2.3502707
71784 2.5447717
71885 2.6534567
71984 2.7013297
72085 2.7128944
72184 2.6688604
72285 2.5062728
72385 2.0672102
72485 1.3566294
72585 0.88311815
72685 0.4949522
72786 -0.025387287
72885 -0.41997576
72986 -0.67761517
73086 -0.76286936
73187 -0.7838383
73287 -0.74891996
73387 -0.5846963
73487 -0.28333664
73587 0.013776302
73687 0.37803173
73788 0.7261362
73888 1.1619725
73988 2.0040922
74088 2.528637
74188 2.641622
74288 2.6651306
74388 2.6639977
74488 2.4786935
74589 1.7233696
74688 0.98196125
74789 0.45649958
74889 0.008812904
74989 -0.38500166
