33 0.8465166
133 1.7940125
233 2.9585657
334 3.9116402
433 4.2881336
534 4.192547
634 3.2748814
734 2.039112
834 0.8566685
934 0.1034441
1034 -1.2412567
1134 -1.8944745
1234 -1.9910543
1335 -1.9732895
1436 -1.7665341
1535 -1.1323783
1636 -0.4457779
1736 0.71183205
1836 1.8777542
1936 3.2895203
2036 3.6809998
2136 3.505621
2236 2.555828
2338 1.3363276
2436 0.122009754
2538 -0.81894207
2636 -1.7249641
2737 -2.3556228
2838 -2.9450502
2937 -2.9833198
3038 -3.0172608
3138 -3.049639
3239 -2.9741807
3338 -3.1227233
3439 -1.9086518
3539 -0.09848356
3639 1.6287146
3739 3.2826958
3839 4.2493305
3939 3.9576015
4039 4.0246687
4139 3.3702078
4239 2.8626795
4339 1.8850517
4440 0.6515093
4540 -0.8693304
4640 -2.7815049
4740 -3.8497458
4840 -4.1165032
4941 -4.2480354
5041 -4.626249
5141 -4.6766386
5241 -3.729669
5342 -2.4790897
5442 -0.575757
5542 0.85913754
5643 2.1429892
5742 3.1699247
5842 3.7804136
5943 4.1666565
6043 4.2471437
6145 4.142478
6243 3.7771816
6344 2.858508
6443 1.7329583
6545 0.08605099
6644 -1.2128315
6744 -2.426886
6844 -3.4087691
6944 -4.2549357
7045 -4.454274
7145 -4.4927506
7246 -4.254256
7345 -3.149736
7445 -1.9530599
7544 -0.50012875
7646 0.7550645
7730 2.0583563
7846 3.1866856
7929 3.8562737
8046 4.366518
8130 4.421344
8230 4.290327
8330 3.216076
8430 2.9543257
8531 1.4842978
8630 0.40981483
8730 -1.3845744
8831 -2.7037063
8931 -3.4527323
9030 -3.9756267
9131 -4.407769
9232 -4.543891
9331 -4.533541
9433 -4.3764105
9532 -3.903791
9632 -2.5458055
9731 -0.5892296
9832 1.2309327
9933 2.7408118
10032 3.40407
10133 3.7367992
10233 3.863513
10334 3.7168703
10433 3.4978886
10534 3.05797
10634 2.177442
10733 0.77535534
10833 -0.8395786
10934 -2.4035773
11034 -3.221118
11134 -3.532576
11235 -3.1588883
11335 -3.1883037
11435 -3.2173214
11534 -2.5951405
11635 -0.9942045
11735 0.7689085
11835 2.6824236
11935 4.127329
12035 3.5751762
12135 4.0050564
12237 4.1089573
12337 3.4321775
12436 2.8782969
12536 0.94181585
12637 -0.6035714
12737 -1.869477
12838 -2.6724668
12937 -3.7874143
13039 -4.086371
13138 -4.280337
13238 -4.3615665
13338 -4.3950863
13439 -4.279309
13538 -2.5820005
13639 -0.19377136
13739 1.2128987
13839 2.5557694
13939 3.7307997
14039 4.43194
14139 4.752983
14239 4.7170486
14340 4.5788374
14440 4.0295353
14540 2.8237848
14641 1.8645272
14741 0.5326948
14840 -1.0427756
14941 -2.031553
15043 -2.7665348
15141 -2.9218616
15242 -2.9697945
15341 -3.016467
15442 -3.093673
15542 -3.2026043
15642 -2.6520193
15742 -1.5687535
15842 -0.41033983
15942 0.9476948
16042 2.1827865
16144 3.344657
16242 4.0749464
16344 4.574087
16443 4.8197165
16544 4.8744764
16643 4.7009897
16744 4.256072
16844 3.6900845
16943 3.0282402
17044 2.239049
17144 1.3767295
17244 0.2733941
17345 -0.995821
17445 -1.8814113
17545 -2.6182384
17645 -3.1299179
17746 -3.220414
17845 -3.1210506
17945 -3.016674
18045 -2.715165
18145 -1.7635746
18246 -0.5724869
18330 0.7489352
18430 2.1359658
18530 3.253624
18630 3.7418728
18747 3.9979382
18831 4.0695133
18931 4.0889835
19030 4.088644
19131 3.793973
19232 3.3430824
19331 2.7864785
19431 1.8062849
19531 0.7922945
19632 -0.33244944
19731 -1.0489697
19832 -1.8452301
19934 -2.612121
20033 -2.8791723
20133 -3.0308309
20232 -3.3416088
20334 -3.1610785
20433 -3.1130338
20534 -2.2235355
20635 -1.2919278
20734 -0.089138985
20833 0.88828087
20934 1.7428222
21035 2.7318487
21134 3.564251
21451 4.7031918
21551 4.673087
21652 4.7681446
21751 4.4428587
21852 3.652194
21952 2.7834764
22052 1.9747391
22152 1.2774014
22253 0.1560564
22353 -1.1525943
22454 -2.288921
22553 -2.8258238
22654 -3.0553002
22754 -3.243429
22854 -3.1701894
22954 -3.0872674
23054 -2.7838311
23154 -2.11867
23254 -1.1514378
23354 0.34800053
23456 1.352395
23555 3.1086445
23655 3.6817493
23755 4.11224
23856 4.4649773
23955 4.578227
24055 4.5147552
24156 4.314128
24256 3.9915304
24357 3.3663921
24456 2.3516402
24557 1.3756647
24656 0.6142211
24757 -0.6811528
24842 -1.7951541
24957 -2.7103775
25058 -3.3244927
25141 -3.8788857
25241 -4.2239556
25342 -4.519032
25443 -4.292282
25542 -3.9652312
25642 -2.4289005
25742 -1.1000736
25842 -0.08443737
25943 0.79345465
26043 1.6860261
26143 2.4635305
26243 3.1569138
26344 3.574358
26443 3.789013
26544 4.0038395
26643 4.0274963
26744 3.9728632
26843 3.8611088
26944 3.5124903
27046 2.4883394
27144 1.3427949
27245 0.071875095
27344 -1.0536544
27445 -2.1969144
27545 -2.8222127
27645 -2.7330558
27745 -2.920649
27845 -3.0352213
27947 -3.0151894
28045 -2.7990594
28147 -2.5690656
28246 -2.0971384
28347 -0.69622135
28446 0.46366692
28546 1.3798738
28646 2.6601653
28747 3.592904
28847 4.0577564
28947 4.2053556
29047 4.435871
29147 4.4727592
29249 4.495121
29348 4.368787
29448 4.142131
29548 3.0655174
29649 1.9850945
29748 0.619936
29848 -0.5956569
29949 -1.5012698
30049 -2.4256928
30150 -3.0097346
30249 -3.2761598
30349 -3.3666363
30449 -3.1663117
30550 -2.5547862
30650 -2.4605317
30750 -1.8928819
30850 -0.66668224
30950 0.43942976
31051 1.5902948
31150 3.224472
31251 4.2452517
31351 4.0130625
31452 4.2631283
31551 4.297374
31652 4.292056
31751 4.2362785
31852 4.186863
31953 3.4641247
32052 2.6668496
32154 1.6508508
32252 -0.14540625
32353 -1.2571366
32453 -2.4738953
32553 -2.9990573
32653 -3.4172115
32753 -3.6486812
32854 -3.5901616
32954 -3.3669188
33055 -2.6335037
33154 -2.3243861
33254 -1.774157
33354 -0.8181896
33455 0.40207958
33554 1.6278749
33655 3.2510977
33756 4.269678
33855 3.382761
33957 3.7848606
34055 4.0718174
34155 4.1538506
34256 4.1001835
34356 4.0769806
34455 3.3052998
34557 2.4414558
34656 1.5141029
34756 0.26354885
34856 -0.5670023
34957 -1.287477
35058 -2.308285
35141 -2.7480838
35242 -3.1026688
35342 -3.2548795
35441 -3.1692061
35541 -3.114077
35658 -3.0492854
35741 -2.7356982
35843 -1.3757386
35943 -0.6916537
36059 0.95507526
36142 1.794591
36243 2.629949
36343 2.704988
36443 3.2746449
36543 3.6467075
36645 4.018547
36744 3.982521
36844 3.976016
36943 3.9582129
37045 3.8224745
37145 3.49255
37245 2.4938936
37345 1.9914651
37445 0.9921179
37545 -0.40313578
37644 -1.780215
37745 -3.075767
37845 -3.6743393
37946 -4.0123205
38046 -4.0040984
38146 -3.928678
38247 -3.8071177
38346 -3.6368575
38447 -2.924532
38546 -1.8232293
38646 -0.42533636
38746 0.9351411
38847 1.8077798
38947 2.3430047
39047 2.7691526
39147 3.208496
39464 3.3334723
39564 3.309389
39665 3.2035637
39764 2.5769033
39865 2.3397064
39968 0.842196
40065 -0.2561388
40168 -1.4865196
40266 -2.528629
40367 -3.4241345
40466 -3.8295414
40566 -4.1566353
40667 -4.416324
40766 -4.342399
40866 -4.165785
40967 -3.9958775
41069 -2.51745
41168 0.18680811
41268 1.203845
41369 2.361496
41468 3.1140375
41568 3.8530006
41668 4.502589
41768 4.744261
41869 4.776602
41971 4.612793
42070 4.4213715
42169 4.214575
42269 3.8448915
42369 2.969462
42470 1.7750893
42570 0.1691122
42670 -0.3062291
42770 -0.9538317
42870 -1.7374012
42970 -2.2662528
43070 -2.5562801
43171 -2.627938
43271 -2.5869746
43371 -2.400879
43471 -1.8437707
43571 -1.4344807
43671 -0.720212
43772 0.31086206
43871 1.2106862
43972 3.239809
44073 4.7735615
44172 3.534215
44272 3.9033108
44372 4.125057
44473 4.7449665
44573 5.0
44672 4.845498
44773 4.069089
44875 3.2307758
44973 2.3801627
45074 1.1965985
45173 0.28041935
45274 -0.3373971
45374 -1.2669957
45474 -1.839844
45574 -2.2626882
45675 -2.567697
45774 -3.7303548
45875 -3.7134764
45975 -3.524453
46075 -3.1633286
46176 -2.5412283
46275 -1.3142438
46376 0.49363327
46476 2.401587
46576 3.2053022
46677 4.222561
46777 5.0
46878 5.0
46978 5.0
47079 5.0
47178 5.0
47277 4.9230356
47378 2.9823623
47478 2.2270432
47578 1.0411706
47678 -0.30952787
47779 -1.25106
47878 -1.2808106
47978 -2.185638
48078 -3.0344625
48179 -3.5324214
48279 -3.607835
48379 -3.5610888
48480 -3.4801934
48580 -3.2425718
48680 -2.0111423
48779 -0.67229605
48880 0.81063986
48980 1.8613524
49080 2.7696085
49181 2.8992472
49281 2.841649
49381 2.7250166
49481 2.0214968
49581 0.3456669
49682 -0.7107806
49781 -1.7936721
49882 -2.60608
49982 -3.0013888
50082 -3.1936774
50184 -3.1990335
50266 -3.1942885
50367 -2.8287597
50466 -1.3154092
50583 0.14872646
50666 1.3381982
50783 2.726088
50866 3.1830807
50966 3.4224358
51067 3.6447783
51167 3.6526127
51268 3.4878807
51367 2.8877983
51468 1.8650026
51571 0.5980778
51668 -0.50997114
51768 -1.3314748
51868 -2.0521598
51968 -2.666373
52068 -2.9898088
52169 -3.058427
52269 -3.042564
52370 -2.7941873
52469 -1.7449241
52570 -0.5854192
52671 0.92878246
52769 1.9875069
52871 2.5111442
52971 3.0333748
53070 3.1598358
53170 3.2649994
53271 3.0282106
53371 2.2505674
53472 1.1686492
53571 -0.032057285
53671 -1.0880897
53771 -2.0640216
53871 -2.7847238
53972 -4.15533
54072 -4.215406
54172 -3.8848062
54273 -3.0267887
54373 -1.571156
54473 0.16126633
54573 1.8901558
54673 2.859376
54773 4.135621
54875 4.542568
54973 4.6292267
55074 4.545801
55173 4.3249216
55274 3.6213245
55374 2.739297
55474 1.7437186
55575 0.30455923
55674 -1.1044388
55776 -2.163505
55875 -2.6844354
55975 -2.9463868
56075 -2.9645824
56176 -2.866096
56275 -2.7393029
56375 -2.1115975
56475 -0.6600876
56576 0.9108076
56676 2.0002098
56776 2.880053
56877 3.6325417
56976 3.7071419
57077 3.6688118
57177 3.681839
57277 3.6738796
57377 3.6674166
57478 3.3475342
57578 1.9840636
57678 0.6602011
57778 -0.7394228
57878 -1.7451484
57979 -2.7755458
58078 -3.2135732
58180 -3.5367718
58279 -3.567382
58379 -3.5821087
58479 -2.7742965
58579 -1.9624932
58680 -0.8508167
58779 0.41988468
58879 1.7756042
58980 2.9842424
59081 3.7918282
59180 4.585701
59281 4.6379833
59380 4.412301
59481 3.9466696
59581 3.1882439
59681 2.201439
59783 0.6974273
59881 -0.8125863
59983 -2.3793464
60081 -3.345549
60182 -3.6606827
60282 -3.9673026
60383 -3.7404532
60482 -3.636799
60583 -3.1606421
60682 -1.5814552
60782 -0.38233852
60884 1.4053268
60983 2.5280762
61084 3.447425
61183 3.8649883
61284 3.9714146
61384 3.791006
61484 3.082985
61584 2.1698866
61685 1.4140396
61785 -0.1465373
61884 -1.215163
61986 -2.3662353
62085 -2.828216
62185 -3.215764
62286 -3.2744431
62385 -3.2854059
62486 -2.816389
62585 -1.7291164
62686 -0.7013912
62770 0.37724066
62871 1.6276155
62970 2.702722
63071 3.1936512
63170 3.6995134
63270 3.7630758
63370 3.6738844
63471 3.260336
63571 2.9100409
63671 2.1337843
63773 0.7759824
63871 -0.43965816
63972 -1.8644347
64072 -3.0680506
64172 -4.297254
64272 -4.6431713
64372 -4.4783683
64473 -4.1716433
64573 -3.686142
64672 -2.4184022
64789 -0.6221719
64873 0.36169815
64973 1.592391
65075 2.8387632
65173 3.1158762
65274 3.4573994
65374 3.4733324
65474 3.3693676
65575 3.2532673
65674 3.1712084
65774 3.0776463
65875 2.4474425
65975 0.53224325
66075 -0.6927004
66175 -2.2293077
66275 -3.6435308
66376 -4.811855
66476 -4.9401865
66576 -5.0
66676 -4.667127
66776 -4.3971257
66877 -3.5504727
66976 -2.028035
67077 -0.4176345
67177 0.7819557
67277 2.4206963
67377 3.4984865
67478 3.512516
67577 3.561964
67678 3.690424
67779 3.5373268
67878 3.2992525
67979 2.8499842
68079 2.2585287
68179 0.8019161
68278 -0.6033006
68379 -1.3785071
68479 -2.4363735
68579 -3.3747344
68679 -4.3247437
68779 -4.6625667
68880 -4.686856
68979 -4.771214
69080 -4.767763
69180 -3.9641492
69281 -3.0969079
69380 -0.78882694
69481 0.09248829
69581 1.0054512
69681 1.9813337
69783 2.7427702
69881 3.2634869
69982 3.5515633
70081 3.97291
70182 3.791418
70282 3.5495386
70382 3.0889072
70482 2.12052
70583 1.4226351
70682 -0.33015537
70783 -1.241663
70883 -2.2439256
70983 -2.8819509
71083 -3.120192
71184 -3.2255588
71284 -3.1403778
71384 -2.8536916
71484 -1.9403644
71585 -0.73200846
71684 0.6048131
71784 2.196105
71885 3.0775986
71986 3.6124277
72085 4.0933266
72185 4.092779
72284 3.8817177
72386 3.010438
72486 1.6456618
72585 0.62530327
72686 -0.5418558
72786 -2.20299
72871 -2.8736024
72970 -2.9266047
73070 -2.612267
73171 -2.0521603
73272 -1.2808781
73371 0.6142268
73487 2.1372633
73571 2.977683
73672 3.6761131
73771 3.7826052
73871 3.39892
73972 2.92246
74071 2.2919936
74172 0.44939995
74272 -0.94826984
74372 -2.007679
74472 -2.7621381
74572 -2.9092488
74672 -2.4404798
74772 -1.3888927
74874 -0.11979866
74973 0.8386526
