39 -2.5864067
139 -1.9007549
240 -0.06685734
340 1.3043232
440 2.776857
791 4.317726
891 3.166584
991 1.1915131
1091 -0.43829298
1191 -1.4963276
1294 -2.4017937
1391 -3.07036
1494 -3.797982
1594 -2.8566546
1694 -1.526799
1794 -0.064757824
1894 1.2458887
1993 2.1976562
2093 3.1427794
2194 3.5730648
2293 3.654045
2393 3.2121725
2494 1.7786245
2594 0.28070545
2694 -0.9374294
2797 -1.8011909
2895 -2.339217
2997 -2.753005
3097 -2.9989157
3194 -2.7833304
3295 -1.3545291
3395 0.26208687
3495 1.5048914
3595 2.2738485
3695 3.1283426
3796 3.9958591
3897 4.1422367
3996 3.387785
4097 2.0509734
4197 0.3783579
4297 -1.1116347
4397 -1.8790431
4499 -2.6155796
4597 -3.0183818
4697 -3.071138
4798 -2.687592
4898 -1.3168461
4998 0.15478611
5099 1.4561396
5200 2.7254248
5299 3.6126356
5398 4.4051504
5499 4.723318
5599 4.260832
5699 2.6896706
5799 0.7558985
5899 -0.61060715
6000 -1.7995427
6100 -2.669949
6200 -3.3530734
6300 -3.6786017
6400 -2.922631
6500 -1.6944757
6600 -0.33833122
6701 0.7757344
6802 1.9624395
6901 3.1166563
7001 3.8356438
7101 4.508009
7202 4.736079
7302 3.7962742
7386 2.3833046
7486 0.7390032
7586 -0.6635041
7686 -1.8673091
7786 -2.9265397
7886 -3.8714786
7986 -4.149764
8087 -3.3825455
8187 -1.928216
8287 -0.27952862
8387 1.3236456
8487 2.4749603
8588 3.5806885
8687 4.0371685
8788 4.0380297
8888 3.6050816
8988 2.266168
9088 0.75248957
9188 -0.4256282
9288 -1.2144341
9388 -2.147609
9489 -2.7362316
9589 -2.9478858
9689 -3.0065885
9789 -2.7957408
9892 -1.2327495
9992 0.22872162
10091 1.6572266
10192 2.9929209
10290 3.9372349
10391 4.5340576
10491 4.413121
10591 3.5809708
10691 2.2376046
10791 0.9387398
10891 -0.3381753
10994 -1.4179406
11094 -2.0161936
11192 -2.5894456
11292 -3.1096783
11392 -3.657415
11492 -3.1174846
11593 -2.160625
11692 -1.1277957
11793 0.2495637
11893 1.4736733
11993 2.4889388
12093 3.4102573
12193 4.214754
12294 4.5913677
12393 4.3850117
12494 3.0450535
12594 1.5980325
12694 0.39356852
12795 -0.77885246
12897 -2.0197177
12994 -2.9299488
13097 -3.9570055
13197 -4.3362174
13297 -4.4008074
13397 -4.0010605
13496 -2.1063263
13596 -0.4437914
13696 1.3088903
13796 2.5608072
13896 3.3099623
13996 4.0462856
14097 4.236023
14196 4.165904
14297 3.1023464
14397 1.4563665
14497 0.12973547
14597 -1.2124531
14698 -2.0725718
14798 -2.9090998
14898 -3.7449613
14998 -3.9156637
15099 -3.8062277
15198 -3.4193273
15299 -1.288337
15398 0.17094803
15499 1.7751513
15599 3.1061134
15699 3.9586868
15799 4.8242025
15899 5.0
16000 5.0
16100 5.0
16200 4.434225
16301 3.457924
16400 2.2676039
16501 1.4073105
16601 0.5130887
16701 -0.5191889
16801 -1.3293395
16901 -2.2237904
17003 -3.0025132
17103 -3.6154568
17202 -3.8764265
17286 -3.8913083
17386 -3.8914623
17486 -3.8057444
17586 -3.6914718
17686 -3.389438
17786 -2.5216482
17886 -1.3029873
17986 -0.32739973
18087 0.85389805
18187 1.7019014
18287 2.5915337
18387 3.1249638
18487 3.3128157
18587 3.4357681
18687 3.4470692
18787 3.3412447
18888 2.5308013
18988 1.4472413
19088 0.50033045
19188 -0.3336296
19288 -1.1859131
19389 -1.8878143
19489 -2.6771314
19589 -3.1206794
19689 -3.1841567
19792 -3.2782547
19892 -3.4242902
19992 -3.4230897
20092 -3.422647
20192 -3.4206142
20291 -3.3449607
20390 -1.5968971
20491 -0.3400402
20592 0.7096014
20691 1.6520905
20791 2.3300529
20891 2.8252258
20994 3.108695
21094 3.2249203
21194 3.1177864
21292 2.3841019
21392 1.3025951
21492 0.092347145
21593 -0.8643155
21693 -1.3047976
21793 -1.9419675
21893 -2.221118
21993 -2.5942087
22094 -2.8231964
22193 -2.980544
22294 -3.058537
22394 -3.119661
22494 -3.2069345
22594 -3.23047
22694 -2.8999472
22797 -1.3926628
22897 -0.24332762
22997 0.6035404
23097 1.3753042
23197 2.0541868
23295 2.5740256
23396 2.810048
23496 3.0538273
23596 3.12084
23696 3.0960941
23797 3.0447655
23897 2.8982596
23996 1.8508654
24097 0.4827137
24198 -0.38117743
24297 -0.9010935
24397 -1.4040642
24497 -2.018845
24598 -2.4295378
24698 -2.6783113
24798 -2.8560233
24898 -3.0608048
24999 -3.0721498
25098 -2.7909086
25199 -1.852433
25300 -0.8297863
25400 0.3583355
25499 1.4241362
25599 2.4266715
25699 2.9180174
25800 3.1227293
25900 3.2224207
26000 3.2695065
26100 3.2794209
26200 3.267808
26301 3.1240816
26401 2.4263206
26501 1.2805672
26602 0.31714964
26701 -0.48208523
26801 -1.1916397
26901 -1.2958839
27002 -1.7113407
27102 -2.1727824
27186 -2.3674545
27286 -2.6286643
27386 -2.868831
27485 -2.9536347
27586 -2.9628444
27686 -2.92687
27786 -1.9820154
27887 -0.42329168
27987 0.63374186
28086 1.3791633
28187 1.9526505
28287 2.3269806
28387 2.6590295
28487 2.8402886
28588 2.8874626
28688 2.9271264
28788 3.0046444
28888 3.028633
28988 2.9775476
29089 2.6245627
29189 1.5710425
29289 0.53648615
29389 -0.39012957
29489 -1.1022866
29589 -1.5638535
29689 -2.0219474
29792 -2.4346938
29892 -2.675241
29992 -2.9442792
30092 -3.1378846
30192 -3.1903284
30290 -2.8916955
30391 -1.7068305
30491 -0.65320206
30591 0.5006046
30691 1.5534315
30794 2.4003997
30894 3.0404701
30991 3.6095276
31094 3.809494
31193 3.8511477
31293 3.853835
31393 3.7581797
31492 3.0830555
31593 2.2998328
31693 1.4200644
31793 0.40718412
31893 -0.18630457
31993 -0.82794094
32094 -1.4983392
32194 -1.8857589
32294 -1.9843678
32394 -2.1672523
32497 -2.2121596
32594 -2.2104836
32695 -2.0036983
32794 -1.2580891
32897 -0.22905159
32997 0.7298384
33097 1.6707773
33197 2.4891624
33296 3.1138477
33396 3.489128
33496 3.968193
33596 4.1935205
33696 4.23431
33797 3.9096394
33897 3.18396
33997 2.5955238
34097 1.7708116
34197 1.0032225
34297 0.052309036
34398 -0.7697334
34498 -1.4852977
34598 -2.086419
34698 -2.6236634
34798 -2.7491527
34898 -2.8251007
34999 -2.9584546
35099 -3.010417
35199 -2.9993427
35299 -2.562824
35399 -1.239814
35499 0.37244558
35600 1.3334913
35700 1.9508996
35800 2.6598864
35900 2.9663591
36001 3.2167215
36102 3.4543934
36201 3.527278
36301 3.581911
36401 3.5854902
36502 3.3706188
36603 2.4902139
36702 1.1900139
36801 0.12595892
36902 -0.78257465
36986 -1.2538807
37086 -1.6533089
37186 -1.9341226
37286 -2.165559
37386 -2.5497346
37486 -2.8191838
37586 -3.1210063
37686 -3.3792276
37787 -3.3627124
37887 -2.1859126
37987 -0.7859535
38087 0.4551649
38187 1.6247382
38287 2.308442
38388 2.8139434
38488 3.1105547
38588 3.2877445
38688 3.4423828
38788 3.585308
38888 3.6587086
38989 3.6727505
39088 3.668974
39189 3.5607243
39289 3.17247
39389 2.4887557
39489 1.8074431
39592 0.81734896
39689 -0.06439495
39792 -0.94701433
39892 -1.4874337
39992 -1.8678703
40092 -2.1355472
40192 -2.3454115
40291 -2.720863
40391 -2.9296477
40491 -2.9474843
40591 -2.8330681
40692 -2.0724375
40791 -1.5284474
40895 -0.7704716
40994 0.2115612
41094 1.4751463
41194 2.1662726
41293 2.7016935
41393 3.2168074
41492 3.4277964
41593 3.5568008
41693 3.5288792
41794 3.0241785
41894 2.052649
41994 1.1301494
42094 -0.0027017593
42194 -0.3293109
42295 -0.66030264
42394 -1.0913723
42494 -1.7003422
42597 -2.0546813
42697 -2.251267
42797 -2.3968368
42897 -2.7214558
42997 -2.8543482
43097 -2.8794305
43198 -2.7775755
43297 -2.2288551
43396 -0.7791357
43496 0.21655321
43596 1.2099338
43696 2.0064864
43797 2.7726011
43897 3.226736
43998 3.738657
44097 4.0644827
44197 4.1976166
44298 4.0911865
44397 3.5374842
44499 2.389357
44598 1.418045
44698 0.34895706
44798 -0.5691824
44899 -1.2478995
44999 -1.8025546
45099 -2.2223938
45199 -2.5420775
45300 -2.673949
45399 -2.988875
45500 -3.308051
45601 -3.451315
45700 -3.4098806
45800 -3.154393
45900 -2.5934713
46001 -0.96839285
46101 0.90981007
46201 2.3813653
46301 3.6370916
46401 4.2888737
46501 4.442852
46601 4.232623
46702 2.6256247
46801 1.2497511
46902 -0.23087788
47003 -1.392165
47086 -1.9484105
47186 -2.5144465
47286 -2.310224
47386 -1.5428021
47486 0.04605198
47586 1.3671045
47687 2.4288683
47787 3.410139
47887 3.8052235
47987 3.7734776
48087 2.5024538
48188 1.2469835
48288 0.002565384
48388 -0.90346956
48487 -1.6612403
48588 -2.574432
48688 -4.305465
48789 -4.264207
48889 -3.417307
48989 -2.0628157
49089 -0.59264183
49192 0.751204
49292 1.9675074
49392 3.2267828
49491 4.0655155
49591 4.649226
49691 4.712928
49791 4.045496
49891 2.725295
49992 1.7252755
50092 0.83478165
50191 -0.24264622
50292 -1.1873691
50391 -1.9808578
50491 -2.2303135
50594 -2.6605756
50694 -2.9323368
50791 -2.925713
50894 -2.0572333
50994 -0.7610183
51094 0.7757673
51194 2.2134376
51293 3.4733868
51393 3.6904202
51493 3.8066034
51594 3.786704
51694 3.4702816
51793 2.4836974
51894 1.3696003
51994 0.24229288
52097 -0.891531
52194 -1.7187247
52294 -2.1771235
52394 -2.8332605
52495 -3.0631304
52595 -3.0412555
52695 -2.8984768
52796 -1.8083386
52896 -0.5696902
52995 0.81011295
53096 1.8332491
53197 2.6290946
53296 3.3410015
53396 3.5329914
53496 3.4881926
53597 2.868638
53697 1.5353088
53797 0.12836456
53899 -1.2345042
53998 -1.864322
54098 -2.3568478
54198 -2.5780864
54298 -2.5676825
54398 -2.3830712
54498 -1.5648046
54598 -0.51756144
54698 0.5911393
54798 1.4924064
54899 2.3855987
54999 3.0856915
55101 3.7016258
55199 3.7724657
55300 3.6047325
55400 2.4625177
55500 1.2934656
55600 0.021791458
55701 -0.9207816
55801 -1.8420136
55901 -2.6418974
56001 -3.2979796
56101 -3.8431373
56201 -3.978969
56301 -3.543296
56403 -2.3610392
56503 -0.9001384
56602 0.11206341
56702 1.2841997
56786 2.0932617
56886 3.0194721
56986 3.5603857
57086 3.777709
57186 3.8283005
57285 3.4399233
57386 1.736577
57487 0.24239445
57587 -0.7767391
57687 -1.3791802
57787 -1.5645299
57887 -1.8686857
57987 -2.0608711
58087 -2.1293557
58188 -1.6074734
58288 -0.078697205
58388 1.3021808
58488 2.3458152
58592 3.0740108
58692 3.5323925
58789 3.7562733
58889 3.71906
58989 3.203559
59089 1.9253387
59189 0.82420254
59292 -0.45872498
59392 -1.4480164
59489 -2.3815808
59592 -2.8308923
59692 -3.1420739
59792 -3.2018642
59891 -2.355616
59991 -1.205586
60091 0.03551817
60191 1.1806402
60291 2.0823927
60392 2.6417146
60492 3.1915684
60592 3.440527
60692 3.4931135
60792 2.9813156
60892 1.5752397
60992 0.3332224
61093 -0.7722063
61193 -1.5606213
61293 -2.7475526
61393 -3.2223685
61493 -3.7748911
61593 -4.064761
61694 -4.0667806
61794 -3.7331545
61894 -2.1612978
61997 -0.97020864
62094 0.3727479
62194 1.5163755
62296 2.457789
62397 3.0913029
62497 3.4615402
62597 3.6716547
62697 3.5833244
62797 2.7140303
62896 1.7693672
62996 1.06985
63096 0.10438824
63196 -0.7280488
63296 -1.4918666
63396 -2.1772182
63497 -2.7229543
63598 -2.923449
63697 -3.0922549
63797 -3.1670406
63897 -3.1249373
63997 -2.7825084
64098 -0.9768095
64198 0.44691944
64298 1.537085
64398 2.2341452
64498 3.1000748
64600 3.3878698
64699 3.7538223
64799 3.9016953
64899 3.7446756
65000 2.9632835
65099 1.5129867
65199 0.15404367
65300 -1.2965801
65400 -2.3237927
65500 -2.9894612
65600 -3.4624548
65700 -4.064739
65800 -4.2607207
65902 -3.9768908
66001 -2.804197
66101 -1.1922469
66202 0.106566906
66302 1.1298785
66401 1.7965369
66502 2.3664145
66585 2.8971434
66685 3.2353
66785 3.4698505
66885 3.6420612
66986 3.7037601
67086 2.8363848
67186 1.2035055
67286 0.069330215
67386 -0.7179518
67487 -1.4654784
67587 -2.7287178
67687 -3.787795
67787 -3.954321
67887 -4.1133375
67988 -3.928586
68087 -3.1104453
68188 -2.1789737
68288 -0.87739754
68388 0.20145941
68489 1.0821228
68589 1.7248521
68689 2.4038987
68789 2.7889137
68888 3.3480072
68989 3.919652
69089 3.9029064
69192 3.0025253
69292 1.4772177
69392 0.17554188
69492 -0.8283763
69592 -1.6365666
69691 -2.3822916
69791 -2.7640138
69891 -3.1759422
69991 -3.467569
70091 -3.5126338
70192 -3.205602
70291 -1.8593774
70392 -0.4004321
70491 0.827775
70593 1.9503198
70693 2.8165069
70792 3.334013
70892 3.8002453
70992 4.2266293
71093 4.4268665
71193 4.331974
71293 2.7602067
71393 1.0629039
71493 -0.39420605
71593 -1.5422547
71693 -2.5446267
71794 -3.5772977
71894 -4.1410446
71995 -4.134124
72097 -3.794174
72197 -2.9900672
72295 -1.483727
72395 -0.30831432
72495 0.78364563
72595 2.014783
72696 2.9443235
72795 3.7790346
72896 4.014385
72997 3.7517118
73096 3.946041
73196 3.8965845
73296 2.2017317
73397 0.6500864
73497 -0.7563133
73597 -1.6453209
73697 -2.4252934
73797 -3.2731905
73897 -3.7045913
73997 -3.9401689
74098 -3.9580984
74199 -3.949339
74299 -2.5536847
74398 -1.3185086
74499 -0.44966984
74600 0.41714764
74700 1.292162
74799 1.939611
74899 2.5678482
75000 3.2602177
