1 -3.4664893
101 -2.513994
201 -1.233392
301 -0.15909672
401 0.62445116
501 1.479609
601 1.9211121
701 2.1318855
801 2.3178139
901 2.3884125
1001 2.3797174
1101 2.31669
1201 2.1185694
1301 1.1891155
1401 -0.051930904
1501 -0.7845254
1601 -1.4417152
1701 -2.2429774
1801 -3.0714564
1901 -3.7673438
2001 -3.759118
2101 -3.7179418
2201 -3.678007
2301 -2.4981556
2401 -1.6829677
2501 -0.6492152
2601 0.33334255
2701 1.2412477
2801 1.9274206
2901 2.424974
3001 2.706563
3101 2.859983
3201 2.9669342
3301 2.9785714
3401 2.8575125
3501 2.5254312
3601 1.6488738
3701 0.65553856
3801 -0.28694773
3901 -1.0852234
4001 -1.7079697
4101 -2.1556506
4201 -2.540521
4301 -2.6646895
4401 -2.6764755
4501 -2.6614325
4601 -2.189896
4702 -1.2014954
4801 0.0093102455
4901 1.0966043
5001 1.7263236
5101 2.1821623
5201 2.5915618
5415 3.0237455
5515 3.0147886
5615 2.710753
5715 1.8031602
5815 0.8404517
5915 -0.14468431
6015 -0.8598976
6115 -1.4295762
6215 -1.8923473
6315 -2.1960866
6415 -2.3201625
6515 -2.429997
6615 -2.4829745
6715 -2.4516149
6815 -2.2103813
6915 -1.6407075
7015 -0.6143179
7115 0.2884822
7215 0.99675417
7315 1.4458971
7415 1.9337168
7515 2.1374474
7615 2.2624636
7715 2.3428206
7815 2.3543615
7915 2.282023
8015 1.760756
8115 0.78139734
8215 -0.20826101
8315 -0.8424902
8415 -1.365202
8515 -1.8742769
8615 -2.2904046
8715 -2.53453
8815 -2.706049
8915 -2.760025
9015 -2.718457
9115 -2.1820455
9215 -1.2418759
9315 -0.24943256
9415 0.6862612
9515 1.3699541
9615 2.022357
9715 2.5102706
9815 2.799254
9915 2.9562125
10015 3.05447
10115 3.089818
10215 2.951079
10315 2.2557135
10525 0.24583483
10624 -0.455554
10724 -1.1363716
10824 -1.7138829
10924 -2.0273097
11024 -2.2696424
11124 -2.5024111
11224 -2.6386583
11324 -2.6811917
11533 -2.120468
11631 -0.55807686
11731 0.4492345
11831 1.2104154
11931 1.7761145
12031 2.30934
12131 2.691062
12231 2.9687905
12331 3.160532
12431 3.2349768
12531 3.2108374
12631 2.8418822
12731 2.0210962
12831 1.4407897
12931 0.35019207
13141 -1.1654766
13240 -1.6932781
13340 -2.0695367
13440 -2.2999976
13540 -2.3786588
13640 -2.3911233
13740 -2.3524492
13840 -2.1657896
13940 -1.6069138
14040 -0.57118416
14140 0.2439928
14240 1.0516081
14340 1.5970817
14440 2.1130342
14540 2.5380983
14640 2.850277
14740 3.0583105
14840 3.164175
14940 3.121522
15040 2.7861052
15140 1.834928
15240 0.62604046
15340 -0.1843667
15440 -0.8634491
15540 -1.432431
15640 -1.8675332
15740 -2.2072706
15840 -2.3843188
15940 -2.456076
16040 -2.4497466
16140 -2.2589545
16240 -1.8715026
16340 -1.370481
16440 -0.65377045
16540 -0.003973007
16640 0.50747585
16740 1.0071096
16839 1.3877392
16940 1.7866201
17040 2.22619
17140 2.4987288
17240 2.5906973
17340 2.543213
17440 2.0563264
17540 1.4028234
17640 0.5095587
17740 -0.21212769
17840 -0.80655193
17940 -1.2126458
18040 -1.4747765
18140 -1.6910343
18240 -1.9077439
18340 -2.077273
18440 -2.1953168
18540 -2.220009
18640 -1.9969516
18740 -0.85562134
18840 0.28831482
18940 1.0396194
19040 1.4515672
19140 1.8934784
19240 2.392274
19340 2.7439528
19440 2.9427958
19540 3.0118399
19751 2.4062934
19848 1.5391173
19948 0.60734844
20048 0.0043230057
20263 -1.2734189
20362 -1.6114738
20462 -1.8633032
20562 -2.0103085
20771 -2.197698
20871 -2.2530231
20971 -2.2979488
21071 -2.313727
21171 -2.0828762
21271 -1.1275582
21371 -0.2983818
21471 0.4675598
21571 0.9817834
21671 1.3766799
21771 1.7470922
21871 2.1033058
21971 2.3415556
22071 2.4520302
22171 2.4777308
22389 1.852376
22489 0.84959364
22589 0.18062496
22803 -1.0694122
22903 -1.620374
23003 -1.887289
23103 -2.09691
23203 -2.2590775
23303 -2.3457077
23403 -2.42796
23503 -2.4718833
23603 -2.5001743
23703 -2.513204
23803 -2.513123
23903 -2.423605
24003 -1.5795143
24103 -0.4660449
24203 0.29570246
24303 1.0732789
24403 1.4314284
24503 1.8297105
24603 2.0377135
24703 2.262085
24803 2.4552946
24903 2.5649734
25003 2.6312613
25103 2.6306486
25203 2.5346346
25303 2.330308
25403 1.8483644
25503 0.8759947
25603 -0.09690189
25703 -0.81269073
25803 -1.3180854
25903 -1.7966435
26003 -2.0617495
26103 -2.2192388
26203 -2.325547
26303 -2.4170113
26403 -2.4938467
26503 -2.507463
26603 -2.4749434
26703 -1.9496346
26803 -0.87457323
26903 -0.028058052
27003 0.78611183
27103 1.4168968
27203 1.8800554
27303 2.2455544
27403 2.4624367
27503 2.6282911
27603 2.7425537
27703 2.803834
27803 2.8175669
28033 2.4075713
28132 1.7677917
28232 0.69447327
28332 -0.42843866
28432 -1.1801124
28532 -1.6854458
28632 -1.9797673
28732 -2.2174745
28832 -2.3873944
28931 -2.4826028
29032 -2.4984434
29132 -2.498339
29232 -2.4746413
29332 -1.8021731
29432 -0.92543507
29532 0.026808739
29632 0.9169855
29732 1.5698028
29832 2.0853333
29932 2.6950235
30032 3.1283827
30132 3.4650707
30232 3.5808716
30332 3.6048603
30432 3.5281048
30532 3.182619
30632 2.447825
30732 1.5754523
30832 0.561038
30932 -0.16347551
31032 -0.8808279
31132 -1.4634578
31232 -1.888289
31332 -2.1790621
31432 -2.3278549
31532 -2.4013147
31632 -2.42419
31732 -2.4246936
31832 -2.4156237
31932 -2.286697
32032 -1.3413892
32132 -0.39698887
32232 0.41327
32332 1.2651658
32432 1.9240098
32532 2.3566208
32632 2.8451223
32732 3.2394218
32832 3.529333
32932 3.6212254
33032 3.6170874
33132 3.3514147
33232 2.821148
33332 2.0066872
33432 1.1550364
33532 0.22134542
33632 -0.36163998
33732 -0.8898773
33832 -1.3715587
33932 -1.7248065
34032 -1.9770896
34132 -2.1816196
34232 -2.3200438
34332 -2.3766384
34432 -2.3837678
34533 -2.307712
34632 -2.0128775
34732 -1.1816208
34832 -0.2106595
34932 0.40430307
35032 1.1157122
35132 1.7228432
35232 2.2528281
35332 2.6547685
35432 3.1279392
35532 3.3752155
35632 3.5667658
35732 3.64427
35950 3.468503
36050 2.955813
36150 2.3162613
36250 1.536706
36350 0.5929141
36450 -0.07051277
36550 -0.7280865
36650 -1.2268195
36750 -1.657496
36850 -1.9465938
36950 -2.0857806
37050 -2.1542852
37150 -2.183063
37250 -2.1789875
37350 -2.0974514
37450 -1.6814799
37550 -0.954257
37650 -0.23826551
37750 0.35457325
37850 1.311101
37950 1.8396177
38050 2.3055878
38150 2.8480682
38250 3.1399326
38350 3.3303099
38450 3.4341106
38550 3.482871
38650 3.487852
38750 3.4605045
38850 3.116644
38950 2.583356
39050 1.8793817
39150 0.7582507
39250 -0.027342796
39350 -0.73208094
39450 -1.2895331
39550 -1.8188176
39650 -2.1931446
39750 -2.444882
39850 -2.6095834
39950 -2.7089524
40050 -2.765964
40150 -2.7782662
40250 -2.7501054
40350 -2.5575747
40451 -1.2780471
40550 -0.110230446
40650 0.8824377
40750 1.6045966
40850 2.1135154
40950 2.531764
41050 3.002101
41150 3.293167
41250 3.4342299
41350 3.4956188
41451 3.505681
41550 3.4504547
41651 3.223301
41750 2.5137596
41850 1.792386
41950 0.9002228
42050 0.28396082
42150 -0.36639118
42250 -1.017369
42350 -1.6487427
42450 -2.1966474
42663 -2.943719
42763 -3.041728
42982 -3.0373206
43081 -2.80339
43181 -2.2861905
43281 -1.4999573
43381 -0.44149685
43481 0.15341473
43581 0.8201833
43681 1.3730783
43781 1.8561134
43881 2.2010713
43981 2.3893967
44081 2.4577456
44181 2.6344934
44281 2.7050452
44381 2.716735
44481 2.69273
44581 2.3742776
44681 1.4041328
44781 0.8275509
44881 0.10474491
44981 -0.4897766
45081 -0.87384415
45181 -1.221066
45281 -1.4610734
45381 -1.720726
45481 -1.9639428
45581 -2.1647184
45681 -2.3257911
45781 -2.4113526
45881 -2.4402866
45981 -2.4562862
46081 -2.4318106
46181 -1.9646163
46281 -0.889554
46381 -0.06193638
46481 0.6129308
46581 1.2659922
46681 1.8614836
46781 2.1902833
46882 2.465579
46981 2.955809
47081 3.0048542
47181 2.902079
47281 2.496787
47381 2.1154718
47481 1.3073549
47581 0.47623205
47681 -0.16937447
47781 -0.8609395
47881 -1.5911655
47981 -1.9922192
48197 -2.5490785
48297 -2.613634
48397 -2.6322167
48497 -2.5740516
48597 -2.1946929
48697 -1.1905658
48797 -0.36958408
48897 0.26386976
48997 0.78963375
49097 1.3438678
49197 1.7644744
49297 2.1026716
49397 2.4294953
49497 2.95372
49597 3.02709
49697 2.8122687
49797 2.1154838
49897 1.325635
49997 0.16911983
50096 -0.4727564
50197 -1.059274
50409 -2.2318995
50509 -2.4922314
50609 -2.5751457
50709 -2.6108081
50809 -2.5900328
50909 -2.324801
51009 -1.3244948
51109 -0.4307251
51209 0.19665527
51309 0.97303295
51409 1.6144247
51509 2.1035337
51609 2.5695405
51709 2.8478727
51809 2.922429
51909 2.917923
52009 2.5646172
52109 2.1940017
52209 1.5236955
52309 0.43333292
52409 -0.05448246
52510 -0.41562366
52609 -0.83832836
52709 -1.2656856
52809 -1.675837
52909 -2.0643888
53009 -2.199935
53109 -2.2352185
53209 -2.1123595
53309 -1.6506062
53409 -0.7175684
53624 -0.114490986
53721 1.3230462
53821 2.1062188
53921 2.4311075
54021 2.7368517
54232 2.927195
54332 2.9452887
54432 2.8688035
54532 2.209516
54632 1.4645562
54732 0.7330055
54832 0.015623093
54932 -0.5930548
55152 -1.6670945
55251 -2.003533
55351 -2.2124028
55451 -2.3199086
55551 -2.331071
55651 -2.216992
55751 -1.7892768
55851 -0.91586256
55951 0.084477425
56051 0.94254065
56151 1.6205153
56251 2.0778022
56351 2.3914976
56451 2.6270628
56551 2.732417
56651 2.777022
56751 2.6021233
56851 2.0519295
56951 1.1742315
57051 0.46240807
57151 -0.28301477
57251 -0.92507505
57351 -1.3720996
57451 -1.8288684
57551 -2.2314558
57770 -2.484852
57870 -2.420141
57970 -2.0794127
58181 -0.49919033
58280 0.32362604
58380 0.83459663
58480 1.6496248
58580 2.038993
58680 2.5589895
58780 2.7996979
58880 2.8827553
58980 2.9003272
59080 2.7516503
59180 2.4083085
59280 1.5154252
59380 0.63595676
59480 -0.27543402
59580 -1.2382107
59680 -1.8858516
59890 -2.825736
59989 -2.9577422
60198 -2.876373
60297 -2.3276472
60397 -1.4201093
60606 0.120379925
60818 1.4247046
60918 1.8237658
61018 2.271493
61118 2.531054
61218 2.7889185
61318 2.8701081
61418 2.8388085
61518 2.4414911
61727 0.43924427
61827 -0.3120966
61927 -1.0902095
62027 -1.6238837
62127 -2.2404618
62227 -2.6365755
62327 -2.845672
62427 -2.8904047
62527 -2.8141525
62627 -2.412864
62727 -1.5974503
62827 -0.7111068
62928 0.29811525
63027 0.87476254
63127 1.4410696
63227 2.0116167
63327 2.4033976
63427 2.6545486
63527 2.8249483
63627 2.909494
63727 2.8802385
63827 2.6356912
64035 0.56496906
64134 -0.26149273
64234 -0.8426728
64449 -1.7401226
64547 -1.9761553
64647 -2.3327234
64747 -2.465983
64847 -2.4734178
64948 -2.4832244
65047 -1.8735576
65147 -1.0333545
65247 -0.25847054
65346 0.37709665
65447 0.8265996
65547 1.5659523
65647 2.018939
65747 2.3909063
65847 2.5877504
65947 2.7177544
66047 2.753354
66147 2.670208
66247 2.0830564
66347 0.993659
66447 0.32947826
66547 -0.62302876
66647 -1.3646379
66747 -1.8389268
66847 -2.09723
66947 -2.2801373
67047 -2.3559523
67147 -2.343021
67247 -2.1747599
67347 -1.5319619
67447 -0.68833494
67547 0.18378925
67647 1.0534925
67747 1.7596931
67847 2.2515397
67948 2.7452307
68047 3.0402365
68148 3.1533527
68247 3.1097164
68347 2.6704879
68447 1.8272562
68547 0.8689585
68647 -0.16713619
68747 -0.9180651
68847 -1.6024697
68947 -2.0174985
69047 -2.3096547
69147 -2.4432168
69247 -2.4708037
69347 -2.348946
69447 -1.9649844
69548 -1.340812
69647 -0.56590366
69747 0.28439617
69847 0.99115896
69947 1.6244569
70047 2.3060317
70148 2.6645837
70247 2.7548475
70347 2.5998025
70447 1.6606588
70655 -1.127023
70755 -1.9800506
70855 -2.6688223
70955 -3.180387
71055 -3.3981307
71155 -3.4389267
71255 -2.9790506
71355 -2.532576
71455 -1.6831043
71555 -0.894763
71655 -0.30982685
71755 0.42187595
71855 0.89102936
71955 1.3321867
72055 1.6296072
72155 1.9803
72255 2.1687202
72355 2.31606
72455 2.342279
72555 2.1074715
72655 1.3423209
72755 0.61235523
72855 0.006134033
72955 -0.64587593
73055 -1.1099095
73155 -1.6567454
73255 -1.8908176
73355 -2.1294723
73455 -2.2957273
73555 -2.3557286
73655 -2.174378
73755 -1.6532071
73855 -1.0469143
73955 -0.21719646
74056 0.43226957
74156 1.138258
74255 1.65376
74355 2.0654845
74455 2.4234748
74555 2.6203794
74655 2.726687
74755 2.6775985
74855 2.1652975
74955 1.5550437
