9 3.6426783
110 3.876028
210 3.8148823
311 2.991065
410 1.9808946
511 0.7217741
610 -0.3414812
710 -1.726212
811 -2.7642741
912 -3.3450737
1011 -3.5214307
1111 -3.4864109
1212 -3.2068543
1312 -1.8066185
1412 0.059031487
1512 1.2943864
1612 2.7921228
1713 3.3456488
1813 3.8342762
1913 3.8520832
2013 3.3187933
2113 2.4460692
2212 1.1952138
2313 0.19459629
2414 -1.217422
2513 -2.2273364
2614 -2.9295115
2714 -3.3832526
2814 -3.386601
2915 -2.9114642
3014 -1.0215862
3115 0.42537594
3215 1.4835176
3316 2.495965
3415 2.8439674
3515 3.2828465
3616 3.22894
3715 2.7450385
3817 1.9290314
3915 1.1087012
4016 -0.12584352
4116 -1.3566132
4217 -2.620427
4317 -3.4678578
4417 -3.8163404
4516 -3.5295663
4617 -2.757215
4717 -0.59984493
4817 0.6671362
4919 1.7142448
5018 2.4623995
5118 2.9702005
5218 3.3397331
5319 3.3946123
5418 3.117962
5519 2.5154586
5622 1.4263825
5719 0.48538733
5821 -0.9290271
5920 -1.861532
6020 -2.5437496
6119 -2.8320384
6220 -2.8596578
6320 -2.4613385
6420 -0.6657672
6520 0.8715863
6620 2.0563555
6721 2.7858095
6821 3.2132654
6921 3.307374
7022 3.0448055
7121 2.1689768
7205 1.2448535
7306 0.044724464
7405 -1.5104518
7522 -2.4507003
7607 -3.287807
7706 -3.5890427
7806 -3.5683439
7906 -2.9771469
8006 -1.7147439
8106 -0.15859938
8206 1.4247155
8306 2.6401072
8407 3.2308626
8506 3.5617952
8607 3.5301142
8709 3.1271896
8807 2.4922152
8909 1.390543
9008 0.38972235
9109 -0.9893813
9208 -1.8989823
9309 -2.499867
9409 -2.8185525
9509 -2.8399022
9609 -2.5173519
9709 -1.7731979
10026 2.3220391
10126 2.830256
10227 3.173277
10327 3.319663
10427 3.310933
10527 3.1211367
10627 2.4443426
10727 1.1275578
10827 0.031383514
10927 -1.3418822
11028 -2.1877635
11129 -2.7744431
11228 -3.1317234
11329 -3.2066016
11429 -2.9620855
11529 -2.1941974
11629 -1.0421512
11728 0.4889841
11829 1.6076074
11929 2.4334106
12029 2.8988419
12129 3.0987453
12230 3.146185
12330 2.8350472
12430 2.2647133
12530 1.5395155
12630 0.5734129
12731 -0.48774052
12830 -1.6053314
12932 -2.5217052
13031 -2.9237874
13132 -3.262467
13231 -3.3012424
13332 -3.229323
13432 -2.0933213
13532 -0.34821558
13632 0.9436946
13732 2.1539564
13832 3.077959
13932 3.5176363
14033 3.6235714
14133 3.377037
14233 2.70931
14333 1.6969175
14434 0.51593876
14533 -0.85107183
14634 -1.8330991
14737 -2.791824
14834 -3.4637418
14935 -3.6520705
15035 -3.651101
15135 -3.4429374
15235 -2.1738958
15335 -0.46678305
15434 0.75753736
15535 2.0209913
15635 2.8078241
15736 3.247982
15837 3.3720913
15936 3.2449007
16036 2.6870184
16136 1.8651733
16238 1.0279875
16337 0.106785774
16436 -0.9992418
16537 -1.8306108
16637 -2.5780034
16737 -3.0227168
16837 -3.3514414
16940 -3.3703048
17038 -3.129599
17138 -2.479096
17238 -1.039568
17339 0.59860754
17438 1.9913392
17538 2.8655634
17639 3.6014385
17739 3.9690952
17844 4.0439625
17938 3.8235607
18040 3.1026688
18140 2.1619263
18240 1.1209784
18340 -0.011498928
18440 -0.9668956
18540 -1.7664917
18640 -2.5029404
18740 -2.9397554
18840 -2.9539511
18942 -2.789971
19042 -2.2440386
19125 -1.592319
19226 -0.3473835
19342 1.239336
19425 2.238318
19542 2.8456292
19642 3.3790178
19742 3.4432611
19828 3.277235
19926 2.8744483
20027 2.3010278
20126 1.2459683
20227 0.19412231
20326 -1.1215873
20426 -2.0489993
20527 -2.8924155
20644 -3.4108648
20728 -3.520214
20827 -3.5224366
20927 -3.2657187
21027 -2.3590877
21129 -0.62577105
21228 0.6517143
21328 1.9083114
21428 2.9228034
21528 3.6112127
21628 3.8864403
21729 3.9298248
21830 3.792818
21929 3.1937408
22030 2.3619604
22130 1.4035125
22230 0.50708294
22330 -0.49517965
22430 -1.5097141
22529 -2.407742
22630 -2.8947728
22732 -3.070128
22830 -3.0185773
22931 -2.560193
23030 -1.3865864
23132 -0.052449226
23232 1.1327829
23332 2.2539115
23431 3.1935186
23532 3.748251
23634 4.0371056
23732 4.083441
23833 3.937645
23932 3.456316
24033 2.338945
24133 1.1793118
24233 -0.08641529
24333 -1.5179913
24434 -2.3608112
24533 -3.033458
24634 -3.4500165
24733 -3.5312774
24833 -3.527815
24936 -3.3269267
25034 -2.3674865
25136 -0.35748005
25234 1.1817431
25335 2.6267958
25435 3.774705
25535 4.305379
25635 4.3602057
25736 4.0743675
25836 3.5021038
25935 2.651709
26036 1.5641832
26137 0.46717834
26237 -0.43907356
26336 -1.631712
26437 -2.3935556
26537 -3.0100548
26637 -3.1978612
26737 -3.2467868
26837 -3.2146964
26938 -2.7921958
27038 -1.2184155
27139 0.12134123
27238 1.5036612
27338 2.6033812
27438 3.540266
27538 4.0124807
27639 4.3204556
27738 4.3758736
27840 4.3518515
27939 4.0885134
28040 3.5543156
28139 2.3934517
28239 1.2877326
28339 0.04994726
28440 -1.3499565
28539 -2.4294198
28640 -3.040235
28742 -3.3428428
28841 -3.3331766
28941 -3.1265562
29041 -2.3506255
29142 -1.0343871
29241 0.48947144
29341 1.9358702
29441 3.39509
29541 4.2802877
29641 4.718219
29742 4.7937994
29842 4.5858364
29942 4.184656
30043 3.6549473
30143 2.8198967
30243 1.8357072
30343 0.65162563
30443 -0.33276463
30543 -1.5074081
30644 -2.3808653
30746 -2.9357314
30843 -3.0779414
30944 -3.0381835
31044 -2.7964435
31145 -2.0298257
31229 -0.8797097
31345 0.58866596
31429 1.4862838
31545 2.6145134
31628 3.4382114
31729 4.1308947
31830 4.4156866
31928 4.414839
32030 4.1441813
32129 3.5019445
32229 2.5327291
32330 1.3556681
32430 0.3746624
32530 -0.7702298
32630 -1.6904721
32732 -2.5967693
32830 -2.867598
32931 -2.861566
33030 -2.6183984
33131 -1.9908676
33232 -0.8762655
33331 0.086806774
33432 1.2654939
33532 2.262136
33634 3.2416782
33732 3.832365
33832 4.0456944
33933 4.029544
34033 3.9015598
34133 3.222477
34233 2.3272505
34332 1.0981526
34433 0.032090187
34533 -1.054462
34633 -1.9873061
34734 -2.3763106
34833 -2.5056903
34935 -2.3869243
35034 -1.9667974
35134 -1.0390446
35235 0.31475163
35334 1.2382135
35435 2.2689986
35535 2.9976907
35636 3.6180182
35736 3.8236437
35835 3.8895388
35935 3.8649483
36035 3.7552853
36137 3.1697226
36236 2.5754442
36336 1.5625634
36436 0.73538876
36537 -0.28251553
36637 -1.0175033
36738 -1.668045
36837 -2.1065273
36937 -2.2114587
37038 -2.186315
37137 -2.0657716
37238 -1.6047873
37337 -0.3485899
37438 0.741272
37538 1.651803
37638 2.5389328
37739 3.1094618
37839 3.7058392
37938 3.9187317
38040 3.9338741
38139 3.8704424
38239 3.2217531
38340 2.390277
38440 1.3886218
38540 0.52755356
38639 -0.42578268
38742 -1.258136
38840 -1.8191857
38941 -2.1323533
39041 -2.208943
39141 -2.1183188
39240 -1.6548913
39341 -0.5575981
39441 0.60788393
39541 1.610002
39643 2.5793252
39741 3.2959185
39842 3.9679813
39942 4.1373653
40043 4.1717434
40142 4.1398335
40242 4.004341
40343 3.371767
40443 2.6280007
40545 1.6111984
40643 0.75570726
40745 -0.1867857
40843 -0.8382883
40944 -1.4948418
41044 -1.8720059
41144 -2.0199654
41244 -2.013337
41344 -1.8289697
41429 -1.3660393
41528 -0.38973045
41629 0.7352972
41728 1.7056646
41829 2.7669878
41929 3.527441
42029 3.9711103
42129 4.178838
42229 4.2626495
42329 4.3149576
42429 4.2639074
42531 3.9458656
42630 3.0739212
42731 2.0714393
42830 1.0423512
42931 -0.0932703
43030 -1.0162082
43131 -1.9906318
43231 -2.445879
43331 -2.624561
43433 -2.6099162
43531 -2.2720132
43633 -1.4154334
43732 -0.3228569
43833 0.87817
43933 1.9119673
44032 2.742485
44132 3.4709005
44234 3.9601717
44335 4.1675663
44433 4.18054
44534 4.0863295
44633 3.9087486
44733 3.1906958
44833 2.3969522
44934 1.189714
45034 -0.037661552
45134 -1.1746013
45234 -2.270167
45335 -2.9366837
45434 -3.3264718
45535 -3.3176498
45635 -2.7963607
45735 -1.822288
45835 -0.6342845
45935 0.43180132
46036 1.3211136
46135 2.2379007
46236 2.9559517
46339 3.514616
46436 3.6340322
46538 3.4843893
46637 2.8808036
46737 1.955452
46836 0.9498329
46937 -0.24777508
47037 -1.1810386
47137 -1.8011441
47237 -2.3749554
47338 -2.7043755
47439 -2.9687397
47538 -2.9777877
47639 -2.248407
47738 -0.73434734
47839 0.55276585
47939 1.8033094
48039 2.3752108
48138 2.6585174
48239 2.6130915
48339 1.8494644
48439 0.12377834
48542 -1.7480514
48640 -3.3412418
48740 -4.1986246
48841 -4.029106
48941 -2.6676822
49040 -1.0248902
49141 0.3571844
49240 1.6819329
49341 2.401122
49441 2.7507172
49541 2.856141
49643 2.563952
49741 2.0606575
49842 1.0250463
49942 -0.21555233
50042 -1.3879924
50142 -2.3550506
50242 -2.7515354
50342 -2.8820577
50443 -2.6019518
50545 -2.0378134
50643 -0.6379061
50744 0.45476437
50843 1.46807
50944 2.2456946
51044 2.7064667
51144 2.776616
51244 2.394947
51344 1.5877695
51445 0.13978004
51544 -1.2088959
51646 -2.6742024
51745 -3.570468
51846 -4.016829
51929 -3.931283
52045 -3.159398
52130 -2.2011602
52245 -0.44851446
52330 0.50329876
52429 1.5254579
52530 2.143611
52629 2.489962
52731 2.6744041
52830 2.687972
52930 2.479702
53030 1.5180612
53130 0.15674591
53230 -1.1494031
53347 -2.5334241
53431 -3.3356943
53531 -3.781694
53633 -3.7954683
53731 -3.5242155
53832 -2.6062033
53932 -0.915812
54033 0.17519522
54132 1.2474737
54233 2.159543
54334 2.8516212
54433 3.3924465
54533 3.5445194
54633 3.548647
54734 3.2179222
54834 2.2528906
54934 1.1184034
55034 -0.1756587
55135 -1.550492
55234 -2.4283063
55334 -2.9003513
55436 -3.1919215
55534 -3.186239
55636 -2.86909
55735 -1.945993
55836 -0.6721258
55935 0.43701363
56036 1.5567083
56136 2.3961487
56235 2.8449488
56337 3.0930777
56436 3.106988
56536 2.892138
56637 2.4669013
56737 1.6249733
56837 0.36042118
56937 -0.88788795
57037 -1.9562526
57137 -2.693604
57237 -3.3058167
57338 -3.418917
57439 -3.1681104
57538 -2.3844407
57638 -1.136908
57737 0.005564213
57839 1.1226773
57939 2.147831
58039 2.7129583
58139 2.9980278
58238 3.0475073
58340 3.0254898
58439 2.8538094
58541 2.1786218
58639 0.69872
58740 -0.8084898
58840 -1.7715383
58940 -2.5548356
59041 -3.1164865
59140 -3.3325465
59242 -3.2623925
59341 -2.9171624
59443 -2.0159614
59541 -0.66811895
59642 0.42788696
59742 1.6654677
59842 2.5593896
59941 3.284912
60042 3.4103165
60142 3.332182
60242 2.9697838
60344 2.0671859
60442 0.8949461
60543 -0.3777442
60643 -1.3673415
60744 -2.245777
60843 -2.8112986
60943 -3.0741687
61043 -3.159851
61144 -3.07093
61244 -2.2984128
61344 -0.7873697
61445 0.52796173
61544 1.5881891
61644 2.36698
61745 2.9852257
61845 3.2366982
61945 3.2299995
62045 2.8986359
62148 2.2246704
62246 1.2716599
62346 0.18581486
62445 -0.94786453
62531 -1.9589763
62646 -2.885643
62746 -3.3430715
62830 -3.3805518
62947 -3.014422
63030 -2.4403937
63131 -1.3255544
63232 0.23524714
63348 1.2131805
63432 1.966156
63530 2.6404753
63632 3.0215664
63732 2.996161
63831 2.5393662
63931 2.0414596
64032 1.3056068
64132 0.20236969
64232 -0.9664798
64333 -1.870786
64432 -2.356997
64534 -2.636887
64634 -2.7611804
64733 -2.7971075
64834 -2.6133552
64934 -1.547641
65034 -0.24510622
65134 0.7536421
65234 1.8825126
65334 2.9137163
65434 3.416792
65535 3.4873266
65635 3.3747292
65735 2.9630456
65835 2.5254507
65935 1.6298819
66035 0.55656767
66135 -1.02052
66236 -1.8196185
66336 -2.5213354
66435 -2.824489
66537 -2.9178214
66636 -2.819862
66736 -2.5371614
66837 -1.9680414
66936 -0.8316488
67038 0.2887745
67137 1.2805719
67237 2.0949554
67337 2.4842405
67438 2.7008314
67538 2.6648283
67638 2.2041917
67738 1.1028152
67838 -0.45793438
67938 -1.5749373
68038 -2.517098
68139 -3.205072
68239 -3.4182096
68339 -3.4108684
68439 -3.215308
68540 -2.6083589
68639 -1.4375758
68739 -0.2110405
68839 1.0561543
68940 1.9174209
69040 2.3916807
69141 2.5805845
69240 2.715973
69342 2.6534271
69442 2.4530153
69542 1.8491297
69640 0.9756441
69741 -0.34844303
69841 -1.4898403
69941 -2.44757
70041 -3.0204816
70142 -3.3274784
70242 -3.3679285
70343 -3.219952
70443 -2.112699
70543 -0.55828094
70642 0.7374811
70743 1.6330161
70842 2.3824272
70943 2.715776
71044 2.9438653
71144 2.9406533
71244 2.6410646
71344 2.1747932
71445 1.3729391
71544 0.45132637
71645 -0.8305445
71745 -1.9293413
71845 -2.8603053
71945 -3.540804
72045 -3.7347398
72147 -3.6591477
72245 -3.3329678
72346 -2.5695057
72445 -1.037883
72546 0.40787506
72646 1.7700233
72746 2.6506844
72847 3.2346487
72946 3.3712406
73049 3.2781506
73147 3.0487127
73231 2.7957659
73348 2.1839104
73432 1.3864589
73532 -0.1236949
73648 -1.4919193
73731 -2.291556
73848 -2.8740427
73932 -3.0373127
74032 -3.1333985
74133 -3.2420986
74232 -2.9643538
74333 -1.8244531
74433 -0.11400795
74533 0.9558368
74632 2.090982
74734 2.7294855
74833 3.0723906
74933 3.0696507
10 0.19749355
109 1.5566459
209 2.6774902
309 3.3351545
409 3.4465437
510 3.1814127
610 2.4167428
711 1.3288999
810 0.044315338
911 -1.1534209
1010 -2.303704
1111 -3.1053233
1211 -3.3188396
1311 -3.183339
1411 -2.2793076
1511 -0.5881648
1611 0.7093229
1712 2.0166254
1811 2.8076887
1911 3.214635
2013 3.3128376
2112 3.1067781
2213 2.4625
2313 1.0496683
2412 -0.14290667
2513 -1.49793
2613 -2.6086845
2714 -3.2063158
2813 -3.3180153
2914 -3.035336
3014 -2.2508638
3115 -0.81092787
3214 0.8357544
3314 2.3249788
3414 3.0868244
3514 3.3715153
3614 3.3297148
3715 2.9178681
3815 2.0027475
3916 0.8068795
4016 -0.42389917
4116 -1.8389952
4216 -2.9737365
4316 -3.6347368
4416 -3.5161486
4517 -2.6441357
4617 -1.4082208
4719 0.22128963
4817 1.6023321
4918 2.649619
5018 3.587141
5118 3.7428455
5217 3.4406538
5317 2.7187357
5418 1.5419822
5518 0.47265244
5620 -0.8295045
5718 -2.0456648
5818 -2.8682046
5918 -3.271626
6019 -3.2036588
6119 -2.7364502
6220 -1.7556129
6319 -0.18510914
6419 1.3098283
6519 2.5339937
6620 3.2359
6720 3.583006
6820 3.6092148
6920 3.1661615
7020 2.2828498
7121 0.99015427
7220 -0.25508404
7320 -1.5526416
7425 -2.714049
7521 -3.397925
7622 -3.6876564
7722 -3.6904063
7821 -3.269157
7922 -1.8868203
8023 -0.3720317
8123 1.2752991
8222 2.3172045
8323 3.1650906
8422 3.637928
8525 3.5925007
8623 3.258069
8724 2.2032137
8823 0.998374
8924 -0.33920097
9024 -1.5353279
9124 -2.6353068
9224 -3.2739043
9324 -3.3245807
9424 -2.7399452
9525 -1.8201499
9625 -0.65926695
9725 0.7000265
9826 1.9863219
9925 2.7288847
10026 3.286418
10126 3.3914165
10226 3.2847996
10326 2.7382889
10426 1.8305116
10526 0.5350008
10626 -0.570302
10727 -1.6687424
10827 -2.4159315
10927 -2.8843505
11027 -2.8769429
11127 -2.3836894
11227 -1.1375942
11327 0.33456707
11428 1.7174478
11527 2.768715
11630 3.4602537
11729 3.7093267
11828 3.496416
11929 2.6725755
12029 1.7304292
12129 0.47077465
12229 -0.82404566
12329 -2.1693091
12430 -3.0604625
12532 -3.5051515
12630 -3.5344157
12714 -3.3572423
12829 -2.5484736
12914 -0.8869915
13031 0.8638239
13131 2.0901856
13214 2.9419188
13331 3.6256943
13416 3.8209276
13531 3.780263
13616 3.4118547
13715 2.8191185
13816 1.6514273
13915 0.41942692
14015 -0.9601388
14116 -1.9288001
14216 -2.717374
14315 -3.1418467
14417 -3.3495336
14517 -3.3228104
14616 -2.706489
14716 -1.0533912
14817 0.49071646
14918 1.9564896
15016 3.034892
15117 3.647356
15217 3.8389788
15318 3.6131516
15418 3.0919027
15518 2.110238
15620 0.6551032
15718 -0.87531185
15819 -2.079418
15919 -3.445539
16019 -4.0456543
16119 -4.329633
16219 -4.1357937
16319 -3.1827931
16419 -1.4138165
16519 0.6265197
16620 2.2024918
16720 3.43396
16820 4.5011272
16921 5.0
17020 4.7691936
17121 4.483096
17220 3.7030554
17321 2.2185044
17421 0.7493515
17521 -0.6195574
17622 -1.8256416
17721 -2.8266196
17822 -3.263801
17921 -3.1805272
18022 -2.8823385
18123 -1.3417652
18222 0.40135908
18323 1.9616866
18423 3.2093935
18525 4.229143
18623 4.709752
18724 4.8355236
18824 4.6390133
18925 4.2506876
19024 3.3507214
19124 1.9107285
19223 0.6559801
19324 -0.69282293
19424 -1.8436098
19525 -3.0413659
19625 -3.2719436
19724 -3.3747191
19824 -3.271512
19926 -2.6844628
20026 -1.1051395
20126 0.6793108
20226 2.2307653
20326 3.450245
20426 4.3146877
20526 4.9670887
20627 5.0
20727 5.0
20827 4.370902
20927 3.5739946
21028 2.3773232
21127 1.1542649
21227 -0.5427642
21328 -1.8714008
21428 -2.776856
21528 -2.8827226
21629 -2.4800265
21728 -1.8101614
21828 -0.65483284
21929 0.90645885
22028 2.240512
22128 3.502964
22228 4.162222
22329 4.5164766
22429 4.5088367
22531 4.5018024
22630 4.2000065
22731 3.3501663
22830 2.0257864
22930 1.010232
23030 -0.6622453
23130 -1.9404302
23230 -2.9455855
23331 -3.2337213
23431 -3.350583
23531 -3.1743977
23631 -2.724809
23731 -1.8085792
23832 -0.031271935
23932 1.5709405
24032 2.6833434
24132 4.0833893
24232 4.7932034
24332 5.0
24433 5.0
24533 4.6576347
24634 3.9143467
24733 2.7025313
24834 1.2261
24934 -0.21979046
25018 -1.2039928
25134 -2.0862086
25217 -2.6050808
25334 -2.9112713
25417 -2.8179994
25518 -2.3077474
25619 -0.92898226
25717 0.77828836
25819 2.4347048
25918 3.5181217
26018 4.410063
26118 4.7925396
26219 4.6520786
26321 4.477437
26419 4.083997
26520 3.6394033
26619 2.9928985
26721 1.3933878
26819 -0.087670326
26921 -1.7081418
27020 -2.9495182
27120 -3.7085094
27221 -3.7981088
27320 -3.6544797
27421 -3.0762372
27521 -1.9405429
27622 0.051976204
27721 1.5430384
27822 3.0523586
27922 4.0017824
28022 4.516512
28121 4.699972
28222 4.6873703
28322 4.5747776
28423 4.416898
29391 -4.059743
29490 -3.9238307
29592 -3.8359318
29691 -3.8839276
29791 -3.9973364
29891 -4.097072
29992 -4.0260677
30091 -2.161965
30192 -0.21599054
30293 1.761199
30393 2.7946444
30493 3.6282063
30592 3.8644667
30693 3.7828732
30793 3.5621214
30893 3.262949
30993 2.6495209
31093 1.3398247
31193 -0.530982
31294 -2.0265849
31395 -3.0277643
31494 -3.705146
31594 -3.8428423
31694 -3.5000715
31795 -2.68038
31894 -1.2263083
31995 0.4180112
32095 2.0992723
32195 3.012741
32296 3.8164968
32396 3.9085674
32496 3.8200817
32595 3.369896
32697 3.0324001
32796 1.9275398
32896 0.34084606
32997 -1.2382419
33097 -2.4617136
33197 -3.3281693
33297 -3.8543098
33397 -4.0881376
33497 -3.9130163
33598 -3.5423543
33698 -2.4228044
33798 -0.8519778
33898 0.989099
33998 2.4158325
34098 3.3236046
34198 4.1498356
34299 4.512289
34398 4.504525
34498 4.119445
34583 3.5902567
34699 2.6657119
34799 1.5785661
34899 -0.1514306
34983 -1.7404933
35083 -2.835408
35185 -3.6754773
35283 -3.8340397
35384 -3.7914543
35484 -3.1891484
35585 -1.7416215
35684 0.4333434
35785 1.9319572
35887 3.1506557
35985 3.8913364
36085 4.247984
36184 4.237997
36286 3.8093033
36385 3.0202703
36486 2.0063386
36586 0.43441153
36686 -0.9888096
36786 -2.4618335
36887 -3.3208647
36987 -4.0092287
37086 -4.219726
37188 -4.162772
37287 -3.6638782
37388 -2.4684703
37488 -0.7117548
37588 0.98172617
37688 2.6560736
37788 3.5538073
37888 3.9563112
37988 4.074542
38088 4.0077133
38189 3.5093822
38289 2.4419684
38389 1.0940847
38489 -0.42340374
38589 -1.7786155
38690 -2.6249762
38789 -3.120841
38889 -3.3859162
38991 -3.5918179
39090 -3.3592696
39190 -2.3612924
39290 -0.47358847
39390 1.2655239
39491 2.689818
39591 3.5129719
39691 4.106798
39792 4.388177
39893 4.6186523
39992 4.5582714
40092 4.319769
40191 3.7771893
40293 3.1676407
40391 2.179924
40492 1.0951796
40592 -0.51446533
40693 -2.0756257
40795 -3.0140607
40893 -3.5999558
41211 -2.5106604
41310 -1.2532439
41412 0.4016285
41511 1.8760328
41611 2.916452
41711 3.649706
41811 3.9876575
41911 4.265848
42012 4.328848
42111 4.2561407
42212 4.099926
42313 3.3524313
42412 1.7709198
42514 -0.3368578
42614 -2.0489812
42713 -3.0733588
42813 -3.7673368
42914 -3.9043808
43014 -3.731634
43113 -3.2057848
43214 -1.8601441
43314 -0.2900648
43415 1.3589935
43514 2.693643
43615 3.3775406
43714 3.8459606
43814 4.2503223
43914 4.421625
44014 4.467411
44115 4.2633076
44215 3.602806
44315 2.1461678
44415 0.4668131
44516 -1.5305564
44615 -2.6026278
44716 -3.416473
44815 -3.675046
44916 -3.6838744
45018 -3.4238482
45116 -2.5884986
45217 -1.1054478
45317 0.56772137
45418 2.3076186
45517 3.4159374
45617 4.2399406
45718 4.5213146
45818 4.7445717
45917 4.8009434
46018 4.626502
46120 3.8680782
46218 2.776082
46535 -2.0785582
46636 -3.062429
46736 -4.133768
46837 -4.394233
46936 -4.186211
47037 -3.4244277
47136 -2.1723378
47237 -0.4912324
47337 0.9678259
47438 2.5361452
47537 3.6828136
47638 4.4426823
47737 4.6396475
47838 4.341736
47938 3.505618
48038 2.5006156
48138 1.1620092
48238 -0.36594105
48605 -2.7498555
48706 -2.1900213
48806 -0.9357705
48906 0.63158226
49007 2.2109375
49107 3.5093212
49207 4.273836
49307 4.5572453
49408 4.353712
49507 3.2384644
49607 1.9185076
49707 -0.10940981
49808 -1.8044307
49909 -3.076467
50008 -3.5880039
50109 -3.7000492
50208 -3.2394004
50308 -1.9489088
50409 0.2176876
50509 1.9495897
50609 3.3715649
50710 4.013216
50810 4.170477
50909 3.8285513
51012 2.7745104
51110 1.8689322
51194 0.5427275
51294 -0.9362583
51411 -2.32919
51496 -2.8786666
51611 -3.3116133
51695 -3.49101
51810 -3.6374245
51895 -3.2399125
51994 -2.0711296
52095 -0.19100475
52196 1.197526
52295 2.3378358
52395 3.1577969
52495 3.3637857
52595 3.2950191
52696 2.5530748
52797 1.0787086
52897 -0.33952904
52997 -2.0275998
53096 -3.06532
53197 -3.5607991
53297 -3.788809
53397 -3.4090466
53498 -2.2825456
53598 -0.6380615
53697 0.9098096
53798 2.1248693
53899 3.1391182
53998 3.499443
54100 3.5305805
54199 2.9382467
54299 1.7786803
54399 0.59260654
54499 -0.5812578
54599 -2.2900987
54699 -3.1786053
54800 -4.0642314
54899 -4.3112607
55001 -4.2271543
55100 -3.8149514
55200 -2.6910472
55299 -1.0025337
55400 0.7410612
55500 2.0655098
55601 2.8788633
55700 3.2417336
55801 3.2734337
55902 2.9971342
56001 2.458024
56102 1.7587953
56201 0.017375946
56302 -1.6054859
56403 -2.8734524
56502 -3.4701421
56602 -3.7640004
56703 -3.6513143
56804 -3.2521803
56903 -2.377934
57004 -0.40629053
57104 1.1021051
57204 2.1804032
57304 3.050149
57404 3.5911198
57504 3.7209759
57604 3.377428
57704 2.4833918
57804 1.3993349
57904 -0.576385
58004 -2.1523926
58105 -3.3928554
58205 -4.1148305
58305 -4.180657
58405 -4.0139046
58506 -3.4999053
58605 -1.9532664
58706 -0.18476439
58806 1.214675
58906 2.4717445
59007 3.366189
59107 3.6080484
59206 3.4745398
59307 3.1058064
59407 2.4963036
59507 1.311616
59675 -1.6774144
59774 -2.9108322
59875 -3.8002963
59975 -3.9315066
60075 -3.9074028
60175 -3.2492542
60275 -2.405624
60375 -0.58391666
60475 0.9046068
60577 2.3149338
60675 3.1160078
60776 3.3864079
60876 3.0746136
60976 2.7596016
61076 2.3735557
61176 1.2215614
61278 -0.45603275
61377 -1.6408901
61477 -2.5219293
61577 -3.0612574
61678 -3.3519177
61778 -3.3275394
61878 -3.084006
61978 -2.5882251
62078 -1.5180798
62177 -0.059628487
62278 1.08463
62378 2.1764536
62478 2.9820366
62580 3.5721684
62679 3.6950846
62779 3.5050297
62879 3.027773
62980 2.140718
63079 0.7251401
63180 -0.7919388
63280 -2.3463023
63380 -3.2244651
63480 -4.106598
63580 -4.186187
63681 -3.9054747
63780 -3.2264552
63881 -1.6149647
63981 0.049046516
64081 1.5925322
64165 2.8141823
64265 3.7056627
64365 4.117076
64465 3.9511766
64566 3.4693518
64665 2.9622564
64767 2.054329
64866 0.69404507
64966 -0.7339997
65066 -2.27568
65166 -3.0454767
65266 -3.2958922
65367 -3.2169302
65468 -2.8196642
65567 -2.2372596
65669 -1.2113259
65768 0.08329296
65868 1.3463221
65968 2.5205812
66068 3.3619118
66168 3.8317204
66268 3.9041805
66370 3.758891
66469 3.2940712
66570 2.1969628
66670 0.54635286
66770 -0.7843189
66870 -1.9861255
66969 -2.7195592
67070 -3.0454192
67170 -3.0975053
67272 -3.013483
67370 -2.6790044
67471 -2.0191817
67571 -0.7954116
67671 0.5732503
67772 1.8196282
67871 2.5251322
67971 2.98001
68072 3.2109299
68172 3.2379026
68272 3.135582
68373 2.8775077
68472 2.1946106
68572 0.9388819
68672 -0.7442694
68773 -2.2197506
68873 -3.0537126
68973 -3.8659806
69073 -4.1933036
69172 -3.8623085
69273 -3.3195872
69374 -2.2586954
69474 -0.5522232
69574 1.0002718
69675 2.5378442
69773 3.3491077
69874 3.7128706
69974 3.7270832
70074 3.5210705
70174 2.9954224
70275 1.9582496
70376 0.19203281
70475 -1.2732158
70576 -2.5818725
70675 -3.3410103
70776 -3.811224
70876 -3.8557239
70976 -3.4808109
71076 -2.6986845
71177 -0.9628277
71278 0.8242712
71376 2.284696
71478 3.6205034
71577 4.389694
71678 4.5765486
71777 4.517617
71877 4.164997
71978 3.294077
72078 2.2765756
72178 0.7088895
72277 -0.8039236
72378 -2.1018775
72479 -2.7322872
72580 -2.943751
72679 -2.8829017
72780 -2.5208611
72879 -1.8222749
72979 -0.5425463
73079 0.8417587
73180 2.1933546
73280 3.2999935
73380 3.8092003
73482 3.820695
73581 3.3421745
73681 2.6201959
73781 1.4533944
73881 -0.16772175
73982 -1.9374218
74081 -2.9011083
74180 -3.4023545
74281 -3.3081203
74384 -2.7512226
74482 -1.8808122
74582 -0.4134493
74682 1.1962628
74782 2.506289
74882 3.3463898
74983 3.7428808
