18 -0.031282425
118 1.1431766
219 1.725441
319 2.3903093
419 2.7326708
503 2.8151207
602 2.6618028
704 1.6237984
804 0.3192382
903 -0.761497
1003 -1.8380632
1105 -2.2545168
1204 -2.3584926
1304 -2.355424
1406 -2.2644176
1505 -1.5811679
1606 -0.6608715
1706 0.3135891
1806 1.2061067
1907 1.9913931
2007 2.6469793
2106 2.96669
2207 3.0427809
2307 2.9074388
2407 2.2037058
2508 0.30996656
2608 -1.0121281
2709 -2.0706606
2809 -2.8198867
2909 -2.9416728
3009 -2.7412403
3109 -2.1501858
3210 -1.1145446
3309 -0.030130386
3410 0.9315405
3511 2.0751047
3612 2.8651938
3711 3.0914345
3811 2.9170508
3912 2.2472315
4012 1.0663443
4113 -0.24603367
4212 -1.3430531
4313 -2.2666047
4413 -2.8560455
4513 -2.9702253
4614 -2.9598832
4714 -2.7358475
4814 -1.8313184
4915 -0.55043745
5015 0.482543
5115 1.5302
5215 2.3902216
5316 2.8373518
5415 2.920436
5516 2.8172045
5616 2.1896424
5717 0.74838877
5817 -0.74493885
5916 -2.0202367
6018 -2.803578
6118 -3.1160598
6218 -3.0665221
6319 -2.8112023
6418 -2.0862994
6519 -0.78727245
6619 0.4444852
6702 1.4294691
6802 2.4209013
6903 2.988492
7003 3.1532164
7104 3.1257095
7204 2.731608
7304 1.3746095
7405 -0.31847763
7505 -1.6311748
7605 -2.6808047
7706 -3.0384579
7806 -2.9713383
7906 -2.6298766
8005 -2.036092
8106 -0.94251156
8207 0.08881378
8306 1.0813012
8407 1.9042597
8508 2.598668
8608 2.813591
8708 2.8172264
8809 2.6154356
8909 1.848423
9008 1.0046129
9109 -0.14119911
9210 -1.5009658
9310 -2.584392
9410 -3.19635
9510 -3.2100883
9611 -3.143896
9710 -1.9898307
9810 -0.8755374
9910 0.24440956
10011 1.1140451
10112 1.7393141
10212 2.192298
10312 2.3505807
10413 2.2681732
10513 1.840909
10612 0.37150288
10713 -1.0458438
10814 -1.9727674
10914 -2.327413
11014 -2.5410182
11114 -2.5854337
11215 -2.4746127
11315 -1.8300147
11416 -0.86177397
11516 0.3115492
11616 1.5028672
11716 2.6104622
11815 3.1360054
11916 3.303423
12016 3.1524763
12117 2.5231066
12218 1.0723853
14440 -2.8850145
14540 -2.397854
14640 -1.2559867
14991 2.750331
15075 3.0181656
15174 3.1396418
15276 3.1539192
15376 3.0571728
15475 2.449729
15577 0.97780895
15677 -0.46320152
15777 -1.5132816
15877 -2.1613965
15978 -2.518188
16078 -2.7580369
16177 -2.8391237
16278 -2.854611
16378 -2.8562303
16479 -2.8626676
16579 -2.8831992
16679 -2.903661
16780 -2.9068446
16880 -2.657114
16979 -1.4623787
17080 -0.32204723
17180 0.76741695
17281 1.605916
17380 2.1627297
17482 2.445315
17582 2.6854196
17682 2.9341035
17782 2.9800568
17883 2.868741
17983 1.9221535
18083 0.3766327
18184 -0.85474205
18284 -1.8198702
18383 -2.6156292
18483 -3.180816
18585 -3.503894
18684 -3.5945811
18785 -3.5897374
18884 -3.3807683
18985 -2.5534716
19085 -1.1070225
19186 -0.091563225
19286 0.7782712
19387 1.5168839
19487 2.1832948
19586 2.70654
19687 2.775529
19788 2.6470146
19888 2.332776
19988 1.9221892
20089 1.1845546
20189 0.22307158
20288 -0.6020198
20389 -1.4108365
20490 -2.4111445
20590 -3.12481
20690 -3.5217488
20790 -3.5534942
20891 -3.2684114
20991 -2.7782815
21091 -1.693414
21174 -0.60609484
21275 0.25625563
21374 1.2008867
21475 2.0213904
21576 2.6122398
21676 2.8592186
21776 2.941578
21877 2.8601446
21977 2.40483
22076 1.5167055
22177 0.17379522
22278 -1.2231159
22378 -2.1535296
22478 -2.8055565
22578 -3.1759102
22679 -3.348073
22779 -3.35013
22880 -3.279201
22980 -3.164633
23080 -2.7742763
23180 -1.3225422
23279 -0.252573
23381 0.6315756
23480 1.5388856
23581 2.3605704
23681 2.7317324
23782 2.7903748
23881 2.6960654
23982 2.394184
24083 1.5119805
24183 0.3637209
24283 -0.529932
24383 -1.5823727
24484 -2.3345466
24584 -2.8754416
24684 -2.9837546
24785 -2.9911914
24885 -2.9399047
24984 -2.8408186
25085 -1.3188171
25185 -0.48142147
25286 0.5176101
25386 1.3687663
25486 2.0997415
25586 2.621171
25687 2.7979965
25787 2.8066406
25886 2.7379723
25987 2.6431518
26088 2.4549751
26188 1.2960553
26288 0.11519337
26389 -1.3975506
26489 -2.4676883
26589 -3.014211
26690 -3.2848828
26790 -3.3006353
26890 -3.1422591
26990 -2.835874
27091 -1.7647858
27191 -0.80269146
27291 0.088822365
27374 0.93288136
27475 1.7940416
27574 2.5492654
27675 2.913579
27776 3.072649
27875 3.0513964
27976 2.8277564
28076 2.1442695
28177 0.61428165
28277 -0.7348404
28378 -1.8179116
28478 -2.579094
28577 -3.0775762
28678 -3.3192737
28778 -3.363542
28879 -3.3778615
28979 -3.3215084
29078 -2.8162313
29180 -1.7245021
29279 -0.89197636
29380 -0.09002209
29480 0.7691741
29581 1.716948
29680 2.4300332
29781 2.840866
29881 3.109171
29982 3.1691856
30082 3.165495
30182 3.046544
30282 2.0754814
30383 0.28507328
30483 -1.197783
30582 -2.14936
30683 -2.687432
30783 -2.8487415
30884 -2.91049
30984 -2.9028919
31085 -2.6026268
31184 -1.6980681
31285 -0.6279259
31385 0.26334667
31485 1.335515
31586 2.2207403
31686 2.8585882
31786 3.120266
31886 3.242403
31987 3.2682543
32087 3.2362614
32187 3.0020733
32287 2.3960266
32387 1.0001588
32488 -0.30389404
32589 -1.4562669
32688 -2.2780614
32789 -2.855209
32889 -2.9408846
32990 -3.0010445
33089 -3.0000434
33190 -2.7019486
33290 -1.6438115
33390 -0.601346
33491 0.4861822
33574 1.3880396
33674 2.243463
33774 2.8343735
33876 2.9839926
33976 2.9845033
34075 2.9387755
34176 2.7328644
34275 2.0554338
34376 0.6863413
34477 -0.47635412
34578 -1.3745327
34677 -2.2745883
34777 -2.8453794
34878 -3.0243528
34977 -3.0447664
35079 -3.0109887
35178 -2.9375243
35279 -2.7944202
35378 -1.3956685
35479 0.12367535
35580 1.452292
35679 2.2957106
35780 2.8695388
35880 3.047598
35981 3.0996056
36081 2.9941
36181 2.5867805
36281 2.0618706
36382 0.96041584
36482 -0.36840153
36582 -1.2271423
36683 -2.328994
36782 -2.8619423
36883 -3.0438228
36983 -3.1083722
37151 -3.0858645
37251 -2.9780588
37351 -2.044069
37451 -0.3699231
37552 0.75858355
37652 1.9531035
37752 2.6907663
37853 3.2055721
37953 3.181244
38052 3.1315823
38153 3.1172953
38253 3.042696
38354 2.7123518
38454 1.516921
38537 0.41009998
38637 -0.79799557
38739 -1.5516772
38839 -2.0734766
38939 -2.3485527
39038 -2.3461537
39139 -2.2819831
39240 -2.1417823
39340 -2.0044508
39440 -1.4656181
39607 0.5643201
39707 1.7477751
39808 2.581791
39908 3.0461082
40008 3.1862583
40109 3.202674
40209 3.2080746
40308 3.1904202
40410 3.0041866
40510 2.1542711
40609 0.7865262
40709 -0.58608294
40811 -1.4863458
40911 -1.7839684
41011 -1.8565087
41111 -1.9293811
41211 -1.9508977
41312 -1.9282458
41412 -1.5146511
41512 -0.45790386
41612 0.5832834
41713 1.5224829
41813 2.8143492
41897 3.2328787
42063 3.4953852
42164 3.5277233
42265 3.5031242
42364 3.452098
42465 3.370946
42565 2.8450685
42666 1.0968113
42766 0.0438838
42866 -1.02233
42966 -1.8561375
43067 -2.2955353
43166 -2.4829323
43267 -2.443462
43367 -2.3083622
43467 -2.2226174
43568 -2.1088948
43668 -1.9063249
43769 -1.1676154
43869 -0.28711557
43969 0.5548167
44068 1.8063583
44169 2.7790537
44270 3.245428
44370 3.3968372
44453 3.430624
44553 3.4521236
44654 3.441412
44755 3.3588943
44854 2.995833
44955 1.87848
45054 0.5850229
45155 -0.6152334
45256 -1.7231679
45355 -2.4210103
45455 -2.5238266
45556 -2.476235
45656 -2.3353448
45757 -2.2172074
45857 -1.7138729
45958 -0.5095973
46058 0.40416288
46158 1.3815413
46258 2.2963305
46359 3.0304623
46459 3.259945
46559 3.3292103
46659 3.3313513
46760 3.2409792
46860 2.844442
46961 1.852623
47060 0.7621298
47161 -0.42031622
48129 0.29570866
48230 1.5577822
48331 2.3911757
48431 3.0612793
48531 3.1638622
48631 3.1650906
48732 3.1418972
48832 2.9749365
48932 1.9685373
49033 0.5656023
49133 -0.56710625
49233 -1.4710839
49332 -2.564035
49434 -2.9421535
50369 2.8174882
50470 3.3678255
50569 3.4892979
50670 3.497943
50770 3.477437
50871 3.3983831
50970 2.8678255
51071 1.6643105
51172 0.31561565
51272 -0.7729926
51372 -1.9110048
51723 -2.6343124
52759 3.4700718
52842 3.4899082
52943 3.4597464
53042 3.172595
53144 2.0988908
53244 0.5170641
53344 -0.53755856
53444 -1.7244923
53545 -2.4221563
53645 -2.7631865
53745 -2.8267162
53846 -2.8215413
54881 3.3618164
54982 3.301527
55082 2.938806
55182 1.9088907
55282 0.53963184
55383 -0.40320873
55483 -1.5023041
55582 -2.2828622
55683 -2.655918
55784 -2.7065997
56101 -0.36955166
57137 1.3516912
59911 1.4275846
60012 2.7026072
60112 2.8591437
60212 1.9441209
60313 0.38545513
60413 -0.6636591
60513 -1.0445354
60613 -1.2631116
60714 -1.5111713
60814 -1.9059644
60914 -2.1824
61014 -2.2622914
61114 -1.687551
61215 -0.26359463
61299 0.8175459
61633 3.3631973
61716 3.3796082
61816 3.3897305
61917 3.3900814
62017 3.3433962
62118 2.2909098
62217 0.67479134
62552 -2.5575004
62652 -2.8751464
62752 -2.9145947
63087 -1.0993366
63187 0.042550087
63537 2.946189
63638 3.1677456
63738 3.2017422
63838 3.1599283
63939 2.9184327
64038 2.107441
64139 0.9971204
64524 -2.4072957
64691 -2.7115688
65108 -1.0828652
65208 -0.017599583
65593 2.4512267
65744 2.6278915
65844 2.542993
65928 2.399424
66027 1.6973314
66127 0.4334426
67181 -2.70367
69336 -0.2454462
17 -3.1880014
117 -2.011901
216 -0.194911
317 1.0840278
418 2.1944885
518 3.0350723
618 3.5943356
718 3.768384
819 3.6561346
919 3.2484808
1018 2.2930708
1102 1.1924067
1319 -1.3318343
1420 -2.250296
1521 -2.874741
1621 -3.0934496
1721 -3.1115432
1822 -3.0668328
1921 -2.7559924
2022 -1.1276054
2122 0.1790514
2223 1.3188009
2322 2.4354272
2423 3.253992
2523 3.172678
2623 3.0772514
2724 2.6617026
2824 1.8504701
2925 0.97225094
3025 -0.27708197
3125 -1.3414567
3224 -2.032325
3326 -2.581689
3426 -2.8698993
3526 -2.8898199
3626 -2.7161436
3726 -2.3565946
3827 -0.98211193
3927 0.25274706
4027 1.5610781
4127 2.633204
4228 3.3729458
4327 3.3663454
4428 3.3612013
4529 3.1912632
4629 2.5802026
4729 1.4824228
4829 0.37877417
4930 -0.83484554
5030 -1.7803173
5130 -2.5878744
5230 -3.0766912
5330 -3.3183124
5431 -3.3627768
5530 -3.1776643
5632 -2.428559
5732 -0.92897844
5831 0.32153368
5931 1.507319
6033 2.5613146
6133 3.2907429
6233 3.4907293
6333 3.3762941
6433 2.8353844
6534 1.6265802
6634 0.25883198
6718 -0.59590864
6817 -1.5891643
6918 -2.5976589
7018 -3.3272102
7119 -3.5828428
7219 -3.6365285
7319 -3.6165082
7420 -2.8794868
7519 -1.5689571
7620 -0.4771633
7720 0.6471276
7821 1.6873574
7921 2.433867
8021 2.7252579
8122 3.1352777
8222 3.0414543
8322 2.2823768
8422 1.3252664
8523 0.13353157
8623 -1.0290141
8723 -1.9124637
8824 -2.5716395
8924 -3.0743449
9024 -3.138274
9124 -2.9254699
9224 -2.5120268
9325 -1.46035
9424 -0.084646225
9525 1.2858539
9625 2.5452895
9725 3.3206396
9826 3.6318493
9926 3.6511297
10027 3.5455923
10127 3.0073872
10227 1.8884134
10328 0.6957159
10428 -0.4665594
10528 -1.5523918
10628 -2.4929163
10729 -2.9374075
10828 -3.0968506
10928 -3.108027
11030 -3.0114613
11130 -2.0004003
11230 -0.4098339
11330 0.8333154
11430 2.1471114
11531 3.0740452
11631 3.1280794
11730 3.2193317
11832 3.0972414
11931 2.7486048
12032 1.7498846
12133 0.7837081
12233 -0.552371
12333 -1.8552308
12433 -2.9180057
12534 -3.4503083
12634 -3.6634467
12733 -3.666641
12834 -3.3651721
12918 -3.0086868
13018 -1.814055
13118 -0.5709138
13219 0.8329487
13319 1.7522535
13419 2.5296006
13518 2.8452659
13620 2.8842096
13719 2.654643
13820 2.1006546
13921 1.3558788
14021 0.2959094
14120 -0.99320745
14220 -1.9569564
14321 -2.7455153
14422 -3.0857434
14522 -3.1776423
14621 -3.0902286
14722 -2.897239
14823 -1.8729331
14922 -0.9686518
15023 -0.056181908
15124 0.9542761
15224 1.883255
15323 2.5454354
15424 2.759529
15525 2.751943
15625 2.4961538
15724 1.5285783
15825 0.6615534
15925 -0.5288873
16026 -1.5013962
16127 -2.2145727
16227 -2.6738813
16326 -2.9520006
16427 -3.07741
16527 -3.0942569
16628 -3.0554755
16728 -2.9925895
16827 -2.895214
16929 -2.688274
17028 -1.0948892
17129 -0.028315544
17229 1.0004592
17330 1.9421492
17430 2.545064
17530 2.9752364
17631 3.2260504
17730 3.281273
17830 3.1101437
17931 2.3575468
18032 0.9705248
18131 0.0588789
18232 -1.0847409
18331 -2.20064
18432 -2.832565
18533 -2.9721272
18633 -2.9848506
18733 -2.9266243
18833 -2.785544
18934 -2.0255713
19033 -0.456079
19118 0.6391535
19217 1.8470535
19318 2.6708207
19418 3.163231
19518 3.2779264
19619 3.245985
19718 2.8947845
19820 1.7204084
19920 0.4590521
20020 -0.8055773
20120 -2.038879
20221 -2.776022
20321 -3.1892471
20420 -3.2544734
20521 -3.0970745
20621 -2.7690134
20722 -0.99345684
20821 0.43741512
20922 1.6119108
21023 2.5286827
21122 3.1315956
21223 3.3679333
21324 3.4180737
21423 3.3572617
21523 2.973527
21624 2.0255003
21724 0.7314267
21825 -0.50956726
21925 -1.6609426
22026 -2.6547112
22125 -3.0374658
22225 -3.2181792
22326 -3.2554104
22426 -3.216235
22527 -2.8803477
22626 -1.348896
22727 0.080718994
22828 1.467505
22928 2.5146446
23027 3.153369
23128 3.399417
23345 3.27102
23445 2.7609186
23546 1.3667383
23646 0.10421467
23747 -1.2023971
23847 -2.2843132
23946 -2.690503
24047 -2.7946742
24148 -2.6377554
24247 -1.9975767
24348 -1.0257714
24448 0.11672783
24548 1.3019509
24649 2.354724
24749 3.0488482
24850 3.37749
24949 3.4607563
25050 3.4392033
25150 3.2411022
25250 2.6291556
25350 1.3010931
25451 0.18715572
25552 -1.1128197
25652 -2.2713387
25752 -2.6262817
25852 -2.7888975
25952 -2.8555312
26052 -2.7456367
26152 -2.3244615
26253 -1.1389115
26354 0.19701958
26454 1.3911395
26554 2.3693151
26654 3.0202436
26755 3.4198647
26854 3.4828386
26955 3.414507
27056 3.1544971
27155 2.3697042
27256 1.1742373
27356 0.029968739
27457 -1.2273402
27557 -2.2475457
27657 -2.7102587
27758 -2.918944
27858 -2.9844787
27958 -2.9632401
28057 -2.671916
28141 -1.4836082
28241 -0.040554523
28342 1.2779903
28442 2.3709397
28543 3.1870718
28642 3.7547188
28744 3.9027958
28844 3.8566675
28944 3.4832182
29044 2.6817331
29143 1.570981
29446 -1.760778
29545 -2.3425508
29646 -2.444575
29746 -2.515409
29846 -2.4915566
29947 -2.1556013
30047 -1.2595482
30147 -0.51453495
30247 0.50846004
30348 1.4535189
30447 2.3311067
30548 2.8283567
30649 3.0772572
30749 3.1454515
30849 3.10145
30949 2.9353538
31050 2.5692658
31150 1.3327513
31250 0.33243513
31349 -0.8083
31450 -1.7636864
31551 -2.458179
31651 -2.7301292
31751 -2.8349407
31851 -2.862855
31952 -2.860284
32051 -2.7984848
32152 -2.584765
32252 -1.0438831
32353 0.17953634
32453 1.584075
32553 2.7685575
32653 3.383976
32754 3.6635818
32854 3.7085505
32955 3.586173
33055 3.1563196
33155 2.0014448
33238 0.92757225
33338 -0.122326374
33438 -1.3102741
33539 -2.4242995
33640 -2.7691708
33739 -2.9868739
33957 -2.6760006
34058 -1.8306646
34157 -0.5651059
34258 0.7775583
34358 1.8167586
34459 2.6172132
34559 3.3310738
34659 3.6015034
34759 3.8545618
34860 3.7551556
34960 3.6119099
35060 2.907032
35161 1.9541883
35261 0.88019705
35361 -0.3870592
35461 -1.4315643
35561 -1.9532204
35662 -2.2752557
35761 -2.3024004
35862 -2.2632985
35962 -2.155526
36062 -1.7141252
36163 -0.6221247
36263 0.55878735
36363 1.652307
36464 2.4667425
36564 3.148366
36664 3.5180178
36765 3.5630817
36865 3.5425596
36965 3.2076826
37065 2.214635
37166 1.1766934
37266 -0.0360713
37367 -1.230571
37467 -2.1520545
37567 -2.4989593
37667 -2.5789876
37767 -2.5207932
37868 -2.3771727
37968 -1.9342964
38068 -0.7607441
38168 0.58856297
38268 1.6047201
38369 2.3249044
38452 3.0356178
38552 3.388956
38653 3.4094448
38752 3.3828926
38854 3.3139877
38954 2.5616674
39054 1.0721326
39155 -0.5779424
39254 -1.7253737
39355 -2.6315768
39455 -3.1311073
39556 -3.2876658
39656 -3.3108559
39755 -3.2153375
39856 -3.0039191
39957 -2.587605
40057 -0.49824238
40157 0.98441744
40258 2.0277734
40357 2.8010645
40458 3.439416
40557 3.6489315
40659 3.590539
40759 3.2427216
40858 2.7019796
40959 1.6523485
41059 0.26648045
41160 -1.0545125
41259 -1.9234757
41360 -2.6933246
41460 -2.6722128
41561 -2.626547
41661 -2.4954762
41761 -2.3283029
41862 -1.1938484
41962 0.24649
42061 1.676589
42163 2.5004272
42262 3.3017445
42363 3.7710114
42463 0.0
42563 0.0
42663 0.0
42764 2.3474913
42864 1.320754
42965 -0.27466488
43065 -1.913759
43165 -2.9299774
43265 -3.5791116
43366 -3.8066318
43466 -3.9043336
43566 -3.8064795
43666 -3.207643
43767 -2.0817556
43867 -0.5513272
43967 0.7014837
44068 1.9776969
44167 2.8966494
44268 3.3844929
44369 3.5664558
44469 3.4633093
44569 3.188612
44669 2.3451629
44752 1.484189
44852 0.31427288
44952 -0.8789911
45054 -2.0247512
45154 -2.6320138
45254 -2.910742
45355 -3.0372796
45455 -3.0831103
45555 -2.8552399
45654 -2.6634698
45755 -1.9325957
45855 -0.5999403
45956 0.56178
46055 1.6961164
46156 2.4871254
46257 3.1600246
46356 3.456934
46457 3.5072336
46558 3.3003197
46658 2.599927
46758 1.2297611
46859 -0.22606754
46958 -1.7648284
47059 -2.7828546
47159 -3.3636909
47259 -3.7197137
47360 -3.8472145
47460 -3.5722094
47560 -2.6759148
47661 -1.5131066
47760 -0.29738426
47861 1.1184988
47961 2.2529287
48061 2.96146
48162 3.124692
48261 3.1129456
48362 2.7858095
48463 1.9799409
48563 0.49634075
48663 -0.7308693
48763 -1.8286588
48864 -2.672426
48964 -3.0661018
49232 -3.2288754
49332 -2.8261375
49431 -1.7220135
49531 -0.5059371
49632 0.85913754
49733 1.9251204
49833 2.7119727
49934 3.1869907
50033 3.241911
50133 2.953425
50233 2.0462775
50334 0.8372178
50434 -0.3920226
50534 -1.7423146
50635 -2.855842
50735 -3.3268921
50836 -3.4632182
50936 -3.351088
51036 -2.993151
51136 -2.4402225
51237 -0.8971057
51336 0.37464905
51437 1.5905924
51538 2.8090758
51637 3.3495817
51738 3.478859
51838 3.3955336
51939 2.8066912
52038 1.7932305
52139 0.44905376
52239 -1.0781269
52340 -2.3212736
52439 -3.0305538
52540 -3.2702217
52640 -3.3314779
52740 -2.9698663
52841 -2.4699914
52941 -1.548001
53042 -0.18084908
53142 1.3049841
53242 2.3549223
53342 3.017068
53442 3.114315
53543 2.9456367
53643 2.4446664
53744 0.9738169
53843 -0.3868208
53944 -1.4930882
54044 -2.6630929
54127 -3.104385
54228 -3.4239326
54328 -3.5027084
54429 -3.1654644
54529 -2.781521
54629 -1.6289382
54729 -0.35684586
54829 0.7071676
54930 1.903327
55030 2.8042765
55131 3.2738476
55364 3.1996365
55465 2.5589905
55565 1.3805027
55665 -0.12517595
55765 -1.2718112
55865 -2.2082744
55966 -2.6410823
56049 -2.946531
56150 -3.0460842
56250 -2.8399036
56350 -2.2052855
56450 -1.3620725
56550 -0.34935856
56651 0.9337096
56751 2.3006797
56852 3.208434
56952 3.6103563
57052 3.7325878
57153 3.7298508
57253 3.440978
57353 2.673787
57453 1.1581864
57553 -0.27668285
57654 -1.6657741
57754 -2.7247086
57854 -3.1415567
57955 -3.3009794
58055 -3.2334485
58155 -2.6788986
58255 -1.6569092
58355 -0.18242931
58456 0.9257827
58556 1.6912131
58656 2.403997
58757 3.1156473
58890 3.4527397
58990 3.2696161
59107 2.3675523
59208 0.95624065
59308 -0.50910616
59425 -2.1141677
59525 -3.130952
59625 -3.5620306
59743 -3.7799892
59843 -3.5386624
59927 -3.0888765
60027 -1.7638733
60127 -0.48253155
60244 0.8662944
60544 3.2398539
60645 3.2640238
60745 3.0432224
60862 2.227243
60962 1.2547598
61062 -0.029147625
61196 -1.7602229
61331 -3.215322
61431 -3.7843635
61531 -3.9454558
61664 -3.770432
61765 -3.0139995
61865 -1.4148438
61998 0.2996626
62098 1.417891
62199 2.3661814
62300 3.1648912
62400 3.431777
62500 3.4180126
62784 0.55948067
62884 -0.5719409
62984 -1.7632535
63085 -2.6364305
63185 -3.2646112
63285 -3.4653232
63386 -3.3565307
63486 -2.4609265
63586 -0.7477956
63687 0.53959656
63787 1.6130171
63886 2.6409478
63987 3.4380245
64088 3.9287262
64188 3.9467144
64288 3.7107859
64389 2.981588
64489 1.9871573
64589 0.89553356
64689 -0.016154766
64789 -1.3111432
64890 -2.4899917
65157 -3.4387913
65258 -3.17722
65508 -0.80757666
65609 0.24646997
65708 1.3282213
65809 2.2323961
65909 2.769362
66009 2.873365
66110 2.426755
66210 1.2533517
66310 -0.056960583
66394 -1.1316724
66493 -2.2151687
66595 -3.1665077
66695 -3.6916432
66795 -3.9355059
66895 -3.8041022
66995 -3.1935222
67096 -1.5972703
67196 -0.1126461
67296 1.3080907
67397 2.5879455
67497 3.5453968
67597 3.9649963
68232 -3.3397098
71608 -3.0274482
71708 -3.443707
71808 -3.492126
71908 -3.247121
72008 -2.3044374
72108 -0.6931815
72209 0.57116175
72309 1.7597246
72410 2.7699866
72510 3.5456295
72610 3.7816792
72711 3.6687117
72810 3.1397762
72894 2.18742
72994 0.89213467
73095 -0.019740582
73195 -1.0262101
73296 -2.0939128
73396 -2.8712745
73496 -2.948781
73596 -2.7938595
73697 -1.7033257
73797 -0.53060055
73897 0.79944706
73997 2.042746
74098 2.9864626
74198 3.4727936
74298 3.6330862
74398 3.534975
74499 3.0172415
74598 1.8050752
74699 0.23964596
74799 -1.451755
74900 -2.762899
74999 -3.4742632
