12 3.734911
111 3.181921
209 1.562211
310 -0.2873559
410 -1.9755778
510 -3.0881479
610 -3.175252
710 -3.003219
810 -1.5971177
910 0.11977291
1010 1.3984175
1110 2.2047586
1211 2.4100876
1311 1.7245255
1414 0.19491673
1514 -1.5571666
1611 -2.9863524
1711 -3.7635212
1814 -3.8206565
1914 -3.0273938
2013 -1.7396908
2114 -0.39574718
2213 0.84637547
2313 2.0673094
2413 3.2265434
2513 3.2328215
2614 1.760108
2715 0.18466854
2813 -1.4323401
2913 -2.8650339
3014 -3.990254
3114 -4.12665
3214 -3.79329
3314 -1.9821444
3415 -0.14140606
3515 1.5671234
3615 3.328929
3715 4.0455084
3818 3.107854
3916 1.4481478
4015 -0.43340778
4116 -2.0774083
4216 -3.2953672
4316 -3.7882142
4416 -3.2447364
4517 -1.7284629
4617 -0.04274702
4716 1.3734031
4817 2.6144018
4917 3.3114185
5018 2.81708
5117 1.1065245
5218 -0.6880827
5317 -2.1197963
5419 -2.9933608
5518 -3.1724448
5619 -2.634403
5719 -1.2855575
5819 0.15166712
5903 1.354938
6003 2.9964628
6103 4.6477404
6203 5.0
6303 3.5796967
6403 1.7462335
6503 -0.65163326
6603 -2.3442616
6703 -2.8968937
6804 -2.8536792
6904 -3.0370455
7004 -2.4498882
7104 -0.7207575
7205 1.2924652
7305 3.2061243
7405 4.1370487
7505 3.2300587
7605 1.5673418
7705 -0.12998772
7805 -1.569016
7905 -2.4220834
8006 -2.8826935
8105 -3.069429
8206 -3.223489
8306 -2.5642064
8406 -0.44421244
8509 1.4269934
8609 2.4127107
8709 2.8889122
8809 2.4039483
8909 0.8028383
9009 -1.1696553
9108 -2.8456824
9207 -3.4748557
9308 -3.6084297
9408 -3.5920258
9508 -3.22369
9609 -1.1708984
9708 0.47498608
9811 1.7155876
9911 3.2150154
10011 3.5808506
10111 2.7502646
10209 1.2200937
10309 -0.8006587
10410 -1.8111198
10510 -3.0441656
10610 -3.5352318
10710 -3.6248577
10810 -2.9158707
10911 -1.0149703
11011 0.6505904
11111 2.0873842
11211 3.3450966
11314 4.350767
11413 3.877407
11514 1.8971076
11614 0.018424034
11714 -1.5993252
11814 -2.9179077
11914 -3.618757
12014 -3.6576457
12331 -0.056459427
12430 1.4579229
12531 2.613433
12630 3.3396301
12731 3.4888363
12830 2.5419245
12931 0.52965355
13031 -1.1059995
13131 -2.357751
13231 -3.2269297
13331 -3.477612
13432 -2.955946
13532 -1.7977531
13632 -0.3561144
13732 0.94785976
13832 2.1078901
13932 3.1082582
14033 3.883151
14132 2.6509924
14233 0.54948807
14333 -1.2761931
14433 -2.477319
14533 -3.627358
14636 -3.5727487
14736 -2.7779503
14836 -2.0028014
14936 -0.9338274
15035 0.6543379
15137 1.951992
15234 2.972412
15334 4.0597687
15435 3.7232685
15535 1.4316206
15635 -0.2968707
15736 -1.6293998
15836 -2.4124665
15936 -2.9112186
16037 -3.3620934
16138 -2.559573
16237 -2.0727873
16336 -0.5871358
16437 1.1414051
16537 2.3181295
16637 3.4854908
16738 4.1410418
16837 3.9474354
16939 3.3108568
17038 2.7055998
17139 2.3965697
17238 2.0091338
17338 1.2432647
17439 0.37858868
17539 0.19111395
17638 1.0987492
17739 2.8244538
17839 3.7127228
17939 3.9254427
18039 2.5486689
18139 0.9263277
18240 -0.6202936
18342 -1.68768
18441 -2.484181
18540 -3.073061
18640 -3.2099216
18740 -2.86659
18840 -1.8986192
18941 -0.81483746
19025 0.59545517
19125 2.0115843
19225 3.3838902
19325 4.064191
19425 4.2315073
19525 3.9576368
19625 3.0695114
19726 1.4877939
19825 -0.07966089
19926 -1.3537164
20026 -2.34462
20126 -2.8802514
20226 -3.52384
20326 -3.5081534
20427 -3.497683
20527 -3.4860675
20627 -3.4619057
20727 -3.0958471
20827 -1.6913974
20928 -0.14622593
21028 0.88635683
21128 2.1234865
21228 3.414381
21328 4.818266
21428 5.0
21528 5.0
21631 4.207079
21731 3.986393
21831 3.5591059
21931 2.3815374
22031 0.96061945
22131 -0.17483997
22230 -1.424022
22330 -2.400973
22430 -2.871135
22530 -2.780356
22630 -2.1393685
22733 -0.81133795
22834 0.6228924
22930 1.6556258
23034 2.6444063
23134 3.4826736
23231 3.9055004
23332 3.9333515
23432 3.763998
23532 2.8932648
23632 1.6306925
23732 0.43205452
23832 -0.6073251
23933 -1.6275582
24032 -2.1939447
24133 -2.5801797
24233 -2.753683
24336 -3.0926533
24434 -3.0733876
24536 -1.3457417
24636 0.10327625
24736 1.6883955
24836 3.0576954
24936 3.9711132
25036 4.0029955
25135 3.0415707
25235 1.431478
25335 -0.32987738
25435 -1.8988047
25536 -2.7614827
25637 -3.132112
25735 -3.2019935
25836 -2.9441135
25936 -1.3421841
26036 0.2721429
26137 1.7474823
26236 2.8260245
26336 3.4047842
26437 3.667616
26537 3.292879
26637 1.727571
26738 0.38097048
26838 -0.80033493
26937 -1.9457357
27038 -2.7816455
27138 -2.96254
27238 -2.950542
27338 -2.3706517
27439 -1.1761048
27539 0.24418736
27639 1.5750527
27740 2.630587
27839 3.2590199
27939 3.2069454
28041 1.9069886
28139 0.30114698
28240 -1.3550255
28340 -2.5931752
28440 -3.1866527
28541 -3.313051
28641 -3.3972223
28742 -1.8474874
28825 -0.55665684
28925 0.95904064
29025 1.800004
29125 2.9675002
29225 3.0861092
29325 1.7794724
29425 -0.107411385
29525 -1.4868298
29626 -2.6610234
29725 -3.3522508
29826 -3.49188
29926 -2.6375623
30026 -1.1290078
30126 0.20457745
30227 1.0932617
30327 2.1563616
30427 2.9216242
30527 3.035571
30627 2.1245437
30727 0.34895802
30828 -1.3821557
30928 -2.116159
31028 -2.7079027
31128 -3.148685
31228 -3.1473987
31328 -2.440353
31429 -1.0941257
31529 0.946506
31631 2.934394
31731 4.2092495
31831 4.8780384
31931 4.9638042
32030 4.5211105
32131 3.1477747
32230 1.4603472
32330 -0.12157822
32430 -1.506839
32530 -2.4397655
32633 -3.0561886
32731 -3.1661084
32833 -2.5544586
32931 -0.8428974
33033 0.8442359
33133 2.1083384
33232 3.004386
33332 3.914137
33432 4.366432
33532 4.4468536
33633 3.6413994
33733 1.7422981
33833 0.008081913
33933 -1.5463233
34032 -3.0750496
34133 -3.605569
34234 -3.7123349
34336 -2.5442855
34436 -0.7878237
34536 0.5435014
34636 1.8712273
34736 2.9336486
34836 3.537981
34937 3.381503
35035 1.8420448
35136 -0.18697643
35235 -1.7475076
35335 -2.944192
35436 -3.310246
35537 -3.3071084
35636 -3.1524124
35736 -1.1191895
35836 0.27308655
35936 1.719039
36036 3.4246197
36136 4.809067
36237 4.9298306
36337 3.6984262
36437 1.9952202
36537 0.19409609
36638 -1.0774853
36738 -2.2547507
36838 -3.0403543
36938 -3.5114832
37038 -3.4868302
37138 -2.473438
37238 -0.38365936
37338 1.3842349
37439 2.8111167
37539 3.694583
37639 4.1186314
37740 4.130596
37839 3.2131157
37940 1.7179809
38040 0.2448082
38140 -1.1589084
38240 -2.4613752
38340 -3.1849399
38441 -3.4778607
38543 -3.3565068
38640 -3.3203142
38741 -1.8942647
38825 -0.6873331
38925 0.74279785
39025 1.8931684
39125 3.0351706
39225 3.7450094
39325 4.1124268
39425 4.06369
39526 3.6239529
39626 2.826509
39726 1.1020045
39826 -0.30625057
39927 -1.8296316
40026 -3.2457604
40127 -3.596515
40226 -3.5013802
40327 -3.080047
40427 -0.9372039
40527 0.9930239
40628 2.820239
40728 4.189719
40829 4.6860733
40929 4.3202047
41029 2.9303207
41128 0.85553694
41228 -1.1813741
41331 -2.8968801
41431 -3.5162358
41531 -3.6607466
41631 -3.351372
41731 -2.6850288
41832 -0.48948765
41932 1.4306192
42032 3.1165295
42132 4.1347046
42230 4.4352055
42330 3.1662493
42430 1.2120862
42533 -1.4222016
42633 -2.795009
42731 -3.2325523
42831 -3.340362
42933 -2.5472457
43034 -0.09058285
43134 2.2329292
43231 3.5045033
43333 3.4876232
43433 2.0989356
43532 -0.3570509
43633 -2.3269897
43732 -2.612762
43832 -1.3420951
43933 1.3931074
44033 3.619543
44133 4.8828106
44236 5.0
44333 4.4073696
44436 2.0334864
44536 -0.2271266
44636 -1.839458
44735 -2.9127533
44835 -3.3921218
44936 -3.7035952
45036 -3.1665075
45135 -1.5445824
45235 0.4550457
45335 2.0828562
45435 3.3473911
45536 4.0412827
45636 4.023876
45738 2.8841906
45836 0.90062475
45936 -1.0360847
46037 -2.5377595
46137 -3.3750088
46237 -3.4083893
46337 -3.36548
46437 -1.2949574
46537 0.77901745
46638 2.4732714
46738 3.6501627
46837 4.5899925
46938 4.32316
47039 2.5868025
47138 0.40506887
47238 -1.4224899
47339 -2.7666738
47439 -3.8824418
47539 -4.1346436
47639 -4.00658
47740 -2.384946
47840 -0.079852104
47940 2.0470772
48040 3.185854
48141 3.4792194
48242 3.3204527
48340 1.8582201
48441 0.002500534
48540 -2.0080884
48625 -3.356163
48725 -3.5385032
48825 -3.2884104
48925 -0.96824217
49025 1.1863198
49124 2.9959974
49226 4.101509
49326 4.396653
49426 3.26266
49526 1.5228324
49626 -0.36673355
49726 -2.0481877
49826 -3.2795143
49926 -3.8046632
50027 -3.5312586
50127 -1.7907665
50227 0.37273216
50327 2.4770951
50427 3.9576359
50527 4.4110775
50628 3.7755737
50728 1.69028
50828 -0.38292122
50928 -2.1642563
51030 -3.0295491
51131 -3.4209447
51231 -3.3961384
51331 -2.2834651
51431 -0.24838543
51531 2.091401
51631 3.8651495
51730 4.60215
51830 3.5618095
51930 1.718545
52030 -0.30533075
52130 -1.9115219
52231 -3.5260615
52330 -4.1299734
52431 -4.1824007
52531 -3.2943954
52631 -1.038805
52731 0.86188936
52832 2.3291025
52931 3.7235708
53032 4.7388306
53132 4.116024
53232 2.3154082
53332 0.15810633
53432 -1.5444436
53533 -2.3397927
53633 -2.7803044
53733 -2.7459645
53833 -1.7869935
53936 0.29541206
54036 1.6885734
54136 3.0555182
54234 4.2829437
54334 4.715685
54434 3.3582973
54534 1.5934057
54634 -0.18871403
54735 -1.5830498
54835 -2.6445413
54935 -3.115316
55035 -3.151244
55135 -2.8845448
55235 -0.047202587
55336 1.769877
55436 3.2121563
55536 4.1769505
55636 4.4278584
55736 3.5495052
55836 2.145608
55937 0.4712057
56037 -1.20434
56137 -2.6646152
56237 -3.2419004
56337 -3.374558
56439 -2.7816224
56538 -0.8416333
56638 0.84058666
56739 2.5757637
56838 3.8642445
56939 4.259923
57040 3.4319477
57139 1.7646651
57239 0.020654202
57339 -1.1350093
57439 -2.6830337
57540 -3.3472645
57639 -3.3036113
57740 -2.2076478
57840 -0.67249393
57940 0.6040373
58040 2.094583
58140 3.5783052
58241 4.198881
58341 3.7549868
58425 2.6748567
58525 1.0155349
58625 -0.40574312
58725 -1.5810604
58825 -2.5980988
58925 -3.3914053
59025 -3.4678981
59125 -3.1939266
59225 -1.4155011
59326 0.39392567
59426 1.9512277
59526 3.3187695
59625 3.519229
59727 2.492022
59826 0.9545889
59926 -0.4009409
60027 -1.6094081
60127 -2.4855962
60227 -2.9286983
60328 -2.7927957
60428 -2.4499533
60528 -2.1569855
60628 -0.68800116
60728 1.4151292
60828 2.8808875
60928 3.5153027
61031 3.4758663
61128 2.1707053
61229 0.59245205
61331 -0.5714736
61431 -2.2262454
61530 -3.6580725
61631 -3.7460408
61730 -3.5582962
61830 -1.2537842
61930 1.3606715
62030 4.5139894
62131 5.0
62231 0.0
62332 0.0
62431 2.0449233
62531 -0.55229855
62632 -2.3989995
62731 -2.850792
62831 -2.1328597
62932 -0.42919397
63032 1.6855192
63132 3.0514317
63233 3.831912
63333 3.887556
63433 2.4936118
63533 0.510684
63633 -1.4609771
63733 -2.986442
63833 -3.5768702
63936 -3.465779
64033 -2.3219135
64136 -0.21973753
64234 1.5119791
64335 2.84797
64434 3.7773933
64534 4.0835342
64634 3.2277431
64736 1.27527
64835 -0.9328966
64935 -2.4790192
65036 0.0
65136 0.0
65236 0.0
65336 0.0
65436 0.2711606
65536 2.3720412
65636 3.1718655
65737 3.1660328
65837 2.1395087
65936 0.05076742
66037 -1.639611
66138 0.0
66237 0.0
66338 0.0
66438 0.0
66538 0.0
66638 0.5970168
66738 2.3479147
66839 2.051507
66938 0.23741627
67038 -1.0369675
67141 -2.5723588
67240 -2.947689
67339 0.0
67439 0.0
67540 0.0
67640 1.1506886
67740 3.1467085
67840 3.9148588
67940 3.572832
68041 1.7332048
68140 -0.4939685
68225 -1.3506908
68325 -2.5411234
68425 -2.919001
68525 -2.662935
68625 -1.495662
68725 -0.63067913
68825 0.9547553
68925 3.0570402
69025 3.4591608
69126 2.6583376
69226 0.9612994
69326 -0.5757084
69426 -1.9855368
69526 -2.8221622
69627 -3.204175
69727 -3.238215
69827 -2.6406956
69927 -0.502141
70027 1.5257287
70127 3.0968723
70227 3.9389658
70327 3.810069
70428 2.56425
70528 0.463233
70628 -1.4445262
70728 -2.1078422
70831 -2.8054278
70931 -2.8413274
71030 -2.0082166
71131 -1.1472614
71229 0.48432255
71330 2.0720282
71430 3.1773815
71530 3.7138271
71630 3.5680828
71730 2.0320754
71830 -0.1967535
71933 -2.2003465
72031 -2.6701975
72133 -2.504695
72231 -1.7934685
72331 -0.09741545
72432 2.2814264
72532 3.8574266
72632 4.691763
72732 4.6063147
72832 3.3421602
72933 2.0597978
73032 0.36131
73133 -1.3072543
73233 -2.5049777
73332 -3.0321355
73436 -3.0193362
73533 -2.2869744
73633 -0.58948994
73733 1.4429054
73836 2.9826937
73936 4.381407
74036 4.7514095
74136 3.664544
74234 1.6855011
74335 -0.19978952
74435 -1.9061747
74535 -3.0818038
74635 -3.4149728
74735 -3.1578197
74836 -1.8031349
74935 0.4021592
16 -1.4495232
115 -2.4380822
215 -2.5896533
316 -1.9901595
416 -0.82736874
517 0.7692194
616 1.9769125
716 3.0469427
815 3.1391668
917 2.006606
1016 0.6374965
1116 -0.30147743
1216 -1.3630261
1317 -2.8723998
1417 -5.0
1517 0.0
1617 0.0
1717 0.0
1817 0.4363222
1917 1.6839318
2017 2.2600884
2117 2.1700525
2218 1.1043911
2319 -0.34369755
2418 -1.464463
2518 -2.4183555
2619 -2.8790984
2719 -2.3739228
2803 -1.2067485
2903 0.26398563
3003 1.7630754
3103 2.8778243
3203 3.3276196
3303 2.6781073
3403 0.7579975
3504 -0.7704878
3603 -2.5424967
3704 -3.2588592
3804 -3.5185206
3904 -2.5587983
4004 -0.86669064
4104 0.30533552
4205 1.3443766
4305 1.8002777
4405 1.8109374
4505 1.3029695
4605 -0.2012024
4706 -1.5077987
4806 -2.329222
4906 -2.6422892
5006 -2.5496488
5106 -1.3222461
5206 0.04555416
5309 1.0310216
5406 1.6869154
5509 2.2407594
5609 2.3721743
5709 1.75178
5809 0.08842754
5909 -1.3239193
6008 -2.6057904
6108 -3.2502232
6208 -3.0145335
6308 -1.3008761
6409 -0.048862457
6509 1.7863121
6609 3.2042913
6709 4.034384
6810 3.9075165
6910 2.740014
7009 1.1359859
7110 -0.7476454
7209 -1.9884448
7309 -2.093525
7410 -2.3506331
7510 -2.736421
7610 -1.5191798
7710 0.049783707
7811 1.8858576
7914 3.258833
8011 4.202737
8111 4.415681
8214 3.611456
8311 1.7732582
8411 -0.27957487
8512 -1.9266887
8612 -2.9689324
8712 -3.1463394
8812 -2.2734706
8913 -0.7478261
9013 0.93336725
9113 2.1638975
9214 3.086565
9314 3.376545
9415 3.3253574
9514 2.2539153
9614 -0.10843754
9714 -1.7803731
9814 -3.0712168
9914 -4.6713367
10014 -4.615442
10115 -4.1943192
10214 -2.96117
10315 -0.54018974
10415 1.5705261
10516 2.9696398
10616 3.7711754
10716 4.2516546
10816 3.3003674
10916 1.2502565
11016 -1.120132
11116 -2.3352258
11216 -2.9931061
11317 -3.0261273
11417 -3.0552347
11517 -2.6596913
11617 -0.89607143
11718 0.7480545
11818 2.406991
11918 3.4503126
12018 3.8608418
12118 3.5535803
12218 2.170133
12318 0.53176117
12419 -1.1666565
12519 -2.54738
12603 -3.2031248
12703 -3.8623762
12803 -3.5395575
12903 -2.5371716
13003 -0.7662935
13103 1.2223043
13203 2.668161
13303 3.4504795
13404 3.823761
13504 3.295168
13604 2.0588021
13704 0.19097948
13804 -1.9104381
13905 -3.1295977
14005 -3.1963074
14105 -2.3463264
14205 -1.0085769
14305 1.0150805
14405 2.6180825
14506 3.7519941
14605 4.475276
14706 4.308097
14806 3.5057764
14909 2.5436277
15006 0.81280804
15106 -1.1844475
15206 -2.2866933
15306 -3.0081992
15409 -3.5782835
15509 -3.230679
15609 -2.0178285
15709 -0.26624012
15809 1.6139832
15909 2.7106805
16009 3.1661348
16110 3.2129688
16210 2.370304
16310 0.85026026
16412 -0.9471574
16511 -2.5557864
16608 -3.4967492
16711 -2.8162618
16809 -1.7612221
16911 -0.23901606
17011 1.5054474
17111 2.7275376
17211 3.4293709
17311 3.6853046
17410 3.6328526
17511 3.2417612
17611 2.4384513
17711 1.2400174
17811 -0.066930294
17914 -1.341573
18011 -2.2171102
18114 -2.92992
18214 -2.4399233
18314 -1.0262401
18412 0.25013208
18512 1.6792526
18612 2.7049904
18712 3.323022
18814 3.509575
18914 3.5173616
19013 3.5480137
19113 3.4117088
19213 3.1108818
19314 2.8660192
19413 1.8027344
19514 0.55844927
19614 -0.6056895
19714 -1.9626245
19814 -2.8429432
19914 -3.7467577
20016 -3.841199
20115 -3.7269135
20215 -3.6874726
20315 -3.2952511
20415 -1.7962327
20516 -0.63416815
20616 0.5658388
20716 1.1629086
20816 1.2490282
20916 1.8114762
21016 2.413568
21117 2.4585686
21217 2.3712373
21317 1.7212324
21417 0.12439394
21518 -1.1232407
21617 -2.3674462
21718 -3.0634828
21818 -3.211292
21917 -2.9760745
22019 -2.3073318
22119 -1.4328945
22218 -0.42530394
22318 1.1542745
22420 2.6363273
22519 3.8988972
22603 4.515625
22703 4.4857836
22803 3.1625576
22903 0.97598314
23003 -0.7132478
23103 -1.5972431
23204 -2.386005
23303 -2.7504938
23404 -2.9358191
23504 -2.8323777
23604 -1.578027
23704 0.28121185
23805 1.618135
23905 2.8370185
24005 3.8777504
24104 4.429285
24205 4.3590612
24305 3.2005901
24406 1.6628876
24722 -2.3364942
24823 -2.821687
24924 -3.1831882
25023 -3.1472
25124 -2.7431297
25223 -2.173518
25324 -0.6411133
25424 0.64625835
25524 1.6539321
25624 2.349893
25724 2.6166725
25825 2.733214
25925 2.7276497
26026 2.5098443
26125 1.0272727
26225 -0.99271727
26325 -2.237897
26426 -2.9289145
26526 -4.114392
26626 -4.5610857
26726 -3.679988
26826 -2.1230226
26926 -0.53271055
27026 1.1020694
27127 2.5940638
27227 3.8498783
27327 4.4690933
27427 4.126381
27527 2.7125754
27628 0.6781492
27728 -1.2020917
27828 -2.5336711
27928 -3.329024
28028 -3.876145
28129 -3.754846
28228 -2.5922768
28329 -1.4572327
28429 -0.16035938
28531 1.0918593
28630 2.5063734
28729 3.5829744
28829 3.5643759
28929 2.1890764
29030 0.52121353
29130 -1.041182
29447 -3.587225
29548 -3.296456
29648 -2.7884133
29748 -1.5356114
29847 -0.173141
29949 1.2447596
30048 2.7582197
30148 3.8007526
30249 4.4697323
30349 4.4101734
30449 3.3083363
30549 1.7775359
30650 -0.07969904
30749 -1.6255774
30850 -2.520711
30950 -2.8918355
31050 -2.9510965
31150 -2.874722
31250 -1.8752122
31350 -0.8114276
31450 0.82587147
31551 2.4022088
31651 3.5975323
31751 4.2798233
31851 4.004733
32170 -0.3858614
32269 -1.7060215
32369 -2.5773404
32469 -3.025169
32570 -3.3917668
32670 -3.404423
32770 -2.9265935
32869 -2.6046703
32970 -1.0955157
33070 -0.9202223
33170 0.69153166
33270 2.491942
33370 3.8489761
33471 4.5483932
33571 3.9975119
33671 2.8253126
33772 1.2305479
33873 -0.58753014
33972 -2.354849
34072 -3.5751047
34172 -4.809912
34272 -5.0
34372 -4.6078815
34473 -2.8940587
34572 -1.170969
34672 0.7147813
34773 2.431717
34874 3.983282
34975 5.0
35074 5.0
35174 4.347766
35274 2.2519507
35375 0.035357952
35475 -1.6952622
35574 -2.3834844
35674 -3.6946373
35774 -4.0165205
35859 -3.6888924
35959 -2.1709347
36059 -0.44972897
36159 1.2713099
36259 2.8455062
36359 4.193434
36459 5.0
36559 5.0
36660 4.3473015
36760 3.1739845
36860 1.8017783
36960 0.3050909
37060 -1.2824993
37160 -2.501298
37260 -3.382523
37361 -3.967533
37461 -4.0052195
37561 -3.6845078
37661 -2.8796973
37761 -1.4986928
37861 0.41116095
37961 2.066424
38062 3.3498173
38162 4.264825
38262 5.0
38362 5.0
38462 4.9216356
38562 4.0546513
38665 2.8190598
38765 1.5370474
38865 0.09543228
38965 -1.009161
39064 -2.0332284
39164 -2.7069116
39264 -2.9439769
39364 -2.8572292
39464 -2.2192504
39564 -1.5109031
39668 0.06628132
39767 1.4118257
39865 2.569121
39967 3.5181293
40067 4.3086576
40167 4.7298164
40267 4.516513
40366 3.4688892
40466 2.2922258
40800 -2.2193873
40900 -3.16158
40999 -3.7869024
41100 -4.124005
41200 -4.1674566
41301 -3.0105908
41401 -1.8157032
41501 -0.19985485
41601 1.2854786
41701 2.6509666
41802 3.7029028
41902 4.363825
42002 4.5586452
42102 4.2320127
42202 3.9138794
42302 3.880723
42404 3.8462734
42503 2.9618578
42602 1.0460448
42703 -1.0002098
42787 -2.1406054
42887 -2.8865798
42987 -3.0828474
43087 -3.9405634
43187 -3.9183567
43287 -3.3947875
43388 -1.4880962
43488 -0.04843664
43588 1.5170279
43688 2.7811928
43788 3.730527
43888 4.2417765
43988 3.8165493
44088 1.6718764
44189 0.71206856
44289 0.74416065
44389 1.5753708
44494 2.6269426
44590 3.4559765
44689 3.976431
44789 3.8455925
44890 2.366675
44990 0.45968294
45090 -1.3672624
45190 -2.487079
45292 -3.3398652
45393 -3.5237088
45493 -3.2612863
45593 -1.889981
45693 -0.18661213
45792 1.4167542
45893 2.938398
45994 3.8536663
46092 3.9205427
46192 2.4677858
46292 0.9649763
46392 -0.7506628
46493 -2.4857383
46593 -3.981892
46693 -4.2758145
46793 -4.0745773
46894 -2.5012321
46994 -0.70169926
47094 1.2065463
47194 2.963904
47294 4.5375004
47394 5.0
47494 4.001011
47595 2.2654395
47695 0.42460203
47795 -1.3198433
47895 -2.9043515
47998 -4.036806
48098 -4.269038
48198 -2.9704835
48298 -0.85271645
48397 1.3826103
48496 3.214159
48596 4.4238186
48696 4.867838
48796 4.0695076
48897 2.0744658
49213 -3.3463228
49314 -4.1993184
49414 -3.973805
49515 -3.1382353
49615 -1.0982742
49715 1.4609003
49815 3.7893372
49915 4.6210527
50015 2.461152
50116 -0.94565296
50216 -3.6922934
50316 -4.2355995
50416 -2.4992063
50516 -0.01793766
50616 2.146266
50716 3.9220676
50819 5.0
50919 4.9737167
51019 3.2289333
51119 1.0149884
51219 -1.0662923
51318 -2.674439
51418 -3.7531126
51518 -3.9361184
51618 -2.8854854
51721 -0.9369745
51818 1.1865497
51921 3.120943
52021 4.725069
52121 5.0
52221 3.8828363
52321 1.5213575
52419 -0.7619276
52519 -2.5802035
52620 -3.5830224
52720 -4.0933847
52820 -2.9697354
52920 -0.8162832
53021 1.4807482
53121 3.304161
53220 4.723731
53321 5.0
53421 5.0
53524 4.356042
53624 2.4092393
53724 0.14847422
53821 -1.6609585
53924 -3.2184987
54024 -4.0587034
54124 -4.358406
54223 -3.9617856
54324 -2.3592687
54423 -0.47495842
54522 1.3036337
54623 2.9705744
54723 4.357312
54824 5.0
54924 4.6550875
55024 2.6912374
55124 0.5930519
55224 -1.1638336
55325 -2.8041897
55425 -3.995233
55524 -4.383305
55625 -3.6885471
55725 -1.9958949
55826 -0.04246521
55925 1.8604784
56025 3.3014393
56125 4.492426
56226 5.0
56326 4.4139805
56426 2.3280458
56526 0.22728825
56627 -1.3488488
56726 -2.532669
56827 -3.1273835
56927 -3.2718763
57029 -2.4607775
57128 -0.8009157
57228 1.0028424
57327 2.578517
57428 3.7107239
57528 4.5362473
57628 4.7871113
57728 3.8179655
57828 1.9426117
57913 0.37452412
58013 -0.9673767
58113 -1.9073739
58213 -2.7375865
58313 -3.4732454
58413 -3.9714317
58513 -3.6544957
58613 -2.396463
58713 -0.7343435
58814 0.92854977
58914 2.25311
59014 3.3386898
59114 3.9968433
59214 3.748394
59315 2.0589828
59415 -0.0648365
59515 -2.3901944
59615 -3.7689571
59715 -4.5409207
59815 -4.393637
59915 -3.028927
60015 -1.2396233
60115 0.6111765
60216 2.2990541
60316 3.5881214
60416 4.588808
60516 5.0
60617 4.780841
60719 3.3114624
60819 1.4221659
60919 -0.6481385
61019 -2.450571
61118 -3.2901247
61219 -3.473526
61319 -2.6275058
61418 -0.90448856
61518 0.8480387
61618 2.6112432
61718 4.188052
61819 5.0
61919 5.0
62019 3.8449507
62119 1.9031134
62219 -0.08281851
62320 -1.9849958
62420 -2.937402
62520 -3.4292939
62620 -3.012116
62720 -1.4029319
62821 0.12096214
62920 1.7248907
63021 3.0996218
63121 4.262664
63224 5.0
63321 4.993388
63422 3.5780458
63522 1.6166291
63622 -0.46840858
63722 -2.1767647
63822 -3.3882108
63922 -3.9951367
64022 -3.933902
64122 -2.730689
64223 -0.85615206
64323 1.0987716
64423 3.1162472
64523 4.5149593
64624 5.0
64723 4.4415073
64823 2.8988228
64924 1.0164614
65024 -0.6942129
65124 -1.9184308
65224 -2.93967
65326 -3.2673593
65425 -2.7925184
65526 -1.2989419
65625 0.6316452
65725 2.4922934
65826 3.6126528
65926 3.8601046
66025 3.279749
66126 1.7547073
66226 -0.08518696
66327 -1.638401
66426 -2.5720344
66526 -3.6724784
66628 -3.8269773
66727 -3.1819842
66828 -1.4260163
66927 0.3114872
67027 1.943347
67128 3.3908014
67228 4.4021797
67328 4.881651
67428 4.3188763
67528 2.836213
67629 0.9233141
67728 -1.0631306
67830 -2.6262972
67913 -3.337402
68013 -3.7640543
68113 -3.276937
68213 -1.7403309
68313 -0.08207703
68413 1.4440193
68513 2.6241035
68614 3.7255182
68714 4.339573
68814 4.096961
68914 2.5914755
69014 0.7743211
69114 -0.9258299
69215 -2.0736022
69315 -2.7148476
69415 -3.1091495
69515 -3.137982
69615 -3.0435739
69715 -2.8582573
69815 -1.8718603
69916 0.3582902
70016 1.9329681
70119 3.1208925
70216 4.025526
70319 3.8985271
70416 2.8197532
70519 1.3240867
70619 0.015954971
70719 -1.4382374
70819 -2.651151
70919 -3.3419428
71019 -3.5572395
71118 -3.3194177
71219 -2.7991223
71319 -1.064996
71418 0.8273773
71518 2.4052482
71618 3.629365
71721 4.397478
71821 4.4275627
71921 3.395732
72019 1.738234
72121 0.25525093
72221 -1.3407636
72321 -2.507882
72420 -3.427325
72521 -4.135659
72621 -4.0725
72720 -3.2294793
72821 -1.3846283
72924 0.5085211
73021 1.9859939
73121 3.1039562
73221 3.9265537
73321 3.8625755
73421 2.6190886
73522 1.1695337
73622 -0.20105362
73723 -1.4000278
73824 -2.6088035
73923 -3.408034
74023 -3.648837
74123 -3.4848409
74223 -2.904858
74323 -2.0667007
74423 -1.0111675
74524 0.8874054
74624 2.4564714
74724 3.8896847
74824 4.894642
74925 5.0
