82 4.1439123
182 3.9132795
283 2.9511857
382 1.3416314
483 -0.6474948
583 -2.4490037
683 -3.8076365
783 -4.3777704
884 -4.287564
984 -3.3527212
1084 -1.9495249
1184 -0.1826601
1284 1.5172563
1384 2.7892966
1485 3.4887552
1585 3.8654022
1685 3.8299856
1785 3.0078793
1885 1.3566751
1985 -0.5937786
2085 -2.174621
2185 -3.058731
2286 -3.238341
2386 -2.7822597
2486 -1.8744001
2587 -0.36084652
2686 1.1438179
2787 2.5531874
2887 3.5249882
2987 4.148693
3087 4.336214
3187 3.9723759
3287 2.6494575
3387 0.86571264
3488 -0.84542465
3588 -2.2930088
3688 -3.4114356
3788 -3.8105025
3888 -3.5672874
3988 -2.474103
4088 -1.107019
4188 0.57459307
4289 1.9625497
4389 3.1553984
4489 4.146866
4589 4.4944925
4689 4.3868866
4789 3.4408617
4890 1.746005
4990 -0.11637211
5090 -1.8437419
5190 -2.9173617
5290 -3.3300548
5390 -3.3694296
5491 -2.8011167
5591 -1.7999
5908 2.1838212
6008 2.9377813
6108 3.4260626
6208 3.5944843
6309 3.4601593
6408 1.8836021
6509 -0.005681038
6609 -1.6116021
6709 -2.7327206
6809 -3.3863688
6910 -3.6797037
7009 -3.4198472
7110 -2.4905624
7210 -1.1430256
7310 0.45549393
7410 1.8658667
7510 3.0502357
7611 3.8595161
7711 4.0659103
7811 3.568243
7911 1.8243637
8012 -0.3666191
8111 -2.2444797
8212 -3.6708918
8312 -4.182533
8412 -3.8822865
8512 -2.6981256
8613 -1.5173306
8930 2.8284655
9029 3.6666555
9130 4.1202374
9230 4.203594
9330 3.8929806
9430 2.3594184
9530 0.7465215
9630 -1.4998069
9731 -2.878818
9831 -3.5707567
9931 -3.7180824
10031 -3.2572465
10131 -2.3146377
10231 -1.0228162
10332 0.52279806
10432 1.9959145
10532 2.9274468
10632 3.664544
10732 3.799533
10832 3.7890234
10933 3.2893114
11033 1.5093408
11133 -0.20135403
11233 -1.4300392
11333 -2.466392
11433 -3.0834823
11534 -3.2997408
11634 -2.9495547
11734 -2.0775075
11834 -0.63239
11934 0.5448227
12034 1.813231
12134 2.8567023
12235 3.641615
12335 3.8602428
12435 3.4896936
12535 2.126789
12635 0.2990904
12735 -1.3576939
12836 -2.7417717
12935 -3.5772853
13035 -4.2767086
13136 -4.4132667
13236 -3.6636024
13336 -2.1020672
13437 -0.21261406
13537 1.4193125
13637 2.844139
13720 3.606492
13820 4.180752
13920 4.317811
14020 3.9491272
14120 2.6972375
14220 0.32898283
14321 -1.4090114
14421 -2.6169775
14521 -3.0744636
14622 -2.960852
14722 -2.1034257
14822 -0.5047207
14922 1.0381536
15022 2.5064812
15122 3.4941273
15222 4.006242
15323 3.992672
15423 3.0043488
15523 0.8413515
15623 -0.94324017
15723 -2.3133004
15823 -2.8076494
15924 -2.8614757
16024 -2.7187796
16124 -1.853972
16224 -0.4710307
16324 0.9345341
16424 2.342894
16525 3.41195
16624 4.096058
16725 4.256547
16825 3.5253506
16925 1.9374948
17025 -0.1425438
17126 -1.8696456
17226 -3.208813
17326 -3.6427069
17426 -3.4927275
17526 -2.4542003
17627 -1.378511
17726 -0.11854172
17827 1.1443353
17927 2.2248335
18027 2.9239702
18127 3.120081
18227 2.903276
18327 1.939578
18428 0.38770056
18528 -1.0717919
18628 -2.1959984
18728 -3.0950625
18828 -3.5726395
18928 -3.6075535
19029 -3.3692288
19128 -2.8004503
19229 -1.6719031
19329 -0.0557518
19429 1.2285204
19529 2.3152132
19629 3.120348
19729 3.537713
19830 3.6692047
19930 3.3646832
20030 1.9733686
20130 0.398736
20231 -0.7877054
20330 -1.6412151
20431 -2.3785481
20531 -2.7270622
20631 -2.7787316
20731 -2.3080525
20831 -1.1832638
20932 0.21148682
21032 1.621099
21132 2.8404822
21232 3.7219543
21332 4.0919094
21433 4.1948633
21532 4.0374002
21632 3.229372
21733 1.5476632
21833 -0.23885202
21933 -1.7276084
22033 -2.6844294
22133 -3.067799
22233 -3.0641403
22334 -2.7105534
22434 -1.8463087
22534 -0.4397993
22634 0.6801772
22734 1.7757478
22834 2.480185
22935 2.869174
23035 3.0973349
23134 3.195095
23235 2.9813156
23335 1.3747196
23436 -0.27912617
23536 -1.7427399
23636 -2.5291224
23737 -2.85124
23836 -2.897921
23936 -2.6536202
24036 -2.2138467
24136 -1.23898
24237 0.56441784
24337 1.9196615
24420 2.70968
24520 3.3717566
24620 3.6830616
24720 3.7694788
24820 3.611126
24920 2.7572541
25020 0.965466
25121 -0.72016954
25222 -2.1674647
25322 -2.9036002
25422 -3.0068722
25522 -2.79427
25622 -2.3203003
25722 -1.1586337
25822 0.23934126
25923 1.5695066
26023 2.6202788
26123 3.3342018
26223 3.5817318
26323 3.6244545
26423 3.579958
26524 3.4459333
26623 2.562223
26724 0.9500556
26824 -0.6081996
26924 -1.8277502
27024 -2.3100972
27124 -2.1056867
27224 -1.2677853
27325 -0.10629368
27425 1.0677366
27525 2.3776045
27625 3.242115
27725 3.7097607
27826 3.907526
27926 3.921565
28026 3.300233
28126 1.4288645
28226 -0.27900076
28326 -1.7082741
28426 -2.305769
28526 -2.3936648
28627 -2.1104167
28727 -1.4446251
28827 -0.29368114
28928 0.8412242
29027 1.8911428
29128 2.7018943
29227 3.2320738
29328 3.6361609
29428 3.8070717
29528 3.570259
29628 1.996994
29728 0.050509453
29829 -1.9744039
29929 -3.2396948
30029 -3.4837787
30129 -2.9661033
30229 -2.117424
30329 -1.1432769
30430 -0.07568073
30529 0.96706057
30630 1.8501563
30731 2.5950308
30830 3.0711002
30930 3.4234447
31031 3.4737635
31130 2.8536758
31231 0.8987565
31331 -1.0447266
31431 -2.7001464
31531 -3.162246
31632 -2.7918296
31732 -2.1804805
31831 -1.0857663
31932 0.09819698
32032 1.2525167
32133 2.352899
32232 3.1795578
32332 3.6929083
32432 3.8248825
32533 3.8213863
32633 3.174222
32733 1.1366949
32834 -1.1764164
32933 -2.3419397
33034 -2.3516119
33134 -1.7465236
33234 -1.0483143
33334 -0.027495384
33434 1.082046
33534 2.060904
33634 2.6403022
33734 3.2300205
33836 3.4764767
33935 3.5943184
34035 3.4625397
34352 -2.4991183
34453 -2.9541452
34553 -2.7365475
34653 -2.1568837
34753 -1.280534
34853 -0.1863823
34953 0.92080736
35054 1.7894187
35154 2.6398635
35254 3.2565632
35354 3.7739878
35454 3.978736
35554 3.9476357
35655 3.2162085
35755 1.1853261
35855 -1.0542526
35955 -2.9093843
36055 -3.546874
36155 -3.1679926
36256 -2.6045809
36356 -1.520267
36456 -0.29257822
36556 0.935524
36656 1.925456
36757 2.5779014
36856 2.9750237
36957 3.1501522
37056 3.1967
37156 3.1954632
37257 3.1693401
37974 -3.696376
38075 -3.583988
38175 -2.9146092
38275 -1.9454553
38375 -0.6091571
38476 1.2431016
38576 2.4263468
38676 2.8090706
38776 3.3398457
38876 3.5245113
38976 3.4611921
39077 3.0928802
39176 2.2821617
39277 0.67647076
39377 -0.86643505
39477 -1.8466461
39577 -2.0384467
39677 -1.6650729
39778 -0.7990675
39878 0.41041994
39978 1.6680517
40078 2.7815056
40178 3.7059002
40278 4.1692076
40378 4.3770447
40479 4.425004
40578 4.364855
40679 4.0087347
40779 2.212068
40879 -0.1854372
40979 -2.2124264
41080 -3.7278209
41179 -4.0266848
41280 -3.662556
41380 -2.8462358
41480 -1.8088651
41580 -0.45909166
41680 0.664382
41780 1.7773094
41881 2.6302414
41981 3.1651134
42081 3.5073395
42182 3.639988
42282 3.5956802
42381 2.9453492
42481 1.4357948
43200 -0.80644417
43300 0.6258254
43400 1.9110084
43500 3.012003
43600 3.8607836
43700 4.23398
43800 4.3448486
43900 4.1418934
44001 3.1458635
44101 1.6419487
44201 -0.21695042
44301 -1.9614162
44401 -3.0938547
44502 -3.5237412
44601 -3.5487995
44701 -3.3627505
44802 -2.899009
44902 -1.9606669
45002 -0.9724188
45103 0.11558628
45202 1.3137221
45303 2.1422777
45403 2.8497543
45503 3.1354923
45603 3.1716537
45703 2.9215937
45804 1.8640122
45904 0.048248768
46238 -3.1115065
46338 -2.8288872
46438 -1.9513521
46539 -0.7217207
46638 0.72446203
46739 2.0794954
46838 3.106555
46939 3.8293734
47039 4.185892
47389 0.34438896
47490 -1.5817459
47590 -2.7983632
47690 -3.1283753
47790 -2.9502974
47891 -1.962497
47990 -0.60460854
48091 0.9536152
48190 2.3232994
48291 3.2901592
48392 3.8156242
48491 4.126671
48591 4.187581
48691 4.0343876
48791 3.1712885
48892 1.0794187
48992 -1.0040925
49092 -2.4622192
49192 -3.117768
49292 -2.7745142
49393 -2.1192374
49493 -0.93223476
49576 0.320961
49676 1.843215
49776 2.858365
49876 3.264803
49976 3.265092
50076 3.0540419
50176 2.6194906
50277 1.4605169
50378 -0.72866535
50478 -2.6290095
50578 -3.821503
50678 -4.075123
50778 -3.9003005
50878 -3.625498
50978 -2.6898725
51079 -1.1887925
51179 0.25327587
51279 1.4460196
51379 1.7950354
51479 1.747602
51579 1.4485841
51679 0.26906872
51780 -1.6698298
51880 -3.577418
51980 -4.9378405
52080 -5.0
52180 -5.0
52280 -5.0
52381 -4.7717094
52480 -3.1946115
52581 -1.4743886
52681 0.09116793
52781 1.1182013
52881 1.549231
52982 1.6860456
53081 1.4904113
53182 -0.024608135
53282 -1.9701266
53382 -3.1875777
53482 -3.7264843
53582 -3.8239408
53683 -3.4497402
53783 -2.525029
53883 -1.013253
53983 0.5906248
54083 1.9375391
54183 2.7000246
54284 2.9976091
54384 3.0169353
54484 2.8670478
54584 2.1792274
54684 0.17169285
54784 -2.0519123
54884 -3.7787368
54985 -4.036563
55085 -3.2147965
55185 -1.9806523
55285 -0.61394215
55385 0.73079824
55486 1.9269228
55586 2.754508
55686 3.2463264
55786 3.4534435
55886 3.4555597
55986 3.085599
56086 1.258748
56186 -0.65336084
56287 -2.6897042
56387 -3.7557764
56487 -3.8403826
56587 -3.1792827
56687 -1.6545918
56787 -0.1986742
57105 2.6816988
57205 2.8495607
57305 2.8278885
57405 2.0227418
57505 0.09444904
57605 -1.9613218
57705 -3.4026487
57806 -3.8149297
57906 -3.6138835
58006 -2.8197892
58106 -1.3883221
58206 0.50881386
58307 1.9450088
58407 2.6932054
58507 3.0556936
58607 3.186469
58707 3.1081114
58807 2.4382758
58907 0.5246854
59008 -1.4822869
59107 -3.1481092
59208 -3.9030964
59308 -3.840977
59408 -2.9585946
59508 -1.5565002
59609 0.06903982
59709 1.587378
59809 2.5896177
59909 3.3320713
60009 3.5199356
60109 3.0979033
60210 1.5113807
60310 -0.29183483
60409 -2.066219
60510 -3.219801
60610 -3.7481165
60710 -3.6957893
60810 -3.028434
60911 -1.6607234
61011 0.1735568
61094 1.9567347
61194 3.5450077
61293 4.1162176
61394 4.102399
61494 3.1261206
61594 1.3566704
61694 -0.92847013
61795 -3.0141025
61895 -4.206048
61996 -4.3499317
62096 -3.6809027
62196 -2.32641
62296 -0.7325511
62396 0.98328066
62496 2.3949761
62597 3.114748
62696 3.16568
62797 2.806666
62897 1.350975
62997 -0.44563103
63097 -2.1502187
63197 -3.2982712
63297 -3.6722987
63398 -3.2826543
63498 -2.228943
63598 -0.590189
63698 1.0440221
63798 2.4857798
63899 3.206314
63999 3.56713
64098 3.5196362
64199 2.5764937
64299 0.6083727
64399 -1.667181
64500 -3.0902967
64599 -3.4753795
64699 -3.2092984
64800 -2.4066262
64900 -0.9870062
65000 0.63942575
65100 2.0699224
65200 2.860991
65301 2.9368477
65401 2.969874
65501 2.4906173
65601 0.73075056
65702 -1.302571
65802 -3.3048282
65902 -4.0595365
66002 -3.9461412
66102 -3.1619496
66203 -1.7333786
66302 -0.20974684
66403 1.3443079
66503 2.5312357
66603 3.1962547
66703 3.3782349
66803 3.1258116
66903 1.7506628
67003 -0.279696
67103 -2.1530309
67204 -3.3063586
67304 -3.5776076
67404 -2.9501576
67505 -1.4725933
67604 0.14847755
67704 1.8363991
67804 3.1949787
67905 3.7605782
68005 3.8499022
68105 3.2832508
68205 1.6770792
68305 -0.17333508
68406 -1.8985915
68506 -3.017392
68605 -3.3369741
68706 -2.8807547
68806 -1.7038219
68906 -0.42424583
69006 0.836257
69107 1.7822218
69207 2.3919182
69307 2.7071638
69407 2.6194649
69507 1.4253106
69607 -0.33442974
69708 -1.971952
69808 -3.1553369
69908 -3.627128
70008 -3.3858907
70108 -2.4800816
70209 -1.1916015
70308 0.11055279
70408 1.4546814
70509 2.4460907
70609 3.01377
70709 3.119853
70809 2.3902526
70910 0.7331786
71010 -1.0666568
71110 -2.449089
71210 -3.2231312
71310 -3.1934817
71410 -2.3199615
71511 -1.3069115
71611 0.23684406
71710 1.5708299
71794 2.5455704
71894 3.1913795
71994 3.430932
72094 3.1510992
72194 1.6945205
72294 -0.038809776
72395 -1.7529151
72495 -3.0195117
72596 -3.6792355
72696 -3.656268
72796 -2.746173
72896 -1.2549396
72996 0.108231544
73096 1.4709992
73196 2.536933
73297 3.1320486
73397 3.3088713
73497 3.2980394
73597 2.7553825
73697 0.93639374
73797 -1.095689
73897 -3.2260475
73998 -4.0244775
74098 -3.5776129
74198 -2.3902707
74298 -0.5900779
74398 1.171576
74498 2.5813103
74599 3.4838476
74699 3.7835865
74799 3.4292831
74899 1.8248835
74999 -0.3001361
62 1.4230027
163 1.6820974
263 1.8430243
363 1.9169617
463 1.9277306
563 1.9134674
663 0.99885845
763 -0.80172443
864 -1.8291144
964 -2.243708
1064 -2.3972108
1164 -2.3847928
1265 -2.076776
1364 -1.3572354
1465 -0.42144203
1565 0.67766523
1665 1.2129202
1766 1.3590555
1865 1.6549711
1966 2.0045128
2066 2.0084624
2166 1.5287275
2266 -0.13681221
2366 -1.5576217
2466 -2.6403036
2566 -3.0844746
2667 -3.2678754
2766 -3.1689985
2867 -2.6345859
2968 -1.5210891
3068 -0.48571968
3168 0.6856947
3267 1.6471305
3368 2.0113983
3468 2.15948
3568 2.2211523
3668 2.228158
3768 1.9711571
3869 0.16064548
3969 -1.6225998
4069 -2.5656896
4169 -3.4365792
4269 -3.5567088
4370 -3.2178528
4470 -2.308412
4570 -1.3027034
4670 -0.18735552
4770 0.94708157
4870 1.9659452
4970 2.3381834
5070 2.4740067
5171 2.4875016
5271 2.2130098
5371 1.5400991
5471 0.05336857
5571 -1.449873
5672 -2.698084
5771 -3.7027118
5872 -3.7644413
5971 -3.9051547
6072 -3.3415694
6172 -1.9611835
6272 -0.7012625
6373 0.784605
6472 1.7273531
6573 2.3522844
6673 2.4970832
6773 2.5172625
6873 2.107624
6973 0.9436102
7074 -0.79409504
7174 -2.016583
7274 -2.7205307
7591 -3.2347884
7691 -2.6277328
7792 -1.0076413
7891 0.22691727
7992 1.1398106
8376 1.6654701
8476 1.266532
8576 0.18027782
8676 -1.4785938
8776 -2.5463052
8877 -3.3780866
8977 -3.5525796
9077 -3.5386345
9159 -2.801493
9259 -1.3470452
9360 -0.043528557
9459 1.0705557
9560 2.0729723
9660 2.7008233
10012 2.0966125
10112 0.5206275
10211 -0.989995
10312 -2.2541394
10412 -3.1336544
10512 -3.7227674
10612 -3.872909
10713 -3.3285692
10812 -2.0303366
10913 -1.1219249
11013 -0.058916092
11114 0.80740213
11213 1.4597445
11314 2.0095801
11413 2.2198477
11514 2.1228843
11614 1.5787535
11714 0.028786182
11814 -1.5622284
11915 -2.6208305
12232 -2.3842573
12332 -1.5677593
12432 -0.4387188
12532 0.75582314
12632 1.8085365
12732 2.522283
12832 2.8754053
12933 3.1793957
13033 3.1498327
13132 2.3777375
13234 0.60048103
13333 -1.1584721
13434 -2.3806753
13534 -3.0922081
13634 -3.5644991
13734 -3.788681
13834 -3.723547
13935 -2.7713194
14034 -1.2327499
14135 0.40883303
14235 1.7972398
14335 2.6900544
14435 2.95681
14535 2.941718
14636 2.470427
14736 1.1591148
14836 -0.44363737
14936 -1.6070721
15036 -2.3653579
15136 -2.9061344
15236 -3.3515353
15336 -3.326366
15437 -2.735563
15537 -1.4566913
15637 -0.29287148
15737 0.82361555
15837 1.589324
15937 2.1352968
16037 2.4999604
16138 2.720025
16238 2.7898102
16338 2.4726105
16438 0.8510294
16538 -0.70043087
16639 -1.8977952
16739 -2.669653
16839 -3.3879669
16939 -3.706326
17039 -3.6935558
17140 -3.5542428
17240 -2.709343
17340 -1.1887043
17439 -0.092849255
17540 1.025876
17640 2.0134344
17740 2.7131224
17840 2.8490305
17941 2.706542
18041 2.1223192
18141 1.0705438
18241 -0.5058608
18341 -1.7965057
18442 -2.544667
18541 -3.067375
18642 -3.4276724
18725 -3.5082848
18824 -3.4541252
18925 -3.0938
19025 -1.6812828
19125 -0.6704731
19225 0.22815704
19326 1.1035705
19426 1.7503982
19526 2.1222076
19627 2.2611132
19727 2.3180947
19827 2.2615213
19927 1.8117919
20027 0.67616177
20127 -0.49013996
20228 -1.5188909
20328 -2.3760588
20428 -2.8459063
20528 -3.1839936
20628 -3.260488
20728 -3.1393845
20828 -2.6814408
20929 -1.4509397
21029 -0.5025492
21129 0.48828316
21229 1.3240104
21329 1.9186568
21429 2.2322478
21530 2.3411674
21630 2.3618498
21730 2.317954
21830 2.0052743
21930 0.72448826
22030 -0.93846226
22131 -2.128152
22231 -2.8646436
22331 -3.2096374
22431 -3.2326198
22531 -3.0683875
22631 -2.8162181
22731 -2.0286252
22831 -0.95159435
22932 0.20320559
23032 0.7225299
23132 1.1725607
23232 1.4734583
23332 1.5990448
23432 1.6259742
23532 1.5086555
23633 0.09310818
23733 -1.3512902
23833 -2.1771846
23933 -2.569013
24033 -2.7133212
24134 -2.7172894
24234 -2.3624387
24334 -1.634906
24434 -0.29406643
24534 0.7262168
24635 1.4733491
24734 1.7544808
24835 1.8483505
24935 1.8736715
25035 1.8717537
25135 1.6972413
25235 -0.19436693
25335 -1.9161155
25436 -2.809639
25536 -3.0687356
25853 -1.5270298
25953 -0.37700367
26053 0.55374575
26153 1.0699663
26254 1.5062485
26354 1.8509102
26454 1.9266839
26554 1.9247503
26654 1.412221
26754 -0.012755871
26854 -1.3027809
26955 -2.5606625
27055 -3.4413412
27155 -3.7511404
27255 -3.8520713
27355 -3.530003
27456 -2.7300148
27556 -1.9745796
27656 -1.3054912
27756 -0.32891178
27856 0.39793348
27956 1.1248469
28056 1.5518026
28156 1.8747888
28257 1.9779487
28357 1.5439935
28457 -0.1383276
28557 -1.2243981
28658 -1.4576435
28757 -0.7288275
28858 0.48458624
28958 1.1043634
29058 1.4297609
29408 2.2142663
29509 2.5397606
29609 2.6505213
29709 1.7724218
29809 0.11411142
30177 -0.6092634
30277 -1.4858932
30376 -1.7975755
30477 -0.5703287
30577 1.3536687
30677 2.6588745
30777 3.103922
30878 3.1843586
30978 3.143011
31077 2.9414911
31178 2.815587
31278 2.7846136
31378 2.780703
31479 2.7241926
31578 1.8445954
31679 0.11990881
31779 -1.0284107
32129 -1.7964928
32229 -1.4308186
32330 -0.933877
32430 -0.80369186
32530 -0.95810986
32630 -0.964591
32730 0.4388256
32831 1.1872697
32930 1.5095687
33030 1.761725
33131 1.9109674
33231 1.9385238
33331 1.9387183
33432 1.9335709
33532 1.9137449
33632 1.5383291
33714 0.3185053
33815 -0.991292
33914 -1.9019084
34014 -2.1891854
34115 -2.2339237
34215 -2.1662374
34316 -2.0778089
34416 -1.9838533
34516 -1.5523052
34617 0.19922876
34717 1.5586891
34817 2.4190688
34917 2.7429962
35233 2.7639914
35335 2.6917524
35435 2.2062426
35535 0.9934902
35635 -0.15245104
35735 -1.1074109
35835 -1.7779164
35935 -2.1098328
36036 -2.199706
36136 -2.0120292
36236 -1.4362075
36336 -0.12062693
36436 0.88792515
36536 1.6613402
36636 2.2215614
36737 2.5702348
36837 2.69378
36937 2.6623588
37037 1.8959455
37137 0.29491854
37237 -1.0801735
37337 -2.1380248
37438 -2.7748125
37538 -3.0114977
37638 -2.885026
37738 -2.1631422
37838 -1.3219006
37938 -0.25660038
38256 1.8928771
38356 2.242444
38456 2.4098654
38556 2.455513
38656 2.1637335
38757 0.5093255
38857 -0.7418184
38957 -1.5554988
39057 -1.9030132
39157 -1.9957559
39257 -1.922884
39357 -1.287744
39458 -0.3018837
39557 0.3200693
39658 0.76284504
39758 1.0867944
39858 1.4244637
39958 1.8167238
40058 2.155332
40159 2.2408738
40259 1.7881355
40359 0.61701584
40459 -0.38189125
40559 -1.0382481
40660 -1.5549209
40759 -1.8321912
40860 -1.9419553
40960 -1.8207259
41060 -1.3593831
41160 -0.6612096
41261 0.011466026
41361 0.59401274
41461 1.1763182
41560 1.6497717
41661 2.0950766
41762 2.4559112
41861 2.605626
41961 2.5838714
42062 1.9747009
42162 0.7687888
42245 -0.040973186
42344 -0.72380495
42445 -1.1871142
42544 -1.5005221
42645 -1.681418
42745 -1.7818553
42846 -1.7993214
42946 -1.7304714
43046 -1.6290958
43147 -1.5107827
43247 -0.97669697
43347 0.15596104
43447 0.79871655
43547 1.2009916
43864 1.6806555
43964 1.7246895
44065 1.7505007
44165 1.7668281
44265 1.7778449
44365 1.7875915
44465 1.7967796
44566 1.7988
44666 1.4898424
44766 0.02580452
44866 -1.142091
44966 -1.8501785
45066 -2.2750616
45166 -2.44103
45267 -2.4595234
45367 -2.4116013
45467 -2.229323
45567 -1.5505123
45667 -0.44556046
45767 0.55268097
45868 1.2427721
45968 1.726306
46068 2.1002693
46168 2.3327012
46268 2.289548
46368 1.4973917
46468 -0.064407825
46569 -1.2902653
46669 -2.0785878
46769 -2.5102324
46869 -2.5799809
46969 -2.519935
47069 -2.1162362
47169 -1.3406665
47270 -0.36678982
47370 0.34821224
47470 0.98299265
47787 1.6013055
47887 1.4047103
47987 0.47181988
48088 -0.6708956
48188 -1.778296
48288 -2.5357187
48388 -2.9394348
48488 -3.0881865
48588 -2.9997141
48689 -2.4519258
48789 -1.4968143
48889 -0.50363827
49223 1.6185555
49323 1.6146994
49423 1.293921
49523 0.3053069
49623 -0.9974413
49724 -2.0216136
49824 -2.7482445
49924 -3.1399636
50023 -3.0054817
50124 -2.236011
50224 -1.2597702
50558 1.0404568
50658 1.9238968
50759 2.5338478
50859 2.6056833
50959 2.0014396
51059 0.67341137
51159 -0.57818604
51259 -1.5425537
51360 -2.2392814
51460 -2.6052015
51560 -2.6152282
51660 -2.1438968
51760 -1.3259964
51860 -0.43762922
51960 0.46593332
52061 1.0808773
52161 1.4900184
52260 1.6903129
52361 1.7615442
52461 1.5582299
52561 0.35495996
52661 -0.9546323
52761 -1.914783
53079 -2.2580042
53179 -1.4194245
53279 -0.4171648
53380 0.56649446
53479 1.3549256
53580 1.8730292
53680 2.0817018
53780 2.1400847
53880 2.0455809
53980 1.4433527
54080 0.1533308
54180 -0.90735245
54281 -1.8204195
54381 -2.4079587
54481 -2.6240296
54581 -2.5991383
54681 -2.0656326
54782 -1.1074784
54881 -0.16990185
54982 0.7367153
55082 1.3499174
55182 1.7074738
55282 1.797286
55382 1.7902908
55483 1.4962578
55583 0.19415426
55683 -1.194804
56000 -3.0641541
56100 -2.7307706
56200 -1.9369156
56301 -1.159059
56400 -0.20331192
56501 0.6255703
56601 1.204814
56701 1.5752039
56801 1.7288933
56902 1.7426505
57001 1.4145317
57102 0.09117365
57202 -1.3078809
57302 -2.1422253
57402 -2.5738535
57502 -2.5660925
57603 -1.8356185
57703 -0.79178715
57803 0.07696581
57903 0.8124933
58003 1.2563677
58103 1.579001
58203 1.7018929
58521 -0.31123877
58621 -1.41188
58721 -2.209372
58821 -2.7062085
58921 -2.8552213
59022 -2.844044
59122 -2.4879477
59221 -1.6493053
59322 -0.689373
59422 0.17070866
59522 0.8918028
59622 1.3045564
59723 1.4365149
59823 1.4412551
59923 1.1839147
60023 0.016522884
60123 -1.3392322
60223 -2.3221796
60323 -2.8003757
60424 -2.9198897
60524 -2.75211
60623 -1.9314055
60724 -1.0612609
60824 -0.3070364
60924 0.48547125
61024 0.96151066
61124 1.3436007
61225 1.5660653
61325 1.5192614
61426 0.9224119
61525 -0.2703519
61625 -1.4551208
61943 -2.8286119
62042 -2.7200847
62143 -2.4080446
62243 -1.7224483
62343 -0.72613716
62444 0.15695572
62544 0.89334583
62944 0.9834938
63044 -0.10651922
63144 -1.2252343
63244 -2.165708
63345 -2.8096032
63445 -3.1412225
63545 -3.114922
63645 -2.5526962
63745 -1.6018384
63846 -0.20719814
63946 0.5953417
64046 1.1949658
64146 1.5130663
64246 1.6583915
64346 1.680623
64446 1.6221933
64547 1.0739846
64647 -0.4992895
64747 -1.9794126
64847 -2.98609
64947 -3.44676
65297 -1.4252658
65398 -0.3657918
65498 0.5059309
65598 1.0799618
65698 1.3836966
65799 1.4807572
65899 1.5189896
65998 1.524518
66099 1.3841724
66199 0.18592405
66299 -1.3635983
66400 -2.3951325
66500 -2.9234762
66600 -2.991462
66700 -2.5863543
66800 -1.5488992
66900 -0.338768
67001 0.7012205
67101 1.4482293
67200 1.9556336
67301 2.1809807
67401 2.1920753
67501 2.0423708
67602 1.794642
67701 0.88527584
67802 -0.5655732
67902 -1.8216882
68002 -2.6934776
68102 -3.1606987
68202 -3.3313003
68303 -3.1737828
68403 -2.4190695
68503 -1.3760028
68603 -0.4336958
68703 0.31026936
68803 0.8806038
68903 1.2951303
69004 1.5331635
69104 1.7313576
69204 1.8588572
69304 1.8549767
69404 0.7558584
69505 -0.79967546
69605 -1.9481039
69705 -2.6726441
69805 -2.9219425
69905 -2.8396916
70006 -1.974535
70105 -0.83206034
70205 0.2598486
70306 1.0380363
70406 1.5955153
70506 2.0516748
70606 2.215825
70707 2.206964
70806 2.073905
70907 1.5637655
71007 0.44529057
71090 -0.48450565
71190 -1.6220539
71290 -2.4708962
71389 -2.662706
71490 -2.5208752
71590 -1.4759362
71691 -0.15638256
71792 0.93871117
71892 1.879045
71992 2.5122604
72092 2.7322593
72192 2.6267142
72292 2.2230272
72392 1.558011
72492 0.26992893
72593 -1.1339672
72693 -2.3973212
72793 -3.41574
72893 -3.7433672
72993 -3.6586092
73093 -2.6350048
73193 -1.4997258
73294 -0.14853048
73394 0.7883978
73494 1.4576654
73594 1.7960701
73694 1.9304934
73794 1.9562402
73895 1.9288306
73995 1.568428
74095 0.13082695
74195 -1.2060108
74295 -2.2079902
74395 -2.718543
74496 -2.767395
74596 -2.3556583
74696 -1.215776
74795 0.0044674873
74896 1.047574
74996 1.821868
