1 0.0
101 0.0
201 0.0
301 0.0
401 0.0
501 0.0
601 0.0
701 0.0
801 0.0
901 0.0
1001 0.0
1101 0.0
1201 0.0
1301 0.0
1401 0.0
1501 0.0
1601 0.0
1701 0.0
1801 0.0
1901 0.0
2001 0.0
2101 0.0
2201 0.0
2301 0.0
2401 0.0
2501 0.0
2601 0.0
2701 0.0
2801 0.0
2901 0.0
3001 0.0
3101 0.0
3201 0.0
3301 0.0
3401 0.0
3501 0.0
3601 0.0
3701 0.0
3801 0.0
3901 0.0
4002 0.0
4101 0.0
4201 0.0
4301 0.0
4401 0.0
4501 0.0
4601 0.0
4701 0.0
4801 0.0
4901 0.0
5001 0.0
5101 0.0
5201 0.0
5301 0.0
5401 0.0
5501 0.0
5602 0.0
5701 0.0
5802 0.0
5901 0.0
6001 0.0
6101 0.0
6201 0.0
6301 0.0
6401 0.0
6501 0.0
6601 0.0
6701 0.0
6801 0.0
6901 0.0
7001 0.0
7101 0.0
7201 0.0
7301 0.0
7401 0.0
7501 0.0
7602 0.0
7703 0.0
7801 0.0
7901 0.0
8001 0.0
8101 0.0
8201 0.0
8301 0.0
8401 0.0
8501 0.0
8601 0.0
8701 0.0
8801 0.0
8901 0.0
9001 0.0
9101 0.0
9201 0.0
9301 0.0
9401 0.0
9501 0.0
9601 0.0
9701 0.0
9801 0.0
9901 0.0
10001 0.0
10101 0.0
10201 0.0
10301 0.0
10401 0.0
10501 0.0
10601 0.0
10701 0.0
10801 0.0
10901 0.0
11001 0.0
11101 0.0
11201 0.0
11301 0.0
11401 0.0
11501 0.0
11601 0.0
11701 0.0
11801 0.0
11901 0.0
12001 0.0
12101 0.0
12202 0.0
12301 0.0
12402 0.0
12501 0.0
12601 0.0
12701 0.0
12801 0.0
12901 0.0
13001 0.0
13101 0.0
13201 0.0
13301 0.0
13401 0.0
13501 0.0
13601 0.0
13701 0.0
13801 0.0
13901 0.0
14001 0.0
14101 0.0
14201 0.0
14301 0.0
14401 0.0
14501 0.0
14601 0.0
14701 0.0
14801 0.0
14901 0.0
15001 0.0
15101 0.0
15201 0.0
15301 0.0
15401 0.0
15501 0.0
15601 0.0
15701 0.0
15801 0.0
15901 0.0
16001 0.0
16101 0.0
16201 0.0
16301 0.0
16401 0.0
16501 0.0
16601 0.0
16701 0.0
16801 0.0
16901 0.0
17002 0.0
17101 0.0
17201 0.0
17302 0.0
17401 0.0
17501 0.0
17601 0.0
17701 0.0
17801 0.0
17901 0.0
18001 0.0
18101 0.0
18201 0.0
18300 0.0
18401 0.0
18501 0.0
18601 0.0
18701 0.0
18801 0.0
18901 0.0
19001 0.0
19101 0.0
19201 0.0
19301 0.0
19401 0.0
19501 0.0
19601 0.0
19701 0.0
19801 0.0
19901 0.0
20001 0.0
20101 0.0
20201 0.0
20301 0.0
20401 0.0
20501 0.0
20601 0.0
20701 0.0
20801 0.0
20901 0.0
21001 0.0
21101 0.0
21201 0.0
21301 0.0
21401 0.0
21501 0.0
21601 -3.6867867
21701 -4.4209056
21801 -3.8686786
21901 -1.8857532
22001 1.1094422
22101 2.0677605
22201 2.4747405
22301 2.2718186
22401 1.2055416
22501 -0.15239048
22601 -2.4167142
22701 -3.619057
22801 -4.2832327
22901 -4.093342
23001 -2.721688
23101 -0.3058319
23201 1.7752633
23302 2.3434
23401 2.5319643
23501 2.2471113
23602 1.9235153
23701 1.09725
23801 -0.0497365
23901 -1.5951939
24001 -2.6203997
24101 -3.0931387
24201 -2.9756117
24301 -2.1915743
24401 -0.9676466
24501 0.6995721
24601 1.6904206
24701 2.7137632
24801 0.0
24901 0.0
25001 0.0
25101 0.0
25201 0.0
25301 0.0
25401 0.0
25501 0.0
25601 0.0
25701 0.0
25801 0.0
25901 0.0
26001 0.0
26101 0.0
26201 0.0
26300 0.0
26401 0.0
26501 0.0
26601 0.0
26701 0.0
26801 2.375239
26901 0.42547226
27001 -0.9600043
27101 -1.8154457
27201 -1.7980161
27301 -0.3712864
27401 0.9852567
27501 2.3911767
27601 3.3906107
27701 3.9579077
27801 3.8277388
27901 2.5170426
28001 0.6450324
28101 -0.7973952
28201 -1.8828912
28301 -2.3087487
28401 -2.2824626
28501 -1.3795216
28601 -0.07083607
28701 1.2438645
28801 2.5930543
28900 3.1455393
29001 2.8114877
29101 1.3078256
29201 -0.22510624
29301 -1.2135525
29402 -2.008523
29501 -1.9971097
29601 -1.0493054
29701 -0.07467508
29801 1.4081688
29901 2.5447655
30001 3.1190777
30101 2.9930143
30201 1.5997672
30301 -0.09069109
30400 -1.534848
30501 -2.1790671
30601 -2.2082705
30701 -1.4041588
30801 0.21417522
30901 1.7844353
31001 2.843904
31101 3.0275974
31201 1.687262
31301 -0.2216425
31401 -1.9116302
31501 -2.6146076
31602 -2.6968868
31701 -1.7670739
31801 -0.5031433
31901 1.0508842
32001 2.4635801
32101 3.2827396
32201 3.4553204
32301 2.7045393
32401 1.0940413
32501 -0.69612217
32601 -2.3534071
32701 -3.450897
32801 -3.7038343
32901 -2.3771589
33001 -0.8632803
33101 0.9261737
33201 2.9678245
33301 3.1475964
33401 1.5074615
33501 -0.6507349
33601 -2.088027
33701 -2.795097
33801 -2.8176324
33901 -1.8866487
34001 -0.5560088
34101 0.8908801
34201 2.3532333
34301 3.2815704
34401 2.9563317
34501 1.3577523
34601 -0.20368671
34701 -1.8034358
34801 -2.8062277
34901 -3.1027348
35001 -3.0199804
35101 -2.0051765
35201 -0.36395454
35301 1.1399989
35401 2.597167
35501 3.5348883
35601 3.6195908
35701 2.5694885
35801 0.8958292
35901 -0.6632185
36001 -2.017202
36101 -2.9412608
36201 -3.2068114
36301 -3.243231
36401 -2.2608523
36501 -0.44025373
36601 1.1117544
36701 2.3858871
36801 3.4475422
36901 3.524706
37001 0.0
37101 0.0
37201 0.0
37301 0.0
37401 0.0
37501 0.0
37601 -2.7730496
37701 -1.7592902
37801 -0.13208675
37901 1.3765154
38001 3.0237083
38101 3.9047823
38201 3.9153194
38301 2.957747
38401 1.1948881
38501 -0.73066616
38601 -2.1510615
38701 -3.0124373
38801 -3.361274
38901 -3.001922
39001 -1.5247905
39101 0.27062416
39201 2.3397431
39301 3.6989145
39401 4.1902504
39501 4.089362
39602 2.7681794
39702 0.5846815
39801 -1.2158368
39901 -2.5607667
40001 -3.2972903
40101 -3.6113935
40201 -3.4666226
40301 -2.3269002
40401 -0.57587147
40501 1.0858545
40601 2.4973283
40701 3.5573158
40801 3.8075342
40901 3.374074
41001 1.4359217
41101 -0.6161299
41201 -1.8463559
41301 -2.5611415
41401 -2.8106046
41501 -2.203377
41601 -1.0210845
41701 0.43059158
41802 1.7896986
41901 2.663268
42001 2.8298845
42101 2.0618124
42201 0.21702099
42301 -1.3023124
42401 -2.2393093
42501 -2.7577932
42601 -2.5142875
42701 -1.4251647
42802 0.37072468
42901 1.9500513
43001 3.0350342
43101 3.3902674
43201 2.8157454
43301 1.0025234
43401 -0.8533869
43501 -1.8733015
43601 -2.4223905
43701 -2.4508502
43801 -1.4993985
43901 -0.03247881
44002 1.9202471
44101 3.1088858
44201 3.6781263
44301 3.3596354
44401 2.1992083
44501 0.6694212
44601 -0.982409
44701 -2.1344125
44801 -2.7357626
44901 -2.8170755
45001 -2.1577823
45101 -0.568048
45201 1.2593632
45301 2.5179949
45401 2.831015
45501 2.5133238
45601 0.89883804
45701 -0.7158704
45800 0.0
45901 0.0
46001 0.0
46101 0.0
46201 -1.0711102
46301 0.79010534
46401 2.4644685
46501 3.3616085
46601 3.6850033
46701 3.1737957
46801 1.1815548
46901 -0.8094373
47001 -2.4859195
47101 -3.3463407
47201 -3.6270626
47301 -2.9834058
47401 -1.4898591
47501 0.20168495
47601 2.021482
47701 3.223692
47801 3.7753963
47901 3.3642302
48001 1.4816842
48101 -0.6058459
48201 -2.4368927
48301 -3.2178295
48401 -3.2222922
48501 -2.437474
48601 -0.39751196
48701 1.8052416
48801 3.4553375
48901 4.2299967
49001 3.9763422
49101 2.3086023
49201 -0.11106014
49301 -2.305325
49401 -3.3323803
49501 -3.352365
49601 -2.4530542
49701 -0.13831139
49801 2.30337
49901 3.7721653
50001 4.1177807
50101 3.0222263
50201 0.883554
50301 -1.2709441
50401 -2.8650012
50501 -3.7388344
50601 -3.9279494
50701 -3.0554595
50801 -1.253592
50901 0.6408491
51001 2.51724
51101 3.246931
51201 3.0744781
51301 1.4013963
51401 -0.50077105
51501 -2.110495
51601 -2.97791
51701 -3.1571345
51801 -2.556099
51901 -0.7893462
52001 0.9751406
52101 2.549151
52201 3.0503922
52301 2.8048553
52401 1.0576396
52501 -0.7617588
52601 -2.1984096
52701 -3.1817865
52801 -3.3774984
52901 -2.8717206
53001 -0.74842405
53101 0.9345317
53201 2.422265
53301 3.2215033
53401 3.3366814
53501 2.444538
53601 0.5716276
53701 -1.1569519
53801 -2.2200186
53901 -2.853032
54001 -2.8382044
54101 -1.3620219
54201 0.44666386
54301 2.0606766
54401 3.1888647
54501 3.5017986
54601 2.4837723
54702 0.5497713
54801 -1.5175788
54901 -2.6160593
55001 -2.872468
55101 -2.401485
55201 -1.0665481
55301 0.5715499
55401 2.2683077
55501 3.2003756
55601 3.0742817
55701 1.4974923
55801 -0.71179676
55901 -2.34559
56001 -3.1999793
56101 -3.3139558
56201 -2.9364152
56301 -0.9144516
56401 0.9598274
56501 2.5362854
56601 3.254363
56701 2.9351373
56801 1.2788606
56901 -0.52970266
57001 -1.8256247
57101 -2.6513703
57201 -3.0010312
57301 -2.7800457
57401 -1.710401
57501 -0.19647884
57601 1.3437796
57701 2.3263535
57801 2.7392426
57900 2.7896347
58001 1.6450706
58101 -0.16019726
58201 -1.4888368
58301 -2.3309362
58401 -2.7220833
58501 -2.4445832
58601 -1.2715919
58701 0.24416208
58802 1.7347322
58901 2.9194765
59001 3.3507452
59101 2.944275
59201 1.2806063
59301 -0.6176996
59401 -1.8959258
59501 -2.713903
59602 -2.9079487
59701 -2.547626
59801 -1.3147762
59901 0.4790721
60001 2.1384468
60101 3.1770248
60201 3.277976
60301 2.2664733
60401 0.09986544
60501 -1.5678535
60601 -2.6979067
60701 -2.943685
60801 -2.6787164
60901 -1.4554954
61001 0.4625764
61101 1.9631691
61201 2.950839
61301 3.1993904
61401 2.4443383
61501 0.6592536
61601 -1.1598957
61701 -2.4901426
61801 -3.0673935
61901 -2.8960114
62001 -1.243325
62101 0.5756521
62201 2.0021377
62301 2.8205261
62401 2.986299
62501 2.3031578
62601 0.18566036
62701 -1.2580903
62801 -2.226342
62901 -2.5741286
63001 -2.1056452
63101 -0.65625715
63201 0.8741441
63301 2.4598923
63401 3.3526592
63501 3.3892145
63601 2.4538856
63701 0.42654896
63801 -1.6003628
63901 -2.8950698
64001 -3.36202
64101 -3.073278
64201 -1.6399684
64301 0.07663059
64401 1.5641174
64501 2.5010061
64601 2.7080536
64701 2.4939742
64801 0.9690356
64901 -0.98498964
65002 -2.2014804
65101 -2.7244408
65201 -2.4214578
65301 -1.2404208
65402 0.5538058
65501 1.874898
65601 2.4028106
65701 2.4190521
65801 1.3441806
65901 -0.6329274
66001 -2.291487
66101 -2.8818984
66201 -2.8815784
66301 -1.6001453
66401 0.25964642
66501 1.9517503
66601 2.9224687
66701 3.0808525
66801 1.7665992
66901 -0.22330189
67001 -1.7454567
67101 -2.8971934
67201 -3.3422208
67301 -3.2469602
67401 -1.3309937
67501 0.6564269
67601 2.0254607
67701 2.8978333
67801 3.072526
67902 2.033616
68001 0.01154232
68101 -1.6951289
68201 -2.8715668
68301 -3.3502011
68401 -3.08925
68501 -1.6405029
68601 0.23750973
68701 1.8097482
68801 2.7557
68901 3.1756573
69001 2.6751966
69101 0.86958027
69201 -1.2607675
69301 -2.5250704
69401 -3.0271726
69501 -3.000231
69601 -1.5990543
69701 0.546906
69801 2.6882882
69901 3.7531157
70001 3.952156
70101 2.4938164
70201 -0.16182852
70301 -2.242937
70401 -3.399672
70501 -3.446327
70601 -2.0020983
70701 -0.15084171
70801 1.8413987
70901 3.1421757
71001 3.621235
71101 3.0668983
71201 0.9707303
71301 -1.3161259
71401 -2.5049105
71501 -3.0782735
71601 -2.9635735
71701 -1.5247235
71801 0.5113082
71901 2.0249329
72001 2.9257898
72101 3.2407742
72201 1.9810395
72301 0.052330494
72401 -1.6720195
72501 -2.6460202
72601 -2.812559
72701 -1.9251082
72801 -0.018624306
72901 1.4476137
73001 2.6124558
73101 2.7572274
73201 1.9652281
73301 -0.66550875
73401 -2.3309665
73501 -2.8173487
73601 -2.514898
73701 -0.9922619
73801 0.73896503
73902 1.9519739
74001 2.665423
74101 2.49441
74201 0.48596144
74301 -1.3415973
74401 -2.6524014
74501 -3.429652
74601 -2.9043548
74701 -1.4978802
74801 0.5079298
74901 2.1281242
75001 2.7093825
1 -0.84233475
101 -1.5986679
201 -2.327694
301 -2.5059285
401 -2.355436
501 -1.1844373
601 0.2796111
701 1.5549879
801 2.642892
901 3.1126604
1001 3.14532
1101 2.2676592
1201 0.59410954
1301 -0.91536283
1401 -1.7896628
1501 -2.356151
1601 -2.6005197
1701 -2.488399
1801 -1.2605634
1901 0.32468987
2001 1.6796823
2101 2.7157617
2201 3.2660809
2301 3.2955008
2401 2.0125265
2501 0.73354244
2601 -0.510283
2701 -1.8471475
2801 -2.5391085
2901 -2.3863702
3001 -1.2891986
3101 0.10890007
3201 1.2520862
3301 1.9318528
3401 2.9630723
3501 3.2489834
3601 2.522315
3701 0.8279505
3801 -0.56800747
3901 -1.4170303
4001 -1.9386802
4101 -1.9639885
4201 -1.7166741
4301 -0.5087695
4401 0.95697165
4501 2.378408
4600 3.4423304
4701 3.662878
4801 2.9445734
4901 1.7178602
5001 0.20400476
5101 -0.75272465
5201 -1.7894516
5301 -1.9853714
5401 -1.6596043
5501 -0.6518531
5601 0.5268998
5701 1.8662629
5801 2.8532538
5901 3.1980743
6001 2.9548578
6101 1.8346505
6201 0.50445986
6301 -0.7625685
6401 -1.1801085
6501 -1.9203081
6601 -2.1647553
6700 -1.6235154
6801 -0.43413496
6901 1.1004057
7001 2.3362527
7101 3.1892357
7201 3.476346
7301 3.3750954
7401 2.3506308
7501 0.9877424
7601 -0.41415834
7701 -1.6906533
7801 -2.43224
7901 -3.37458
8001 -3.3733127
8101 -2.6917915
8201 -1.2745812
8301 0.4958024
8401 2.1995416
8501 3.102682
8601 3.558797
8701 3.5571442
8801 2.597001
8901 0.8094268
9001 -0.6007571
9101 -1.4511197
9201 -2.0510323
9301 -2.1837208
9401 -2.0317836
9501 -0.7911806
9601 0.433887
9701 1.8031473
9801 2.7294884
9901 3.0329456
10001 2.2403822
10101 0.46913815
10201 -0.8993044
10301 -1.8172841
10401 -2.157036
10501 -2.3333337
10601 -2.1533337
10701 -1.5798068
10801 0.34037685
10901 1.8791132
11001 2.90206
11101 3.3429098
11201 3.310894
11301 2.1873994
11401 0.64895964
11501 -0.7025881
11601 -1.5198605
11701 -2.3269558
11801 -2.6617877
11901 -2.484242
12001 -1.4417567
12101 0.06977081
12201 1.3920054
12301 2.5088272
12401 3.3436089
12501 3.8671284
12601 3.773035
12701 2.6488562
12801 1.3453441
12901 -0.30350018
13001 -1.5437884
13101 -2.4175656
13201 -2.8010154
13301 -2.7407212
13401 -1.5419617
13501 0.114115715
13601 1.8329949
13701 3.192728
13801 4.098012
13901 4.2974405
14001 3.7534695
14101 2.2473474
14201 0.33147573
14301 -1.0905964
14401 -1.965831
14501 -2.4623764
14601 -2.6274304
14701 -2.317721
14801 -0.5370531
14901 1.2996597
15001 2.8611894
15101 3.7958126
15201 3.9081469
15301 2.8953757
15401 1.2241015
15501 -0.3225212
15601 -1.5451832
15701 -2.2594225
15801 -2.724901
15901 -2.5673132
16001 -2.263609
16101 -1.0148654
16201 0.42250872
16301 1.6795492
16401 2.4355683
16501 2.651287
16601 2.1085043
16701 1.2608356
16801 -0.075415134
16901 -1.1006317
17001 -1.7295163
17101 -2.0175817
17201 -2.184085
17301 -2.1871364
17401 -1.8270769
17501 -0.5810728
17601 0.6539979
17701 1.7564292
17801 2.8086739
17902 3.5872421
18001 3.8506413
18101 3.8483791
18201 3.453992
18301 2.2648034
18401 0.99995136
18501 -0.17220783
18601 -1.2900779
18701 -1.8009219
18801 -2.0095878
18901 -2.0391953
19001 -1.4927611
19101 -0.10923195
19201 1.1032104
19301 2.164229
19401 3.0475817
19501 3.7107372
19601 3.94726
19701 3.898695
19801 3.3183928
19901 2.3016524
20001 1.184741
20101 0.16780758
20201 -0.71316195
20301 -1.2941868
20401 -1.5822582
20501 -1.727993
20601 -1.6359634
20701 -0.82782125
20801 0.489254
20901 1.6386542
21001 2.5269766
21101 3.1187687
21201 3.3986855
21302 3.4811192
21401 3.1055708
21501 1.956151
21600 0.8695965
21702 -0.29308128
21801 -1.2544754
21901 -1.7440369
22001 -2.100489
22101 -2.1336634
22201 -1.7712643
22301 -0.94779015
22401 0.22984076
22501 1.2234735
22601 2.1813903
22701 2.9733648
22801 3.4416523
22901 3.635828
23001 3.5923004
23101 3.119051
23201 1.8777771
23301 0.58072424
23401 -0.4377184
23501 -1.4229019
23601 -1.7391846
23701 -2.0952446
23801 -2.075112
23901 -1.5585904
24001 -0.26935244
24101 0.7661247
24201 1.736103
24301 2.526445
24401 3.0464354
24501 3.2382526
24601 3.2122936
24701 2.8831797
24801 1.7852426
24901 0.4733591
25001 -0.46497154
25101 -1.5087147
25201 -3.362558
25301 -3.181675
25401 -2.8207004
25501 -2.0822945
25601 -4.028612
25701 -4.134303
25801 -4.1419783
25901 -4.084086
26001 -4.0810065
26101 -4.091525
26201 -4.10025
26301 -4.105791
26401 0.232584
26501 -0.6025901
26601 -0.68133545
26701 0.18873644
26801 2.1480966
26901 3.7811375
27001 4.6518097
27101 4.9724016
27201 4.785982
27301 3.650649
27401 2.1043272
27501 0.34586573
27601 -0.9432421
27701 -1.6919372
27801 -2.1203446
27901 -2.1488423
28001 -1.4883251
28101 -0.20038128
28201 0.9610305
28301 2.1199746
28401 2.9713235
28501 3.2690077
28601 3.1764183
28701 2.1652536
28801 0.7667446
28901 -0.17790699
29001 -0.8357754
29101 -1.164643
29444 -0.60867167
29544 0.32249117
29644 1.3352551
29743 2.4318175
29844 3.3363714
29944 3.8363743
30044 3.9274178
30144 3.7961092
30245 3.0169039
30344 1.7397814
30444 0.4795847
30544 -0.48575592
30644 -1.2151241
30744 -1.678091
30844 -1.8645871
30944 -1.8947406
31044 -1.6923165
31144 -0.9876523
31244 0.28168964
31344 1.4710531
31444 2.5048132
31544 3.3013334
31644 3.5662785
31744 3.5636826
31844 3.2172318
31944 2.2407026
32044 0.9942827
32144 -0.07314491
32244 -0.98039293
32344 -1.5038383
32444 -1.7711196
32544 -1.8745322
32644 -1.8913615
32744 -1.8818724
32844 -1.8405426
32944 -0.5023184
33044 0.57503986
33144 1.4162307
33244 2.3308005
33344 3.0185547
33445 3.4394855
33544 3.5715275
33644 3.623394
33744 3.4808254
33844 2.6209726
33944 1.625042
34044 0.46964645
34144 -0.44445562
34244 -1.2909565
34344 -1.6783569
34444 -1.933703
34544 -1.927098
34644 -1.8888955
34744 -1.7297554
34844 -0.91251373
34944 0.2817545
35044 1.120966
35144 1.7780533
35244 2.434259
35344 2.8754282
35444 3.069127
35544 3.085659
35644 2.7362595
35744 1.5268936
35845 0.50396585
35944 -0.38979244
36044 -1.2955158
36144 -1.717015
36244 -1.8747361
36344 -1.8990531
36444 -1.8502734
36544 -1.714983
36644 -0.9548359
36744 0.09247446
36844 1.3075323
36944 2.3019419
37044 3.0635195
37144 3.411274
37244 3.6087837
37344 3.5591173
37444 3.2389784
37544 2.2564797
37644 0.64899635
37744 -0.77966213
37844 -1.5956483
37944 -2.2124689
38044 -2.5199509
38144 -2.5408108
38244 -2.4153423
38344 -2.2183783
38444 -1.4034004
38544 -0.1150918
38644 1.0290666
38744 2.1813073
38844 2.9677057
38944 3.3812294
39044 3.4993591
39144 3.4638376
39244 2.9303904
39344 1.6220679
39444 0.3552599
39544 -0.72297573
39644 -1.5015881
39744 -1.771256
39845 -1.9631238
39944 -1.8185399
40044 -1.2553277
40144 0.053347588
40244 1.2935419
40344 2.2807922
40444 2.9733825
40544 3.3918638
40644 3.61337
40744 3.6921473
40843 3.6506586
40944 3.1401606
41044 1.9532557
41144 0.38749504
41244 -0.9228697
41344 -1.637567
41444 -2.1303916
41544 -2.3165736
41644 -2.3522463
41744 -2.3002734
41844 -2.1228795
41944 -1.697747
42044 -0.8978014
42144 -0.099151134
42244 0.6108837
42344 1.221621
42444 1.7714272
42544 2.2457213
42644 2.49022
42744 2.5898771
42844 2.6015244
42944 2.4664183
43044 1.7275796
43144 0.72274685
43244 -0.21577978
43344 -0.9096956
43444 -1.5692496
43544 -1.9902177
43644 -2.9451942
43744 -2.409864
43844 -1.9371161
43944 -1.0384593
44044 -0.13779402
44144 0.6144762
44244 1.2808442
44344 2.0230398
44444 2.6324549
44544 2.9585137
44644 3.1069689
44744 3.119954
44844 2.8150573
44944 1.9868364
45045 0.88507223
45144 -0.37848282
45244 -1.1249363
45344 -1.6419003
45444 -1.7976525
45544 -1.903729
45644 -1.9167199
45744 -1.7440333
45844 -1.1452644
45944 0.009035587
46044 1.1633058
46144 2.0984244
46244 2.803286
46344 3.3208485
46444 3.4997053
46544 3.4473104
46644 2.9893441
46744 1.6521249
46844 0.3830099
46944 -0.61485195
47044 -1.5144165
47144 -2.1835773
47244 -2.4610043
47344 -2.3742542
47444 -2.026962
47544 -0.75928354
47643 0.45481586
47744 1.4785194
47844 2.4608026
47944 3.277833
48044 3.7291012
48144 3.7744684
48245 3.2758808
48344 1.8719482
48444 0.63426113
48544 -0.2495513
48645 -1.071598
48744 -1.5293155
48844 -2.1206894
48944 -2.3357625
49204 -1.0761368
49304 0.022218227
49404 0.93494415
49504 1.8399429
49604 2.65233
49704 3.2694187
49804 3.3862658
49904 3.1942654
50004 2.104041
50105 0.89101124
50204 0.012553692
50304 -0.699955
50404 -1.4690635
50504 -2.024847
50604 -2.1907341
50704 -2.1939616
50804 -1.4559207
50904 -0.31120634
51004 0.699255
51104 1.4066887
51204 2.1597037
51304 2.7368875
51404 2.9032722
51504 2.6704168
51604 1.6102996
51704 0.6676302
51804 -0.2943387
51904 -0.9838066
52004 -1.5318782
52104 -1.8253717
52204 -1.9517295
52304 -1.7561104
52404 -0.92233086
52504 0.20042658
52604 1.2619295
52704 2.416088
52804 3.2808638
52904 3.7100573
53004 3.7510586
53104 3.1729822
53204 1.734858
53304 0.7127571
53404 -0.24075413
53504 -0.9115772
53604 -1.4142246
53704 -1.6383579
53804 -1.7142887
53904 -1.5379176
54004 -0.55833006
54104 0.70397043
54204 1.6082397
54304 2.4598136
54404 2.996698
54504 3.0923061
54604 2.9268746
54704 1.9552879
54804 0.70162296
54904 -0.37375593
55004 -1.430556
55104 -2.2247605
55204 -2.4598932
55304 -2.3667066
55404 -1.5082932
55504 -0.2467556
55604 1.0441122
55704 2.3941956
55804 3.52464
55904 3.8979597
56004 3.639987
56104 2.5373087
56204 0.8162031
56304 -0.66481113
56404 -1.7465625
56504 -2.3503325
56604 -2.4652333
56704 -2.3872647
56804 -1.5979869
56904 -0.39063835
57004 0.8900461
57104 2.1143813
57204 3.102645
57304 3.7683144
57404 3.8838978
57504 3.0864878
57604 1.5094543
57704 0.16521549
57804 -1.2097192
57904 -2.06492
58004 -2.4651623
58104 -2.485435
58204 -1.7223015
58304 -0.23905993
58404 1.227366
58504 2.3525553
58604 3.2724419
58704 3.7393217
58804 3.6352472
58904 2.6032896
59004 0.86586857
59104 -0.41519022
59204 -1.3489785
59304 -1.8472524
59404 -2.0670998
59504 -1.8555529
59605 -0.8859725
59704 0.57547665
59804 1.8416138
59904 2.8184905
60004 3.3108654
60104 3.3443747
60204 2.7890167
60303 1.5360589
60404 0.16907072
60504 -0.8057232
60604 -1.4563732
60704 -1.9674895
60804 -1.9055336
60904 -1.4280708
61004 -0.13832188
61104 1.2000136
61204 2.271515
61304 3.2305717
61404 3.7220364
61504 3.5493488
61604 2.7149515
61704 1.25488
61804 -0.057040215
61904 -1.2627532
62004 -1.8482938
62104 -1.7626934
62204 -1.5849216
62304 -0.2521963
62404 1.2949805
62504 2.7773657
62604 3.563036
62704 3.7198982
62804 3.0969248
62904 1.6214371
63004 0.01393652
63104 -1.1972795
63204 -1.9435496
63304 -2.184479
63404 -1.872302
63504 -0.96182585
63604 0.44384623
63704 1.8450928
63804 3.077344
63904 3.7889261
64004 3.8920574
64104 3.5427494
64204 2.1448455
64304 0.5756655
64404 -0.72141933
64504 -1.7244649
64603 -2.333008
64704 -2.4047577
64804 -2.1225166
64904 -0.6501808
65004 0.9761691
65104 2.228177
65204 3.3091936
65305 3.6802483
65404 3.512783
65504 2.2918472
65604 0.90739536
65704 -0.48717213
65804 -1.4742858
65904 -1.9910817
66004 -2.039
66104 -1.5656967
66204 -0.12546253
66304 1.4035125
66404 2.7265105
66504 3.5706177
66604 3.776967
66704 3.0030346
66804 1.6077623
66904 0.09106159
67004 -1.106545
67104 -1.9800794
67204 -2.2773871
67304 -2.3099523
67404 -1.3429313
67504 0.40399742
67604 1.6897073
67704 2.9194107
67804 3.5995464
67904 3.6822004
68004 2.903956
68104 1.3032217
68204 -0.08136797
68304 -1.1803329
68404 -1.8570216
68504 -2.0649438
68604 -1.487751
68704 0.23949814
68804 1.479909
68904 2.8458853
69004 3.7192345
69104 3.922964
69204 3.2955322
69304 1.4394789
69404 -0.40927982
69504 -1.8130219
69604 -2.6297517
69704 -3.0764174
69804 -2.7141185
69905 -1.1211765
70004 0.39472675
70104 1.9329276
70204 3.0736685
70304 3.481269
70404 3.1281185
70504 1.3571677
70604 -0.6821008
70704 -1.8545785
70804 -2.773864
70904 -2.9975626
71004 -2.1938982
71104 -0.8702383
71204 0.51799583
71304 1.8343873
71404 2.8353872
71504 3.345663
71604 3.2923832
71704 2.443677
71804 0.95809174
71904 -0.28143215
72004 -1.0841796
72104 -1.5427227
72204 -1.5043511
72304 -0.7437253
72404 0.49203157
72504 1.6007051
72604 2.5981317
72704 3.283224
72804 3.483057
72905 3.397375
73004 2.5363703
73104 1.1804371
73204 -0.18535137
73304 -1.2745984
73404 -1.9921122
73504 -2.155212
73604 -1.4459946
73704 -0.246665
73804 1.1744394
73904 2.5260477
74004 3.2828426
74104 3.5040379
74204 3.2825298
74304 2.191101
74404 0.8083396
74504 -0.41850138
74604 -1.2053742
74704 -1.6216476
74804 -1.6749511
74904 -1.345464
