37 1.1228614
137 1.5000358
237 1.5676765
338 1.2593737
756 -2.108379
855 -2.2320335
955 -2.2036483
1056 -2.0383067
1156 -1.3296974
1256 -0.43804598
1356 0.24693584
1456 1.2239571
1557 1.8175035
1656 1.9465866
1757 1.8321342
1857 1.3511014
1958 0.2449956
2057 -0.6659107
2157 -1.6112945
2257 -2.3243363
2358 -2.6978
2458 -2.7406964
2559 -2.5558698
2658 -2.0345635
2992 1.0839663
3093 1.6121583
3193 1.7580223
3275 1.7274103
3375 1.474585
3475 0.7812233
3575 0.07162094
3675 -0.78260756
3775 -1.4383068
3877 -1.73492
3978 -1.7384973
4078 -1.4954548
4178 -0.90171146
4278 -0.26469612
4378 0.49576473
4478 1.2610312
4579 1.7556472
4679 1.9669814
4779 1.9997115
4879 1.8400016
4979 1.3055182
5079 0.10547733
5179 -0.63947487
5280 -1.343776
5380 -1.9059775
5480 -2.0885148
5580 -2.0709858
5680 -1.7554879
5780 -1.084254
5880 -0.29900932
5980 0.64898396
6081 1.1443105
6181 1.5035944
6281 1.574019
6381 1.4398346
6482 0.76302767
6582 -0.3072319
6682 -1.0173073
6782 -1.399509
6882 -1.6227806
6982 -1.608397
7082 -1.32515
7183 -0.9612541
7282 -0.35780478
7383 0.5617733
7483 1.4152932
7583 1.8251
7683 1.9613051
7783 1.9549217
7884 1.8052878
7984 0.99968386
8084 -0.18739605
8184 -1.1371465
8284 -1.7100723
8385 -2.1977484
8484 -2.3179193
8585 -2.2759585
8685 -1.9769902
9019 1.1356401
9119 1.7418084
9220 1.9309654
9320 1.9107375
9419 1.5973406
9520 0.96532106
9620 0.28790474
9720 -0.53745794
9820 -1.2022967
9921 -1.5257366
10021 -1.6045616
10122 -1.3926404
10221 -0.39866924
10321 0.37445498
10688 2.2690353
10788 2.1927042
10889 1.7442079
10989 0.9608555
11090 0.0082407
11189 -0.753139
11290 -1.2791016
11389 -1.5677471
11490 -1.6931126
11590 -1.6021163
11691 -0.8904414
11790 0.10708094
11891 0.8566637
12842 -2.1697183
12943 -2.137857
13042 -1.4082685
13143 0.41516495
13243 1.572052
13343 2.0364227
13443 2.0545616
13544 1.9416275
13643 1.3275113
13744 0.013598442
13843 -1.0759156
13944 -1.8648174
14044 -2.2040792
14145 -2.2532568
14245 -2.14712
14345 -1.6041355
14445 -0.9564228
14545 -0.26116943
14646 0.47400904
14745 1.2435331
14845 2.0062895
14946 2.2626429
15046 2.1513228
15146 1.3489404
15246 0.06862116
15347 -0.78485966
15447 -1.4312949
15546 -1.7977891
15647 -1.8539815
15747 -1.6662891
15847 -1.3357258
15948 -0.7801256
16048 -0.094325066
16147 0.5054145
16248 1.1759834
16349 1.7459083
16449 2.0791955
16549 2.134575
16649 2.0432496
16748 1.3142567
16831 0.40875864
16931 -0.5109
17031 -1.1304889
17131 -1.4161186
17231 -1.4435611
17331 -1.4033909
17432 -1.1989644
17534 -0.21948338
17634 0.78481054
17734 1.6855974
17834 2.2145243
17934 2.8123155
18034 3.218629
18134 3.3070936
18235 2.950395
18335 1.6505861
18435 0.48307514
18535 -0.3705201
18635 -1.0774796
18735 -1.6455758
18835 -2.086631
18936 -2.2571754
19036 -2.0749178
19386 0.74549675
19485 1.3832822
19585 1.9989929
19686 2.4780173
19787 2.5486078
19888 2.1818972
19988 1.218483
20088 0.34586906
20188 -0.618032
20288 -1.1720738
20388 -1.6022334
20488 -1.8183656
20588 -1.9542663
20689 -2.0190256
21039 0.500638
21139 1.290195
21240 1.9540329
21339 2.6396217
21439 3.2571335
21858 0.51450396
21957 -0.49475193
22058 -1.1383011
22475 -1.5951569
22557 -0.9465375
22657 0.14402723
22757 1.0031285
22857 1.6814394
22957 2.1710424
23059 2.4399934
23160 2.486249
23260 2.329671
23360 1.6664252
23460 0.9260931
23560 0.28181934
23660 -0.24701452
23761 -0.68324804
23861 -0.9139948
23961 -1.1483998
24061 -1.2870877
24161 -1.2361221
24261 -0.6431184
24361 0.13103151
24462 0.86741114
24562 1.4609842
24930 2.3296218
25030 2.0942383
25129 1.5997725
25230 1.068265
25329 0.45735693
25430 -0.12140751
25530 -0.6725464
25631 -1.0133369
25730 -1.3415196
25831 -1.5574181
25931 -1.5656941
26246 1.1194825
26348 1.5656433
26765 1.470398
26866 0.50403404
26966 -0.21231318
27066 -1.0053833
27166 -1.5468354
27266 -1.6931427
27367 -1.7325847
27466 -1.5763364
27567 -0.9433651
27667 0.06201458
27767 1.1020384
27867 1.8603721
27967 2.5600152
28067 2.9842744
28168 3.0379133
28268 2.5427504
28368 1.442843
28468 0.29313564
28786 -1.656138
28886 -1.6693058
28985 -1.5500083
29086 -1.0854828
29186 -0.3375373
29286 0.51618576
29386 1.1393523
29487 1.7044616
31690 -0.13132429
31791 -1.0722821
31891 -1.8324637
31991 -2.3312235
32090 -2.4975078
32191 -2.2841535
32292 -0.8649645
32392 0.5884881
32492 1.8518953
32574 2.4084334
32674 2.5002136
32774 1.9717879
32874 1.1182628
32974 0.287323
33074 -0.4415369
33176 -0.9806504
33276 -1.436763
33611 -0.06187296
34545 1.8374696
34645 0.45758867
34746 -0.41798687
34846 -1.0996292
34946 -1.7411091
35046 -1.9794104
35146 -1.905273
35246 -1.4288208
35346 -0.34500217
35447 0.54593706
35547 1.500319
35647 2.1742463
35747 2.4112005
35847 2.179493
35947 1.4200034
36048 0.34640932
36148 -0.5807171
36248 -1.2207527
36348 -1.7146492
36448 -1.9814887
36548 -1.9113374
36648 -1.4533229
36749 -0.46878147
36849 0.4304304
36949 1.2240767
37266 1.7957878
37366 1.0073681
37466 0.115288734
37567 -0.6946044
37666 -1.257246
37768 -1.7606144
37868 -1.895546
37967 -1.8620019
38068 -1.5438943
38168 -0.732955
38268 0.27071762
38368 0.96730757
38468 1.605166
38569 2.0069628
38669 2.194625
38769 2.0674453
38869 1.3293409
38969 0.36880016
39070 -0.6062379
39169 -1.2223382
39269 -1.7165241
39370 -2.0253203
39470 -2.1894276
39571 -2.2968163
39670 -2.27234
39771 -1.996876
39871 -1.413383
39970 -0.6134391
40071 0.16510344
40171 0.71402264
40271 1.6854792
40371 2.3420057
40472 2.5297647
40572 2.284233
40673 1.174665
40772 -0.30164385
40872 -1.3461502
40973 -2.004671
41072 -2.33804
41173 -2.461133
41273 -2.4852777
41374 -2.4736674
41473 -2.310413
41574 -1.3541679
41673 -0.09413624
41774 0.9292383
41874 1.6300836
41975 2.0843644
42074 2.2035036
42174 2.1497498
42275 2.0520935
42374 1.5105348
42475 0.071783066
42575 -0.9597101
42676 -1.6755867
42775 -2.1010034
42858 -2.136332
43193 -1.5358949
43293 -0.5739746
43393 0.47357035
43493 1.2384987
43593 1.8227029
43694 2.098813
43794 2.280847
43894 2.331431
43994 2.2746696
44094 1.6726546
44194 0.5234518
44294 -0.52119875
45297 -2.320767
51657 -1.9286568
51757 -1.4899299
51858 -0.20030308
51958 0.78847885
52058 1.6464705
52157 2.2088432
52258 2.4280243
52358 2.196517
52458 1.704422
52558 0.8367591
52641 0.013409615
52741 -0.8853388
52841 -1.4348137
52941 -1.5082309
53041 -1.5588272
53142 -1.5280151
53243 -1.1671746
53342 -0.32569885
53443 0.38121223
53544 0.9965081
53644 1.64328
53744 2.2550445
53844 2.517087
53944 2.2857323
54044 1.1108708
54145 0.33800125
54245 -0.45616055
54345 -1.1335762
54445 -1.5958016
54545 -1.5563073
54645 -1.4837945
54745 -1.1511536
54846 -0.38163948
54946 0.4964714
55046 1.2740359
55146 2.170415
55246 2.664321
55346 2.5866175
55447 1.7887926
55547 1.0503821
55647 0.42038727
55747 -0.28228807
55847 -0.93592024
55947 -1.240443
56048 -1.2651782
56148 -1.0896525
56248 -0.52940416
56348 0.13444233
56448 0.6590843
56548 1.472641
56648 2.0340257
56749 2.178481
56849 1.9204164
56949 0.9927683
57049 0.07990742
57150 -0.67472506
57249 -1.1275017
57349 -1.2898574
57450 -1.2136986
57551 -0.80113506
57651 -0.041461945
57750 0.6778517
57850 1.319756
57951 1.7382493
58051 1.8320684
58152 1.7372866
58251 1.3804126
58352 0.6794529
58452 0.078323364
58552 -0.3703642
58652 -0.71846485
58753 -0.9279685
58852 -0.970809
58953 -0.81963444
59053 0.04325342
59153 0.9653802
59254 1.6539702
59353 1.8733773
59454 1.9095869
59554 1.794416
59653 1.2802973
59754 0.5634055
59854 -0.2685213
59955 -0.72594166
60055 -0.9149771
60155 -1.0077949
60255 -0.99145126
60356 -0.6491866
60456 0.26194572
60556 1.3524556
60656 1.9292984
60756 2.0776787
60856 2.0460548
60956 1.6212859
61056 0.99640846
61156 0.42049503
61256 -0.040332794
61357 -0.25919342
61457 -0.4445157
61557 -0.53953505
61657 -0.5371318
61757 -0.28271914
61858 0.545537
61958 1.4670739
62058 1.9500551
62158 2.1069427
62258 2.1118736
62358 1.8387537
62458 1.1753445
62559 0.3598194
62659 -0.20320797
62741 -0.4912901
62841 -0.56846476
62941 -0.43953562
63041 -0.13076258
63141 0.112353325
63243 0.45541048
63342 0.96364546
63444 1.2711864
63544 1.3214049
63644 1.1571608
63744 0.87040997
63844 0.47721624
63944 -0.08423042
64044 -0.4948635
64145 -0.5555105
64245 -0.35006237
64345 0.048223972
64445 0.44668913
64545 1.0647135
64646 1.4425225
64746 1.5108442
64846 1.2619529
64946 0.6144171
65046 0.046471596
65146 -0.5210147
65246 -0.7824688
65347 -0.8251858
65446 -0.6361723
65547 -0.16357517
65647 0.51619005
65747 1.013669
65847 1.4335847
65948 1.5249839
66047 1.5068588
66148 1.0948286
66248 0.38222504
66348 -0.29303122
66448 -0.9680691
66548 -1.3369756
66648 -1.352782
66749 -1.0455735
66850 -0.41866922
66950 0.26521873
67049 0.73792124
67149 1.1595516
67250 1.3848963
67349 1.4487076
67450 1.3122864
67551 0.80110884
67651 0.11831379
67751 -0.42819452
67851 -0.6916981
67951 -0.7615361
68052 -0.76814175
68151 -0.6416764
68252 -0.33316565
68351 0.36855602
68452 0.966002
68551 1.4862509
68652 1.7223449
68752 1.7895117
68852 1.7568688
68952 1.4595366
69053 0.8888979
69153 0.37913418
69253 -0.0043406487
69353 -0.17000532
69453 -0.21470451
69554 -0.22815895
69654 -0.09726143
69754 0.1837759
69855 1.0295935
69955 1.6492858
70055 1.8859329
70155 2.0007944
70255 1.9836683
70355 1.6219978
70455 0.8111868
70555 0.17246056
70656 -0.34381962
70756 -0.6286421
70855 -0.76955557
70956 -0.8001199
71056 -0.53655434
71157 -0.0038070679
71257 0.68339014
71356 1.3943067
71457 1.8418746
71556 1.9612684
71658 1.9326067
71757 1.6652498
71858 0.83562756
71958 0.24241114
72058 -0.16418934
72159 -0.3265772
72258 -0.38472462
72358 -0.37705278
72459 -0.22762775
72558 0.42517567
72641 0.9993086
72741 1.6948929
72841 2.0103164
72941 2.1030703
73041 2.09265
73141 1.9043036
73243 1.2835627
73343 0.46025896
73444 -0.07162666
73544 -0.2707019
73644 -0.35871983
73744 -0.37136698
73844 -0.23333216
73944 0.08923626
74045 0.7156277
74145 1.3944826
74245 1.8017731
74345 1.958436
74445 1.9683523
74545 1.7958245
74645 1.2525802
74746 0.34035063
74846 -0.26860332
74946 -0.49448824
83 0.081765175
183 1.08044
283 1.9008398
384 2.4311724
485 2.7707176
585 2.7015867
686 1.8437066
786 0.37303734
886 -0.93296814
986 -2.0054653
1086 -2.5134387
1186 -2.538032
1286 -2.0814593
1387 -1.0829155
1487 0.065876484
1587 0.86298513
1903 0.57387686
2004 -0.29404116
2104 -0.64471006
2205 -0.63760185
2305 -0.06306362
2405 1.0310383
2505 1.9195108
2605 2.5633745
2705 2.9018335
2806 2.8113189
2906 1.8505774
3006 0.6767473
3106 -0.33440208
3206 -1.3472633
3306 -1.8732097
3406 -2.0367181
3507 -2.0023806
3607 -1.5499749
3707 -0.79424906
3807 0.34347534
3907 1.2635117
4007 1.8153124
4107 2.1111364
4208 2.1024795
4308 1.7787199
4409 0.9238329
4508 -0.17631292
4608 -1.0319276
4708 -1.354985
4809 -1.7187526
4909 -1.7960408
5009 -1.7879663
5109 -1.6780846
5210 -1.2981446
5310 -0.30287933
5410 0.7312174
5510 1.3550072
5610 1.7379503
5711 1.9589705
6027 0.82064295
6128 -0.13226175
6228 -0.8400197
6328 -1.3098683
6428 -1.4487293
6528 -1.4860706
6628 -1.340606
6729 -0.3522663
6829 0.4990263
6929 1.6900892
7029 2.2310128
7129 2.5551133
7514 0.07273245
7613 -0.89742565
7713 -1.478817
7814 -1.7647457
7914 -1.8918424
8015 -1.7486024
8115 -0.7743449
8214 0.25536823
8314 1.4654036
8415 2.2139688
8515 2.56524
8615 2.5126128
8949 -1.1630433
9049 -2.5373244
9149 -3.4855485
9250 -3.6121938
9350 -3.0628507
9450 -1.680551
9550 -0.38967323
9650 0.5679774
9750 1.3711505
9851 1.9034538
9951 2.0378075
10268 -0.42846918
10368 -1.4746633
10469 -2.276342
10568 -2.664184
10669 -2.7083879
10769 -2.435595
10869 -1.6952591
10969 -0.62328386
11069 0.14656067
11170 0.85071754
11269 1.4258614
11370 1.6648092
11469 1.5622191
11571 0.8120103
11671 -0.33021212
11770 -1.2625663
11871 -2.2024336
11971 -2.5100105
12071 -2.5541592
12172 -2.2558513
12271 -1.221545
12371 -0.4377346
12471 0.08435345
12572 0.7688122
12671 1.3740149
12772 1.7450728
12873 1.7407331
12972 1.1930571
13073 0.25154972
13173 -0.77722263
13273 -1.5580876
13374 -2.0670514
13473 -2.143093
13573 -1.7228401
13674 -0.8584013
13774 -0.13354874
14491 1.5212426
15192 -2.177938
15294 -1.3942852
15393 0.15159512
15493 1.3300333
15593 1.9329276
15693 1.9410796
15794 1.5776353
15895 1.083106
15994 0.5788646
16729 -2.48909
16829 -2.4024332
16929 -1.746952
17029 -0.80196285
17129 0.041906357
17230 0.8790417
17330 1.4048562
17430 1.7962332
17530 1.9732218
17630 1.995604
17731 1.6361809
17831 0.74950886
17930 -0.10855007
18031 -0.77076054
18132 -1.4364161
18232 -1.8889787
18332 -2.2098207
18432 -2.2473443
18532 -2.017159
18632 -1.3347659
18733 -0.50806427
18832 0.1941309
18933 0.8957691
19033 1.5362182
19133 2.0310144
19233 2.4503531
19333 2.6232347
19434 2.5943437
19533 2.0607824
19634 1.0135078
19734 0.17338419
19834 -0.38092804
19934 -1.2071197
20034 -1.6561909
20135 -2.009999
20235 -2.1854167
20335 -2.203836
20435 -1.9374094
20536 -0.5934205
20635 0.33405733
20736 1.1381173
21053 2.4909487
21153 2.3634324
21253 2.0630102
21353 1.5694628
21454 0.6628542
21553 -0.13229609
21653 -1.0051303
21754 -1.4166062
21854 -1.8717108
21955 -1.9740663
22054 -1.9254584
22455 1.1663389
22555 1.9910607
22655 2.579802
22756 2.8069153
22855 2.785802
22955 2.3901749
23056 1.5642767
23157 0.41717863
23256 -0.47109985
23357 -1.2726185
23457 -1.4870243
23557 -1.637635
23657 -1.7033925
23757 -1.5800338
23857 -0.9315419
23957 -0.23933744
24058 0.5020013
24158 1.1706705
24259 1.7772841
24359 2.0369673
24459 1.9852958
24559 1.4631333
24659 0.213902
24759 -0.8474035
24859 -1.4764149
24959 -1.9070477
25059 -2.149771
25160 -2.2194905
25260 -2.079013
25360 -1.3947778
25460 -0.4172244
25560 0.23980474
25660 0.94987583
25761 1.5750413
25861 2.370864
25960 2.773387
26062 2.7360687
26161 2.450015
26261 2.0627594
26361 1.4057016
26462 0.30712223
26562 -0.5367551
26662 -1.1739125
26762 -1.5542121
26863 -1.7838104
26962 -1.9061115
27062 -1.9608178
27163 -1.8868043
27263 -1.0538411
27363 -0.22629118
27463 0.4850092
27563 1.1634264
27646 1.8125143
27746 2.292759
27846 2.6731834
27946 2.7402372
28046 2.550982
28146 1.8564377
28248 1.05374
28348 0.20434093
28449 -0.43581676
28549 -1.1843429
29215 -0.18175507
29317 0.656445
29417 1.2786508
29517 2.0247512
29618 2.7406502
29717 2.9849691
29818 2.8650956
29918 1.4268508
30018 0.13151836
30118 -0.8573818
30218 -1.3615234
30318 -1.7822108
30418 -2.007024
30518 -2.1294367
30619 -2.0908701
30719 -1.7113717
30819 -0.85598755
30919 0.04421234
31019 0.95603085
31120 1.5055504
31220 2.1197877
31320 2.6630592
31420 2.9486113
31520 3.0088186
31621 2.4674897
31720 1.1902575
31820 0.21759129
31921 -0.604527
32021 -1.2170348
32121 -1.5929456
32221 -1.9931941
32322 -2.1873164
32421 -2.1382785
32739 -0.8177166
32840 -0.12529993
32939 0.5377164
33040 1.3061857
33139 1.9305763
33239 2.3580766
33340 2.4382277
33441 2.129055
33541 1.2736998
33640 0.4323249
33741 -0.37081242
33841 -0.899765
33941 -1.4166877
34041 -1.7928631
34141 -2.0521631
34242 -2.111545
34342 -2.0775592
34442 -1.6543026
34542 -0.6056218
34642 0.05023098
34742 0.7081394
34843 1.3655791
34942 1.9509993
35043 2.2675757
35143 2.221837
35243 1.8757896
35343 1.3662634
35444 0.2710228
35544 -0.7095461
35644 -1.4675584
35744 -1.8989208
35844 -2.219175
35945 -2.404678
36261 -1.2724705
36361 -0.29780626
36462 0.47788858
36561 1.032134
36662 1.6792526
36763 2.0478582
36863 2.2616158
36963 2.2721276
37063 1.9301834
37430 -1.4130435
37530 -2.0174928
37631 -2.2282577
37731 -2.3136313
37831 -2.323744
37931 -2.204751
38031 -1.348217
38132 -0.5136981
38231 0.32643557
38331 0.9915228
38431 1.4041739
38532 1.8119707
38632 1.9981537
38732 1.9404211
38833 1.3527417
38932 0.5678983
39033 -0.42610264
39132 -1.103477
39233 -1.7634182
39334 -2.1216028
39434 -2.395691
39534 -2.5369594
39616 -2.5477529
39716 -2.4334292
39816 -2.096126
39916 -1.3081505
40016 -0.68310785
40116 -0.1342287
40218 0.6412344
40319 1.1912107
40419 1.5690207
40519 1.6899452
40619 1.6088867
40719 1.2783031
40819 0.8139105
40919 0.3198943
41020 -0.5652747
41120 -1.387907
41220 -1.9584703
41320 -2.3466344
41420 -2.5084188
41521 -2.4453788
41621 -1.9766927
41721 -0.6820545
41821 0.025845528
41921 0.69288063
42021 1.2689905
42121 1.9453416
42222 2.3337188
42321 2.4607925
42422 2.4253707
42522 1.8499184
42622 0.6500783
42722 -0.15253115
42822 -0.9297633
42922 -1.3685169
43023 -1.760519
43123 -2.2006545
43223 -2.4537103
43323 -2.5767746
43423 -2.531328
43523 -2.1010473
43623 -1.3785014
43724 -0.4129653
43824 0.43349552
43924 1.2856817
44025 1.8754272
44358 2.2021723
44459 1.1345882
44559 -0.20934391
44659 -1.133049
44759 -1.740746
44859 -2.2246652
44959 -2.556041
45059 -2.7909393
45160 -2.8664238
45260 -2.8265793
45360 -2.4024737
45460 -1.84654
45560 -0.99922657
45660 -0.09247255
45761 0.8639889
45861 1.4060144
45961 1.6455584
46061 1.6718497
46161 1.4519377
46261 1.0079365
46361 0.26939487
46461 -0.5784483
46563 -1.1984267
46662 -1.5673416
46762 -1.6577334
46862 -1.6577296
46963 -1.3406577
47062 -0.6536403
47162 -0.032177925
47263 0.6408448
47363 1.228054
47464 1.5503006
47564 1.7396064
47664 1.8260689
47764 1.7735763
47864 1.5343904
47964 1.1560874
48065 0.48665762
48165 -0.5075903
48265 -1.0065339
48365 -1.3433278
48465 -1.5682254
48566 -1.6671059
48983 0.77779245
49083 1.3827677
49183 1.6568594
49283 1.8089662
49384 1.8457651
49484 1.8112059
49584 1.5395265
49684 0.9018793
49784 0.07997608
49884 -0.65504026
49985 -0.9998746
50085 -1.1022556
50185 -1.0961595
50285 -1.0196514
50385 -0.53144264
50485 0.16242313
50585 0.8086109
50686 1.1560884
50785 1.283454
50886 1.2834811
50986 1.1989784
51086 0.7866893
51187 0.10665703
51286 -0.4861498
51386 -0.9303565
51487 -1.2368705
51587 -1.5240159
51687 -1.625792
51787 -1.4964314
51887 -1.0921428
51987 -0.29604435
52087 0.33453608
52188 0.99782753
52288 1.3973417
52388 1.4842291
52488 1.2806363
52588 0.59542036
52689 -0.2964344
52790 -0.9214606
52890 -1.4013131
52990 -1.5977833
53090 -1.6231198
53190 -1.4818311
53290 -1.0332489
53391 -0.5914974
53491 -0.10558987
53591 0.2292695
53690 0.59421444
53791 0.7696676
53891 0.7840624
53991 0.6702976
54092 0.24352741
54191 -0.66385365
54291 -1.1317878
54392 -1.4508877
54492 -1.5611386
54592 -1.5106957
54693 -0.98377514
54793 -0.21318626
54893 0.39801788
54992 0.7699256
55093 0.9983635
55193 1.1377363
55294 1.1909847
55393 1.112031
55494 0.49431372
55593 -0.21197224
55694 -0.76855564
55794 -1.2068124
55895 -1.4628537
55995 -1.5103078
56095 -1.3614421
56195 -0.804307
56295 -0.17840195
56396 0.52267075
56496 0.93861055
56596 1.1157589
56696 1.1398516
56796 1.1210527
56896 0.45431662
56996 -0.48907948
57097 -1.1000419
57196 -1.4471221
57296 -1.6764336
57379 -1.7292228
57479 -1.7385688
57579 -1.550679
57679 -1.0243969
57779 -0.47679567
57879 0.07040644
57981 0.7097745
58082 1.0458078
58182 1.2306776
58282 1.2915492
58382 1.2649188
58482 0.935709
58582 0.24402332
58682 -0.6695781
58783 -1.2163754
58883 -1.483865
58983 -1.4727478
59083 -1.2814624
59183 -0.8184686
59284 -0.14776897
59383 0.40582943
59484 0.7102895
59584 0.9588232
59684 1.1366906
59784 1.2777171
59884 1.2915926
59985 1.0721087
60084 0.51144934
60185 -0.017090797
60285 -0.32555485
60385 -0.43283272
60485 -0.4800892
60585 -0.4241457
60685 -0.10734367
60786 0.33264446
60886 0.7214217
60986 1.0488763
61086 1.4224076
61186 1.5613432
61287 1.5168052
61604 -0.50367975
61704 -0.9245477
61804 -1.1833134
61904 -1.2883134
62005 -1.296521
62105 -1.1686249
62205 -0.65192413
62305 0.03660822
62405 0.77351665
62505 1.1151652
62605 1.4716277
62706 1.6622872
62806 1.6616335
62906 1.297009
63006 0.4302535
63106 -0.37798882
63207 -0.89929104
63306 -1.2206302
63724 -0.15042019
63806 0.47121143
63906 1.0106544
64006 1.3356543
64108 1.4459114
64208 1.4378862
64309 1.1875849
64409 0.6529703
64509 0.03134823
64609 -0.55538845
64709 -0.8978877
64809 -1.0114567
64909 -1.0291266
65010 -0.9661541
65110 -0.5016551
65210 0.075457096
65310 0.5170336
65410 0.8690238
65510 1.067512
65611 1.0731006
65711 0.75514793
65811 0.023470879
65911 -0.5006547
66011 -0.8377147
66111 -1.0488753
66212 -1.1303239
66312 -1.1176579
66412 -0.77103376
66512 0.13232756
66612 0.5932474
66712 0.8321934
66812 1.1543751
66913 1.5609803
67013 1.6902595
67113 1.5945663
67213 1.3027902
67313 0.46345043
67414 -0.1794424
67514 -0.57133484
67614 -0.61523914
67715 -0.5828638
67814 -0.44392157
67914 -0.1157794
68014 0.5254469
68114 1.1227112
68214 1.4825182
68314 1.6050324
68415 1.6586008
68516 1.5714898
68616 1.1003485
68716 0.32383585
68816 -0.38312817
68915 -0.82110405
69016 -0.92820406
69117 -0.6949668
69216 -0.19621372
69317 0.47968102
69417 0.99722004
69517 1.55335
69617 2.1091423
69717 2.3546133
69817 2.3554215
69917 1.9748445
70018 1.1482267
70118 0.47384024
70219 -0.14388275
70319 -0.5475173
70419 -0.81849384
70518 -0.9055147
70619 -0.9217663
70720 -0.8442178
70819 -0.62008524
70920 -0.16753292
71019 0.384367
71120 0.8544421
71220 1.139842
71320 1.3490782
71420 1.3922238
71521 1.1406856
71621 0.25793076
71721 -0.6239352
71821 -1.271822
71921 -1.4546821
72021 -1.385222
72121 -1.0272145
72221 -0.46799803
72322 0.12189436
72421 0.54843664
72522 0.9365969
72623 1.3100266
72722 1.4732885
72823 1.3777766
72922 0.51098824
73023 -0.24909401
73123 -0.9965687
73223 -1.3785374
73324 -1.6330822
73424 -1.6660931
73524 -1.3930924
73606 -0.7200308
73706 -0.109662056
73806 0.4998207
73906 0.9127202
74006 1.2225809
74106 1.3737988
74207 1.3699222
74309 1.2440472
74409 0.90491486
74509 0.051504612
74609 -0.9294939
74709 -1.5716736
74809 -1.7938809
74910 -1.7308934
