40 0.31720638
140 0.67425823
240 0.92810345
341 1.2945914
441 1.6273894
541 1.7753878
641 1.7696891
742 0.97212696
841 0.27689838
942 -0.22824764
1042 -0.56540394
1142 -0.7990236
1242 -0.8507433
1342 -0.765821
1442 0.06204939
1543 0.75717926
1643 1.4496222
1743 1.9983664
1843 2.4259515
1944 2.6202698
2043 2.6532722
2143 2.6235986
2243 2.403141
2345 1.7866569
2444 1.0905986
2544 0.19595623
2645 -0.6216917
2745 -1.2548351
2845 -1.7174697
2945 -2.0543342
3045 -2.1536927
3145 -2.0282066
3246 -1.4433513
3346 -0.72095823
3446 0.05526066
3546 0.77060604
3647 1.4377542
3747 1.9423575
3847 2.4137917
3946 2.514389
4047 2.3224707
4146 1.8148994
4248 1.1347303
4348 0.58712864
4447 0.36100292
4548 0.20424318
4647 -0.12740517
4748 -0.31739044
4848 -0.17220402
4949 0.5629177
5049 1.1260118
5148 1.673646
5249 2.181489
5350 2.462667
5449 2.5233626
5550 2.3652296
5650 1.9654937
5749 1.4651184
5850 0.95671177
5950 0.5404725
6051 0.15239286
6151 -0.1999526
6251 -0.59468365
6351 -0.90175533
6451 -1.0354187
6551 -0.96282053
6652 -0.6182623
6752 -0.044365883
6852 0.4412632
6952 0.8681593
7052 1.2651663
7152 1.6690307
7253 2.0589666
7353 2.2350378
7452 2.2029905
7535 1.8928137
7635 1.2434483
7736 0.6583562
7835 -0.0070266724
7935 -0.61544514
8035 -1.237725
8137 -1.6084487
8537 -0.3939743
8638 0.33662558
8738 1.0344601
8838 1.5278153
8938 2.065071
9039 2.426333
9138 2.4545846
9239 2.158681
9339 1.4684091
9756 -1.606329
9857 -1.8020356
9956 -1.9014344
10057 -1.9494605
10157 -1.878412
10257 -1.4548411
10358 -0.8803663
10458 -0.36245346
10557 0.13889933
10975 1.7676086
11076 1.8186584
11176 1.7530594
11276 1.4370222
11376 0.89049673
11476 0.2643795
11577 -0.32624865
11676 -0.9648156
11777 -1.4849765
11877 -1.6468532
11977 -1.5812354
12077 -1.1436653
12177 -0.5681448
12277 -0.0517807
12378 0.65354156
12478 1.1185517
12578 1.4130807
12678 1.5019922
12778 1.516046
12879 1.5155134
12978 1.3787384
13061 1.008604
13161 0.60992956
13262 -0.018956184
13361 -0.77197456
13461 -1.3946099
13561 -1.6764798
13661 -1.767057
13763 -1.7093148
13864 -1.4434135
13964 -0.8859606
14064 -0.46339464
14164 -0.020915031
14264 0.5090704
14364 1.0565748
14464 1.3929582
14565 1.515213
14665 1.4591079
14765 1.2089891
14865 0.93106174
14965 0.6256175
15065 0.31236887
15166 -0.22971058
15266 -0.82740736
15366 -1.3487182
15466 -1.8258166
15566 -2.0182586
15666 -2.0631175
15766 -2.0226357
15867 -1.965502
15967 -1.8744712
16067 -1.7963688
16167 -1.7789493
16267 -1.7704175
16368 -1.7053113
16468 -1.5210159
16568 -1.3730655
16668 -1.2603614
16768 -1.233532
16868 -1.2455521
16968 -1.0413189
17068 -0.19875288
17169 0.6594415
17269 1.3168335
17369 1.7119002
17469 2.2682037
17569 2.7656608
17669 2.9218888
17769 2.8288841
17871 2.4312887
17970 1.7370157
18071 0.7875042
18171 -0.15978336
18271 -1.0355887
18370 -1.850987
18470 -2.5339518
18571 -2.9320734
18889 -2.4454105
18989 -2.065802
19088 -1.7553527
19189 -1.3599122
19289 -0.756196
19390 -0.03588772
19490 0.5964327
19589 0.9868803
19690 1.2416997
19790 1.456769
20190 0.83108807
20291 0.10778618
20391 -0.6841545
20490 -1.3089821
20591 -1.9185278
20691 -2.2581885
20792 -2.4812794
20892 -2.5213892
20992 -2.3792734
21092 -2.0736465
21192 -1.7977772
21292 -1.4721775
21392 -0.6165838
21493 0.4096446
21593 1.1312995
21693 1.7061148
21793 2.1478796
21893 2.4348936
21994 2.4878182
22361 0.92134285
22461 0.20472527
22561 -0.6780095
22662 -1.2549312
22762 -1.6732955
22844 -1.9805255
22944 -2.1758184
23044 -2.2501547
23144 -2.1888356
23244 -1.8822632
23344 -1.1244769
23446 -0.10900974
23546 0.5713396
23647 1.0462546
23747 1.50524
23847 1.7707915
24164 1.488996
24264 1.2061396
24364 0.6534338
24464 0.004746437
24564 -0.7450547
24665 -1.1840088
24766 -1.667562
24866 -1.9982257
24965 -2.1215005
25065 -2.1565993
25165 -2.1702614
25266 -2.1235862
25366 -1.5096695
25466 -0.7803397
25567 -0.14698458
25667 0.46377707
25767 1.052247
25867 1.7328224
25967 2.3059454
26067 2.5984268
26168 2.612854
26267 2.3438654
26367 1.7753992
26468 0.99166536
26567 -0.121377945
26668 -1.182373
26768 -1.740747
26869 -2.105662
26969 -2.3527374
27069 -2.4658098
27169 -2.4509776
27269 -2.3504674
27369 -2.2105706
27470 -2.1310382
27569 -2.1019151
27670 -2.0037937
27770 -0.95682573
27870 -0.110352516
27970 0.47753143
28071 1.1577272
28170 1.7301493
28271 1.9526649
28371 1.9763632
28705 0.66608524
29739 -2.0086107
29840 -1.3190942
29940 0.100057125
30040 0.927228
30141 1.2925496
30241 1.4689293
30340 1.6693368
30809 1.5194917
30909 1.0823703
31009 0.3992591
31108 -0.25344515
31209 -0.9111533
31309 -1.4170609
31409 -1.661108
31510 -1.8263192
31592 -1.8179045
31692 -1.673404
31792 -1.2220459
31892 -0.43903446
31992 0.3597417
32093 1.085475
32192 1.6192908
32294 1.985672
32395 2.2600822
32495 2.5339217
32595 2.748249
32695 2.7811012
32795 2.722155
32895 2.5166626
32995 1.9470224
33096 1.3937712
33196 0.9526086
33296 0.43935442
33396 -0.2139616
33496 -0.9448414
33596 -1.571286
33696 -1.8251138
33796 -1.9013891
33897 -1.9352188
33997 -1.8675544
34097 -1.6375809
34431 0.3318596
34531 0.8344641
34632 1.3061514
34731 1.694982
34832 2.2469316
34932 2.6477175
35866 -1.1323476
35967 -1.4231057
36067 -1.6021271
36167 -1.8251991
36267 -1.9173193
36368 -1.8914144
36467 -1.5346196
36568 -0.5657048
36668 0.26831532
36768 0.9182539
36868 1.3906794
36968 1.8175302
37068 1.9973931
37170 2.0129433
37269 1.9892759
37602 0.23047352
37703 -0.5652299
37804 -1.2744527
37904 -1.8359911
38838 1.334878
41009 2.7009134
41109 2.9215364
41209 2.9116135
41310 2.673871
41409 2.3939147
41509 1.3484907
41610 0.6378832
42010 -1.5368302
42110 -1.8606572
42210 -2.0709736
42311 -2.195497
42411 -2.1984365
42511 -1.7703164
42611 -0.66406536
42712 0.1567831
42811 0.9877081
42912 1.6796961
43012 2.2484055
43112 2.5619712
43213 2.6451874
43313 2.6603327
43412 2.6563911
43513 2.575448
43613 2.4158049
43714 1.9362869
43814 1.2439489
43913 0.31428242
44014 -0.43756342
44114 -0.97268915
44214 -1.4353004
44315 -1.8560255
44415 -2.1464057
44515 -2.2010846
44832 -1.3799438
44932 -0.35533237
45033 0.49155474
45133 1.1899548
45233 1.7918143
45333 2.2857218
45433 2.6136255
45533 2.818452
45633 2.9449196
45734 3.0120258
45834 2.9381332
45934 2.5098333
46033 1.43367
46134 0.7094717
46234 0.04087925
46334 -0.58283424
46434 -1.1431019
46535 -1.4886742
46635 -1.7042193
46735 -1.820888
46835 -1.7193489
46936 -1.2354763
47035 -0.42535973
47136 0.21002674
47235 0.7964101
47335 1.430378
47437 2.0062265
47536 2.3650222
47637 2.427886
47737 2.3561182
47836 2.1487665
47937 1.7508607
48038 1.21
48138 0.5594764
48238 -0.22426653
48337 -0.64023733
48420 -0.82226086
48520 -0.93404245
48620 -1.0288911
48720 -1.1097748
48820 -1.0693512
48920 -0.4561
49022 0.3758645
49122 0.8804102
49223 1.2213016
49323 1.5587301
49423 1.8178382
49523 1.9827514
49623 2.0849104
49723 2.1391168
49824 2.1562033
49924 2.122603
50024 1.6556969
50124 0.98231316
50224 0.28917408
50325 -0.26018238
50424 -0.60642433
50525 -0.8366556
50625 -0.95552635
50725 -0.99182034
50825 -0.97187996
50926 -0.84404755
51025 -0.6470213
51126 -0.057127
51226 0.46953535
51326 1.0414953
51426 1.5406427
51526 1.9494452
51626 2.1167092
51727 2.2034507
51827 2.1897178
51927 2.1186838
52027 1.9735985
52127 1.5768914
52227 0.85105276
52327 0.22613335
52427 -0.2899685
52528 -0.45666313
52629 -0.53208447
52728 -0.57533073
52828 -0.5935049
52929 -0.4248271
53028 0.14075565
53129 0.598773
53230 0.93673706
53330 1.1961079
53429 1.4077134
53530 1.6297288
53897 1.6792045
53996 1.4330153
54098 1.07758
54198 0.6476803
54298 0.25274372
54398 -0.27631855
54498 -0.5632286
54597 -0.87310314
54698 -0.98743296
54799 -0.935132
54898 -0.633852
54999 0.061457157
55099 0.54944324
55433 1.5047083
55533 1.7144585
55633 1.8401079
55734 1.9127703
55834 1.9238138
55934 1.8205137
56033 1.5235534
56134 1.2746377
56235 0.90121174
56335 0.3570032
56435 -0.3724389
56535 -0.71273327
56635 -0.8072872
56735 -0.83755016
56835 -0.8494272
56936 -0.80603695
57036 -0.6624694
57135 -0.39429998
57236 -0.14543056
57336 0.13882637
58154 1.169692
58254 1.1699591
58354 1.1701236
58454 1.1718965
58555 1.1746669
58655 1.1526847
58755 0.8603625
58855 -0.10538006
58955 -0.67145634
59055 -0.9422231
59155 -1.0464559
59256 -1.0383573
59356 -0.8626461
59456 -0.7105055
59556 -0.44182014
59656 -0.19584751
59756 0.04294491
59857 0.24429226
59957 0.4740057
60057 0.6677079
60157 0.77892923
60258 0.9055891
60358 1.0749998
60457 1.2521415
60558 1.3230982
60659 1.386159
60758 1.4147897
60859 1.4326353
60959 1.4389372
61059 1.3985062
61159 1.1315813
61260 0.5558777
61360 -0.16348553
61676 -0.4098897
61776 -0.3839407
61877 -0.2720952
62278 1.1940837
62378 1.314105
62478 1.4544435
62578 1.6033945
62678 1.7196321
62778 1.8074675
62878 1.8453941
62979 1.7058654
63079 0.7474241
63179 -0.15945339
63279 -0.59969807
63379 -0.7608762
63480 -0.8173294
63579 -0.8649597
63679 -0.87714577
63780 -0.8697243
63880 -0.83214235
63981 -0.5403242
64080 0.12893009
64181 0.64090633
64280 0.8417077
64382 0.9512105
64481 1.1297226
64582 1.3247681
64682 1.4199944
64782 1.4268799
64882 1.3898492
64982 1.337645
65083 1.0064697
65182 0.42235613
65283 -0.093483925
65383 -0.40298986
65483 -0.5009575
65584 -0.48613977
65684 -0.21981907
66000 1.468431
66101 1.6536369
66201 1.8258772
66301 1.8712397
66401 1.8054199
66501 1.4598379
66601 1.1542025
66701 0.5157304
66802 -0.036432743
66902 -0.3002243
67002 -0.38418102
67102 -0.37424326
67203 -0.28600597
67620 1.529737
67720 1.6863084
67820 1.8003054
67920 1.8617983
68020 1.8781004
68121 1.8161077
68220 1.0648508
68321 0.24527979
68421 -0.22069502
68521 -0.5537429
68622 -0.75307226
68721 -0.8367815
68821 -0.8216286
68922 -0.67488956
69023 -0.2520752
69123 0.8188777
69222 1.1632953
69323 1.3340788
69423 1.4143739
69522 1.4782815
69624 1.48318
69724 1.4588599
69824 1.1186185
69924 0.3333664
70024 -0.22408533
70124 -0.4204626
70224 -0.5230279
70325 -0.5725832
70425 -0.57619286
70525 -0.3701706
70625 0.15370178
70725 0.9859781
70826 1.6108689
70926 1.8780351
71025 1.8966279
71126 1.767024
71226 1.6767435
71326 1.4062376
71427 0.9507818
71526 0.40644217
71626 0.040175438
71727 -0.12971687
71827 -0.23224497
71927 -0.25399303
72028 -0.24305868
72128 -0.15888119
72228 0.16206837
72327 0.80414534
72428 1.469739
72528 1.5911989
72629 1.6203842
72728 1.6483893
72829 1.6554093
72929 1.6504889
73029 1.4776473
73129 0.8010845
73229 0.27633476
73330 0.04587412
73430 -0.06951523
73529 -0.1262331
73629 -0.1678052
73730 -0.19884443
73831 -0.21317005
73931 -0.19151211
74030 0.12097263
74131 0.77599955
74213 1.2181163
74313 1.5710039
74413 1.8524008
74513 2.0100656
