7 -2.1428125
107 -3.0104692
207 -3.9385417
308 -4.070727
408 -3.1520424
508 -1.5254071
608 0.35498428
709 2.321392
809 3.1869793
908 3.8602638
1008 3.4997435
1111 1.3156691
1211 -0.41470528
1311 -1.5875275
1411 -2.4588017
1511 -2.7836163
1611 -3.3426938
1710 -3.0179648
1810 -1.9249911
1911 -0.72147083
2010 0.7599139
2110 2.2844954
2212 3.2288046
2311 3.9334326
2411 4.0527353
2511 2.7492661
2611 0.9234376
2713 -0.5370636
2812 -1.5894058
2911 -2.394123
3012 -3.0808623
3112 -3.9945164
3214 -3.723316
3313 -3.2667346
3414 -1.7897689
3512 -0.2855401
3613 0.9825802
3715 2.7788825
3813 3.594242
3914 3.743887
4013 3.3183975
4116 2.0975885
4214 0.384943
4316 -1.0611336
4416 -2.0334697
4514 -3.0143414
4615 -3.8178992
4715 -3.8190155
4817 -2.7888832
4917 -1.1546059
5017 0.4772811
5115 2.083074
5215 3.0162935
5316 3.657421
5416 3.6729918
5516 2.6924386
5618 1.0993681
5717 -0.66153955
5816 -1.8364
5917 -3.0659235
6017 -3.498566
6119 -3.3781161
6218 -3.1482158
6318 -1.6757557
6418 0.13158798
6518 2.0250869
6618 3.4454088
6720 4.3248405
6820 4.4855213
6920 4.343603
7020 3.1419897
7119 1.6362138
7203 0.11085987
7303 -1.3129494
7403 -2.387185
7503 -2.988791
7602 -3.5326557
7706 -3.517598
7806 -2.245421
7906 -0.83026934
8006 0.43502998
8106 1.6598425
8206 2.5859008
8306 3.3771229
8406 3.736045
8506 3.4423952
8606 2.1080055
8705 0.42142773
8805 -0.59739304
8905 -1.6528544
9005 -2.29847
9108 -3.9073725
9208 -4.7576585
9308 -4.0153947
9408 -2.947616
9506 -1.6273837
9606 0.34579372
9708 1.5771432
9806 2.5788054
9907 3.2641668
10007 3.662634
10107 3.384183
10207 2.0602326
10308 0.49906301
10407 -1.0031261
10508 -2.0862918
10608 -2.8239732
10708 -3.2315469
10811 -3.1390157
10911 -2.5591683
11011 -0.863873
11111 0.6981816
11209 2.2359695
11311 3.204958
11412 3.728384
11511 3.7852678
11611 3.269537
11712 2.0328531
11810 0.4533553
11910 -0.97401714
12012 -1.8650565
12112 -2.8655329
12212 -3.5711644
12311 -3.6372807
12412 -3.05928
12513 -1.736335
12613 -0.7455411
12713 0.1053257
12812 2.43285
12912 3.626175
13012 4.161278
13112 4.0085373
13214 2.7679038
13313 1.335443
13414 -0.37359428
13513 -1.4433377
13613 -1.9669893
13715 -2.427836
13815 -2.5616722
13914 -1.7864566
14015 -0.9596982
14116 0.58209133
14215 1.9066606
14316 2.6945686
14416 2.9383607
14516 2.8888083
14617 2.1677885
14716 1.0116787
14815 -0.27577305
14915 -1.3906467
15017 -1.7963378
15117 -2.6950715
15216 -3.0566263
15318 -3.0554507
15416 -3.008148
15518 -2.3752255
15617 -1.475956
15717 -0.6368351
15817 1.0214243
15917 2.245861
16017 3.0034008
16117 3.0570097
16219 2.4011126
16319 1.0190616
16418 -0.68145657
16518 -1.6654334
16618 -2.3209445
16719 -3.2657826
16820 -3.665904
16920 -3.5452683
17002 -3.3237944
17102 -1.3696694
17203 -0.28620768
17303 1.4932809
17403 2.7726684
17503 3.6721401
17603 4.2604437
17703 4.469551
17804 4.3591394
17904 4.077449
18006 3.493576
18106 2.4809103
18206 1.2405033
18304 -0.523252
18407 -1.7086589
18506 -2.4794903
18606 -3.1278567
18706 -3.4282384
18805 -3.4123547
18906 -2.9363093
19006 -1.7899547
19106 -1.2084434
19206 -0.05494547
19306 1.4389343
19406 2.4169745
19506 3.1855974
19609 3.685029
19709 3.8539705
19809 3.9191313
19909 3.914464
20009 3.8493834
20343 2.213018
20442 0.67338324
20541 -0.8459835
20643 -1.9840884
20743 -2.7306743
20842 -3.32914
20944 -3.9181786
21042 -4.0280175
21143 -3.800345
21245 -3.647323
21345 -2.5775142
21443 -1.585352
21545 -0.65974474
21645 1.3165684
21743 2.4605126
21845 3.4338493
21945 3.8832874
22046 3.9215593
22144 3.7808838
22246 3.4436436
22344 2.5755653
22445 1.3903732
22547 0.10417223
22647 -1.2491875
22745 -2.4017413
22845 -2.891289
22947 -3.3253522
23046 -3.241556
23146 -3.0413647
23246 -3.0198865
23348 -2.971433
23448 -1.9663749
23547 -0.7597947
23648 0.3541131
23748 2.412291
23849 3.086113
23949 3.5195408
24049 3.8217697
24149 3.9099035
24232 3.8483677
24332 3.552267
24432 2.8099265
24531 1.5073166
24631 0.042660236
24732 -0.92182827
24832 -1.7364364
24933 -2.0925145
25033 -2.7921014
25133 -3.0042825
25232 -2.9615836
25335 -2.8530657
25435 -2.822513
25533 -2.7730699
25635 -1.4848511
25735 -0.28120375
25834 0.9637008
25934 2.064611
26035 2.6242218
26134 2.8963737
26234 3.0680723
26335 3.0777197
26435 3.0661793
26535 3.026472
26635 2.9639344
26735 2.3606272
26835 0.15548182
26938 -1.122113
27038 -1.8335781
27138 -2.6763203
27238 -3.1463451
27338 -3.2238727
27438 -3.2460186
27538 -3.2334728
27638 -3.2169619
27737 -2.8373365
27837 -1.2412555
27938 -0.16099787
28038 1.3604536
28141 2.5515108
28241 3.263588
28340 3.5630646
28441 3.5499353
28541 3.3845053
28640 3.0157108
28740 2.5813599
28839 1.8705788
28939 0.8398552
29039 -0.5525403
29139 -1.6893737
29241 -2.4173663
29341 -2.8739014
29440 -2.9193854
29540 -2.883892
29641 -2.8694742
29742 -2.831873
29842 -2.6012902
29940 -1.9314449
30043 -0.5497675
30141 1.1174054
30241 2.4181771
30343 3.2692547
30442 3.6774006
30543 3.820177
30642 3.8175106
30744 3.6037655
30842 2.976367
30944 2.2035685
31043 1.2731481
31144 0.14208126
31244 -1.0180347
31345 -1.7948804
31443 -2.1875052
31543 -2.4219222
31645 -2.5682921
31746 -2.5119526
31846 -2.3943741
31944 -2.327268
32044 -2.2739754
32145 -1.9543114
32246 -0.68529034
32346 0.74444675
32446 1.8865919
32545 2.5681787
32647 3.157565
32747 3.5566187
32845 3.6751833
32947 3.6279316
33048 3.2376719
33148 2.578865
33246 1.3691607
33347 0.22976637
33449 -0.6612725
33549 -1.2863717
33647 -1.9324901
33749 -2.3540354
33848 -2.650333
34464 -1.928124
34565 -0.7953787
34666 0.38879395
34767 1.1062746
34866 1.7934403
34966 2.293601
35066 2.6415367
35166 2.7460022
35266 2.6573715
35367 2.231017
35466 1.4504457
35567 0.36282015
35667 -0.63720465
35767 -1.7719872
35868 -2.2290728
35968 -3.1894228
36068 -3.5464125
36169 -3.742504
36270 -3.6638029
36368 -3.6577733
36469 -3.6518078
36569 -3.4254475
36669 -2.636447
36769 -1.4580646
36869 -0.34261608
36969 0.561841
37069 1.469367
37169 2.723508
37272 3.159626
37372 3.3312569
37472 3.3182583
37572 2.998993
37672 1.8536329
37772 0.047401905
37870 -1.0731366
37971 -1.9404242
38071 -2.4252245
38171 -4.162635
38271 -4.4139442
38372 -4.564068
38472 -3.011002
38572 -2.838419
38672 -2.0606072
38772 -0.063923836
38873 1.8169174
38972 3.015977
39073 3.7203722
39173 4.059452
39273 4.179041
39373 4.1668158
39476 4.0449486
39576 3.7580357
39676 2.6336012
39775 1.210432
39874 -0.12138891
39975 -1.0460045
40074 -1.7126241
40174 -2.3927767
40275 -2.642796
40375 -2.7004538
40475 -2.7007165
40576 -2.675938
40678 -2.5669966
40776 -2.0697541
40876 -0.85497904
40976 -0.23777676
41076 0.95685625
41177 1.988028
41277 2.6256027
41377 2.94273
41477 3.0555172
41578 3.0798798
41677 3.056059
41778 3.0009222
41880 2.780735
41978 2.0320258
42078 0.7566576
42179 -0.49859905
42279 -1.635236
42380 -2.7426941
42479 -3.2209978
42579 -3.1398513
42679 -2.5254016
42779 -1.938411
42880 -0.90901995
42979 -0.28692913
43080 0.48894024
43164 1.0772748
43263 1.8721457
43364 2.4377441
43464 2.8240814
43564 3.0104704
43664 3.0482578
43764 2.9450808
43864 2.6083846
43965 2.0696168
44065 0.6082897
44165 -0.6108198
44266 -1.7655747
44582 -3.045424
44683 -3.0201051
44783 -2.888572
44883 -2.7441368
44983 -2.6053534
45083 -1.3508415
45183 -0.34473372
45284 0.72791195
45384 1.6591172
45484 2.4125328
45584 2.8809648
45684 3.0448265
45784 3.080473
45884 2.9921026
45987 1.5582237
46087 -0.036676884
46187 -1.0378113
46287 -2.1136272
46387 -2.7520173
46487 -2.76994
46588 -2.3324037
46688 -2.1764302
46788 -1.6240821
46887 0.07592869
46986 1.0294123
47086 2.1364698
47189 2.8226442
47286 3.2213335
47389 3.3168697
47489 2.8660417
47589 1.4837008
47689 0.75430155
47789 -0.09332657
47888 -0.81566906
47988 -1.2942824
48088 -1.578682
48189 -1.7763457
48288 -1.9511199
48389 -2.000122
48489 -1.142839
48589 0.34095144
48689 1.5896287
48789 2.8193789
48889 3.5483484
48992 3.7309875
49092 3.0937805
49192 1.215518
49290 -0.15285587
49392 -1.2594948
49492 -2.203969
49591 -3.2473052
49693 -3.869072
49793 -3.7378936
49891 -3.5786157
49991 -2.7153754
50092 -0.09908581
50192 0.85125923
50292 1.6920509
50392 2.744925
50493 3.2014055
50593 3.0307026
50693 1.8273072
50792 0.5242815
50893 -0.55726004
50993 -1.5025795
51094 -2.5403185
51193 -3.6729975
51294 -4.627338
51394 -4.1476355
51494 -2.777186
51594 -1.2036271
51696 0.7750912
51795 1.7929077
51895 2.908043
51995 3.5585384
52095 3.7845135
52195 3.6870975
52295 1.5261164
52396 -0.7231741
52496 -1.8711531
52596 -2.8035412
52696 -3.4002352
52797 -3.5302184
52897 -3.22369
52997 -2.2515857
53097 -0.38452053
53197 1.4654131
53297 2.9235587
53381 3.5870895
53481 4.2697
53581 4.4899473
53681 3.5954094
53780 1.7701163
53881 0.10573673
53982 -1.1746178
54082 -2.1342044
54182 -3.0638263
54282 -3.28117
54382 -3.1236339
54482 -1.6766906
54582 -0.3394847
54683 0.9678011
54783 2.193368
54883 2.8076792
54983 3.1362705
55083 3.2125645
55183 2.3475523
55284 0.7960353
55384 -0.5593686
55484 -1.6753109
55584 -2.7522798
55684 -2.912039
55784 -4.712659
55884 -4.6917167
55988 -4.19501
56084 -2.7850842
56188 -1.2567921
56287 0.16647625
56387 1.2048287
56487 2.1418114
56587 2.5640044
56687 2.6656466
56786 1.8012824
56886 -0.020173073
56987 -1.3605494
57087 -2.178656
57187 -2.7275698
57287 -2.967485
57387 -2.754077
57488 -2.0304818
57588 -0.9998212
57688 0.6626468
57788 1.8681159
57888 2.703023
57988 3.2445927
58088 3.605936
58189 3.5155897
58288 2.820754
58388 1.2997446
58489 -0.44429588
58589 -1.2829375
58689 -1.8484557
58792 -2.049558
58892 -2.1179972
58992 -2.0530982
59092 -1.657891
59190 -0.35389137
59292 0.5159769
59392 2.0263662
59492 3.0093918
59591 3.4057446
59691 3.3230848
59792 1.9357271
59891 0.80735874
59992 -0.93978167
60093 -2.0206485
60192 -2.5841696
60292 -2.8585234
60392 -3.1508994
60493 -3.2339084
60592 -2.4742565
60693 -1.1497586
60793 0.07545996
60893 1.4953394
60993 2.6658335
61094 3.332594
61194 3.4401302
61294 2.7702208
61394 1.4274664
61494 0.10588312
61594 -1.1075337
61695 -1.8909597
61795 -2.9615345
61895 -3.523603
61995 -3.598484
62095 -3.44578
62195 -2.7443228
62296 -0.7468109
62397 0.28735685
62497 1.2763066
62597 2.5046945
62696 3.2099571
62797 3.4685478
62896 3.1602097
62997 1.9196382
63097 0.8597832
63181 -0.231884
63280 -1.3557057
63381 -2.1661642
63481 -2.8351316
63581 -2.9913027
63681 -2.9366064
63781 -2.2712483
63881 -1.469275
63981 -0.16293049
64082 1.5727034
64182 3.1929054
64282 4.18007
64382 5.0
64483 5.0
64583 5.0
64683 3.172678
64783 1.1300955
64884 -0.595212
64983 -1.8186414
65084 -2.502001
65184 -3.5830543
65284 -3.8486571
65384 -3.7220128
65484 -3.4350986
65584 -1.1478798
65685 0.4284978
65787 1.1631646
65887 2.3092995
65987 3.1667767
66087 3.4165525
66186 2.8831573
66288 1.815423
66386 0.56310177
66486 -0.8796425
66586 -2.1597226
66686 -2.693284
66787 -3.0808282
66887 -2.9229937
66987 -2.2236114
67088 -1.2544384
67187 0.23851919
67288 2.070671
67388 3.1217613
67487 3.9895458
67587 4.14791
67688 3.8987703
67788 2.996479
67888 1.4541116
67989 -0.2288022
68089 -1.2368824
68189 -2.2523482
68288 -3.2338924
68389 -3.5764024
68489 -3.7428691
68589 -3.1904259
68690 -1.2378006
68789 -0.2273264
68892 0.9011984
68992 2.343225
69092 3.1976414
69192 3.4686127
69292 3.455904
69392 2.9225473
69491 1.521759
69592 0.5225382
69691 -0.7943473
69792 -1.8960593
69891 -2.8053021
69992 -3.5761917
70092 -3.743973
70193 -3.49254
70293 -1.8140233
70392 -0.47895098
70493 0.73115826
70592 1.9036088
70693 3.1229162
70794 4.038562
70894 4.612424
70994 4.644869
71094 3.9480305
71193 2.941784
71294 1.5914817
71394 -0.14079952
71495 -1.1375546
71595 -2.1112838
71695 -2.8984265
71795 -3.0737956
71895 -2.949161
71996 -1.9216528
72095 -0.40220165
72195 1.1792669
72295 2.293559
72396 3.0023518
72496 3.4722672
72596 3.8166142
72696 3.8151445
72797 2.9764242
72881 1.51933
72981 -0.33356285
73081 -1.6306858
73181 -2.0894532
73281 -2.534851
73381 -2.694494
73481 -2.7151113
73581 -2.6889431
73681 -1.1194911
73782 0.040406227
73881 1.070117
73982 2.6887197
74082 3.5012798
74183 4.087241
74283 4.273656
74383 3.745863
74483 2.5702162
74583 1.2307792
74683 -0.17794132
74783 -1.5380464
74883 -2.4015226
74983 -2.7338665
