1542 2.1567812
1625 2.5730371
1725 3.0272408
1826 3.2632513
1926 3.2155704
2026 2.5841126
2127 1.3893003
2227 0.07152748
9747 -0.68446636
9847 -2.2564092
9948 -2.987227
10048 -3.4671316
10148 -3.7251718
10248 -3.6051927
10349 -3.0397706
10448 -1.7579124
10549 -0.3829689
10650 1.0237765
10749 2.1161132
10850 3.0261192
10950 3.5475254
11051 3.760809
11151 3.7593822
11252 3.2487335
11352 1.7388382
11452 0.31942177
11552 -0.6957474
11651 -2.0868163
11753 -2.7032533
11852 -4.482929
11953 -5.0
12052 -5.0
12154 -4.0538497
12254 -2.540885
12354 -1.5120487
12454 -0.1873827
12554 0.9611788
12655 1.544033
12755 2.2935028
12855 2.7598228
12955 2.898641
13056 2.7781458
13140 2.2744627
13239 1.2312746
13339 -0.060611725
13440 -0.96846056
13541 -1.7481217
13641 -2.1780713
13741 -2.2476301
13841 -2.2098858
13942 -2.009369
14042 -1.1964927
14142 -0.2569399
14243 0.6756668
14342 1.5608721
14443 2.277124
14543 2.6678224
14644 2.7300835
14744 2.6369324
14844 2.397943
14944 1.5079355
15045 0.47224045
15145 -0.29946852
15245 -0.77997637
15345 -1.8053174
15446 -1.8880255
15545 -1.7705746
15646 -1.6227508
15747 -1.393825
15847 -0.5816841
15947 0.5171976
16047 1.281249
16148 2.0144172
16247 2.2773056
16347 2.191513
16448 1.4474883
16549 0.50835514
16648 -0.11191416
16749 -0.5679965
16849 -0.9763346
16949 -1.2174554
17050 -1.3217144
17150 -1.3332534
17251 -1.2783608
17351 -0.77833605
17451 0.33703518
17551 1.1302757
17652 1.7408571
17752 2.0377479
17852 2.261691
17952 2.527658
18286 1.5478501
18387 0.6523199
18487 0.062229156
18588 -0.4596777
18688 -0.977273
18788 -1.3123069
18888 -1.5219464
18988 -1.5404544
19089 -1.525378
19189 -1.4857616
19289 -1.4436677
19389 -0.42226171
19490 0.9352236
19590 2.0260148
19690 2.588519
19790 2.9797897
19891 3.2088432
19991 3.2122946
20075 3.188284
20175 3.136098
20275 2.907588
20375 1.9263811
20476 0.9586568
20575 -0.26589298
20675 -1.3539245
20777 -2.1508534
20877 -2.7270708
20977 -2.9111211
21077 -2.9116054
21178 -2.8141828
21277 -2.6934476
21378 -2.495574
21479 -1.777827
21579 -0.40063906
21678 1.1489902
21778 1.9526939
21880 2.2564745
21980 2.3952742
22080 2.4405298
22180 2.3518915
22281 2.2956953
22380 2.2179284
22481 1.9698038
22582 0.6685662
22682 -0.5961075
22782 -1.5152869
22882 -2.0685709
22983 -2.3096025
23082 -2.3917758
23183 -2.3850515
23282 -2.3459318
23384 -2.2265937
23483 -1.1795745
23584 0.20101833
23685 1.2356863
23785 2.1072173
23885 2.626072
23984 2.8498368
24086 2.9034348
24186 2.9070792
24286 2.8807678
24386 2.8329897
24487 2.6763735
24586 1.6195846
24686 0.16113997
24787 -0.8865919
24888 -1.6851985
24988 -2.2146697
25087 -2.416143
25188 -2.4326243
25289 -2.411284
25389 -2.358143
25489 -2.316668
25589 -2.1940126
25690 -1.0837474
25790 0.45960617
25890 1.2913618
25990 1.8935752
26090 2.2078562
26190 2.3395247
26274 2.3555717
26375 2.3586912
26475 2.3624787
26575 2.3627958
26676 2.3133178
26775 1.5409837
26875 -0.039809227
26977 -1.6535041
27077 -2.3479354
27177 -2.8517172
27277 -3.2305624
27378 -3.3417168
27478 -3.0178902
27578 -2.629386
27677 -2.5188186
27779 -2.303495
27878 -1.0651479
27979 0.22519016
28080 1.293231
28179 1.751626
28280 2.1610298
28379 2.273078
28480 2.3028464
28581 2.332015
28681 2.3341017
28781 2.313941
28881 1.795537
28982 0.71817636
29082 -0.44973946
29182 -1.4618714
29283 -2.006152
29383 -2.2938693
29483 -2.3657417
29583 -2.326417
29683 -2.253816
29784 -2.1853452
29884 -2.0216491
29984 -1.1654029
30085 0.17911577
30185 1.3250732
30284 1.9740615
30385 2.3502274
30486 2.70428
30586 2.752715
30686 2.7535334
30787 2.7519813
30886 2.7433462
30986 2.6643577
31088 1.9036078
31188 0.29085588
31288 -1.2049861
31388 -2.0712576
31489 -2.6473458
31588 -3.0090759
31689 -2.9813476
34011 -2.5004563
34111 -2.478818
34213 -2.4635243
34312 -2.4113803
34413 -2.0859306
34513 -0.9930029
34614 0.26112652
34713 1.74862
34813 2.6375895
35148 2.9716902
35750 -0.5766945
35850 -1.2771237
35950 -1.7234318
36051 -2.0524852
36151 -2.0892234
36251 -2.0575957
36351 -1.9995828
36453 -1.9193363
36552 -1.3804717
36652 0.0427742
36753 1.232481
36852 2.3439054
36953 3.0181313
37053 3.1269102
37154 3.1270666
37254 3.0886583
37354 2.9931002
37455 2.9061036
37554 2.6854582
37655 1.8441887
37755 0.05922842
37856 -1.1918836
37955 -1.9401116
38056 -2.0827272
38157 -1.9678259
38256 -1.7483113
38357 -1.6822228
38457 -1.6786609
38558 -1.6712985
38657 -1.6538968
38758 -1.6338413
38857 -1.3067718
38959 0.4261279
39059 1.7706437
39159 2.0993896
39258 2.3063674
39359 2.3497772
39460 2.3550863
39560 2.3563437
39660 2.3490653
39761 2.2232018
39860 0.9834237
39961 -0.6437249
40061 -1.6514473
40162 -2.4208572
40261 -2.6261885
40361 -2.6479287
40462 -2.644157
40563 -2.5832376
40663 -2.5046873
40763 -2.3969471
40863 -1.9737768
40964 -1.16711
41063 -0.17552471
41148 0.6981015
41248 1.4581885
41347 2.2639794
41448 2.7454748
41549 2.934722
41648 2.941082
41749 2.890129
41850 2.688282
41950 1.7566056
42050 0.1290493
42151 -0.7358818
42251 -1.6948769
42350 -2.3361323
42451 -2.8250895
42551 -2.856321
42652 -2.7066045
42752 -2.574408
42852 -2.5380282
42953 -2.4566948
43053 -1.9132099
43153 -0.25945997
43253 1.2770844
43354 2.001264
43454 2.4187226
43554 2.5503073
43654 2.593493
43755 2.5881233
43854 2.2820153
43955 0.357059
44055 -1.2395058
44156 -2.1873555
44256 -2.6245973
44356 -2.7046037
44456 -2.7154784
44556 -2.6824608
44657 -2.678307
44757 -2.6818838
44857 -2.511861
44958 -1.5614438
45058 -0.26022243
45158 0.82710075
45342 2.336667
45426 2.6240983
45525 2.717843
49654 3.1370945
49754 3.1313286
49854 3.09966
49954 2.7056694
50055 1.2848592
50155 -0.2330699
50256 -1.2567661
50355 -2.415453
50456 -2.829202
51827 3.5615854
52545 -2.8065724
52645 -2.7626154
52811 -2.5604558
52911 -1.5500615
53012 -0.028484821
53113 1.3994913
53213 2.3342795
53313 3.118536
53414 3.4637108
53514 3.4976063
53614 3.3147173
53715 2.9918442
53815 2.230564
53915 0.91289425
54015 -0.5958338
54116 -1.5918369
54216 -2.233394
54316 -2.678246
54416 -2.7982512
54516 -2.6970656
54617 -2.3819256
54717 -1.6620548
54817 -0.67091894
54918 0.8130636
55018 1.6572952
55118 2.646842
55219 3.2143955
55319 3.304843
55419 3.2805347
55519 3.0997725
55619 2.6265135
55720 1.3492823
55820 -0.13861465
55920 -1.0343709
56021 -2.0353205
56120 -2.2496579
56221 -2.4841018
56322 -2.4950213
56422 -2.4934266
56522 -2.464427
56622 -1.9379585
56723 -0.42017126
56823 0.5904317
56923 1.5453315
57023 2.24432
57124 2.7636237
57224 2.8932204
57324 2.835434
57425 2.572554
57524 1.6062522
57625 0.05380726
57725 -1.0501964
57808 -1.8012452
57908 -2.4136422
58009 -2.659205
58110 -2.6765924
58210 -2.6407766
58309 -2.6103191
58410 -2.4280305
58511 -1.1511307
58611 0.024481773
58711 1.275198
58811 2.4376473
58912 3.107049
59012 3.477006
59111 3.5631008
59213 3.2668
59313 2.5300217
59413 1.279849
59513 0.027420044
59614 -1.0121143
59714 -1.7566166
59814 -2.4796777
59915 -2.844878
60014 -2.8913722
60115 -2.829142
60214 -2.39004
60316 -1.0683217
60416 0.25266838
60516 1.0878477
60616 1.7864151
60717 2.629879
60817 3.026291
60917 3.0767498
61017 3.0073776
61118 2.7240534
61218 1.7774367
61318 0.9236021
61418 -0.0029730797
61519 -1.1117058
61619 -2.14342
61719 -3.0432448
61820 -3.4249482
61920 -3.4309392
62020 -3.2153664
62120 -2.7827964
62220 -1.9132447
62320 -0.7624235
62420 0.5334592
62521 1.300107
62622 2.0043006
62722 2.3215637
62822 2.3853211
62922 2.2413177
63022 1.4419961
63123 0.20221901
63222 -0.65627384
63324 -1.4767756
63424 -2.119734
63524 -2.4158187
63624 -2.5711598
63725 -2.5627508
63825 -2.3745856
63925 -1.9167123
64008 -1.0176811
64108 -0.22888565
64209 0.42344332
64310 1.2048125
64410 2.1302133
64510 2.6749282
64609 2.7965508
64711 2.6311522
64810 1.4132376
64911 0.1839819
65010 -0.6705084
65112 -1.4071579
65212 -2.248487
65312 -2.668602
65413 -2.746038
65513 -2.5577056
65613 -2.0906413
65713 -1.3492732
65814 -0.4981842
65914 0.30328035
66014 1.1393166
66115 1.911593
66214 2.4223185
66315 2.6617103
66414 2.7090797
66516 2.6284842
66616 2.0158525
66716 0.8877516
66816 -0.258121
66916 -1.1304212
67016 -1.877398
67117 -2.523375
67217 -2.8626282
67317 -2.9103966
67417 -2.655807
67517 -1.7757053
67618 -0.8367796
67719 5.197525E-5
67818 0.8612313
67918 1.653048
68019 2.3854933
68120 2.7665153
68219 2.8594909
68320 2.6642785
68420 1.8776245
68520 0.6193876
68620 -0.6037855
68720 -1.2800496
68822 -2.054231
68921 -2.7778077
69022 -3.0488985
69122 -3.048759
69222 -2.8546343
69323 -2.2691324
69423 -1.2740357
69524 -0.23020935
69623 0.448586
69724 1.1482935
69823 1.7711802
69924 2.2559915
70025 2.491788
70125 2.471013
70208 1.9886131
70308 0.79719305
70409 -0.27757835
70510 -1.1437478
70610 -1.8167067
70710 -2.4963224
70810 -2.6994245
70911 -2.7391932
71010 -2.6123013
71111 -2.0739493
71211 -1.3658016
71312 -0.5135355
71412 0.16252613
71512 0.9518442
71612 1.7013488
71712 2.234394
71813 2.5243301
71913 2.5807915
72013 2.4394479
72113 1.7172279
72214 0.89684963
72314 0.12723064
72415 -0.7269907
72514 -1.4809957
72615 -2.1538787
72715 -2.624067
72815 -2.9290066
72916 -2.903815
73016 -2.481373
73117 -1.0295913
73217 0.008870125
73316 0.8961983
73418 1.474154
73518 1.9201531
73617 2.3025064
73718 2.4025278
73818 2.2362037
73919 1.7774992
74019 1.0419583
74119 -0.03157711
74220 -0.9533324
74320 -1.753936
74420 -2.3158078
74520 -2.4902656
74620 -2.6143584
74938 -1.324789
