24 -2.9137578
125 -1.2590916
225 -0.22502041
325 0.7036886
425 1.2726636
525 1.6616678
625 2.0540466
725 2.3863006
825 2.6714416
926 2.5519867
1026 0.9285002
1126 -0.38914013
1226 -1.3002448
1326 -1.812774
1426 -2.1621823
1527 -2.271842
1627 -2.283338
1727 -2.1894252
1827 -1.6964135
1927 -0.4623251
2027 0.5114527
2127 1.4317274
2227 2.4394484
2328 3.1166744
2428 3.3705387
2528 3.4221745
2629 3.0971565
2729 1.5699921
2829 0.14941406
2929 -1.1522934
3030 -2.1136603
3129 -2.7116597
3229 -2.973861
3330 -3.0571618
3430 -2.9995675
3530 -2.4845488
3630 -1.486826
3730 -0.28210878
3830 0.71717024
3930 1.4073958
4030 1.8836031
4130 2.5162382
4231 2.9445
4331 3.117279
4431 2.8128495
4531 1.4366708
4631 -0.036071777
4732 -1.3848431
4832 -2.2801208
4931 -2.7493591
5032 -2.921158
5132 -2.9398644
5233 -2.8154023
5332 -2.4616437
5433 -1.4566102
5516 -0.3588915
5616 0.71528006
5716 1.6266809
5815 2.367588
5915 2.8239465
6016 3.4874306
6116 3.7370958
6217 3.6231174
6317 2.3001852
6418 0.6191807
6518 -0.5189848
6618 -1.7470479
6718 -2.4298491
6818 -2.6729403
6918 -2.759708
7018 -2.7677503
7119 -2.7416492
7219 -2.4964862
7319 -1.4403145
7419 -0.24424267
7519 0.64813805
7620 1.4104385
7719 2.0507445
7820 2.6753793
7920 3.1598644
8020 3.521408
8370 0.91598606
8471 -0.26110554
8571 -1.2431598
8671 -1.9832647
8771 -2.4802957
8871 -2.6881223
8972 -2.7413483
9072 -2.7328925
9172 -2.53948
9272 -1.6794686
9372 -0.53756
9473 0.35652256
9573 1.2049398
9673 1.9004912
9773 2.481164
9872 2.9870949
9973 3.4203243
10074 3.6188154
10173 3.716546
10274 3.7115097
10374 2.9925957
10474 1.2459211
10574 0.017703533
10674 -0.90756893
10774 -1.6181884
10875 -2.0405393
10975 -2.3329465
11075 -2.592588
11175 -2.7843661
11275 -2.8408275
11376 -2.6127632
11476 -1.2950006
11576 -0.1770792
11676 0.60459566
11776 1.2862659
11876 1.8134851
11977 2.2520537
12294 2.8979583
12394 2.847928
12494 2.4549317
12594 0.76425266
12694 -0.40708733
12794 -1.7058544
12895 -2.4476523
12994 -2.928802
13094 -3.0887868
13195 -2.968694
13295 -2.5880258
13395 -1.6329167
13495 -0.49276066
13595 0.75243664
13696 1.6381874
13796 2.4127975
13896 2.996933
13996 3.4001265
14096 3.6035252
14196 3.6526575
14297 3.6329584
14397 3.189848
14497 1.3909297
14597 0.09400272
14697 -1.0470932
14797 -1.8289418
14898 -2.2307057
14998 -2.3104
15098 -2.3281727
15198 -2.3124895
15298 -2.1739018
15398 -0.97654057
15499 0.6774311
15598 2.279317
15699 3.595211
15799 4.2940826
15899 4.625787
15999 4.662709
16100 4.537281
16200 4.250901
16299 3.473116
16400 1.3029184
16500 -0.29932308
16600 -1.2412782
16700 -1.5919018
16801 -1.6759648
16901 -1.667825
17001 -1.6362045
17101 -1.6108899
17201 -1.5858436
17301 -1.2930107
17402 -0.13278484
17502 0.89684916
17602 1.6276512
17702 2.2044654
17802 2.762764
17902 3.1393948
18002 3.3303356
18102 3.4008493
18203 3.416216
18302 3.3963022
18403 3.1465788
18504 2.3138862
18603 1.3929396
18703 0.53366137
18803 -0.18996048
18904 -0.85269594
18987 -1.2792068
19087 -1.6650059
19187 -1.9230096
19287 -2.0074592
19387 -2.000297
19487 -1.7099004
19588 -0.45626974
19688 0.6754112
19788 1.7110763
19889 2.5172334
19989 3.1070776
20089 3.3998337
20189 3.5446167
20289 3.5746536
20389 3.4516563
20489 3.1907806
20590 2.12211
20690 0.73780537
20790 -0.25126743
20890 -1.2883549
20990 -2.008346
21090 -2.2774081
21191 -2.3061042
21291 -2.295377
21391 -2.2474225
21491 -2.189465
21591 -1.482425
21691 0.09700489
21792 1.4599352
21891 2.3326392
21992 2.9220133
22092 3.2067747
22192 3.2983894
22293 3.327036
22392 3.3335505
22493 3.3290997
22593 2.9725952
22693 1.1755571
22793 -0.2781849
22894 -1.3820438
22993 -1.9075675
23094 -1.9980884
23194 -2.0289946
23294 -2.076558
23394 -2.0902998
23495 -2.0891151
23594 -1.8905938
23695 -0.6061578
23794 0.70074177
23895 1.6111274
23994 2.285318
24096 2.918476
24195 3.4309454
24295 3.5960598
24395 3.6376963
24496 3.6022472
24596 3.336607
24696 1.5574112
24796 0.12024021
24897 -1.1631446
24997 -1.8938832
25097 -2.1107922
25197 -2.198332
25297 -2.229548
25397 -2.2498322
25498 -2.2553072
25597 -2.2197204
25698 -1.7557158
25798 -0.39783716
25898 1.0050464
25998 2.1649728
26098 2.94345
26198 3.4648304
26299 3.722641
26399 3.8258867
26499 3.8483028
26599 3.815384
26699 3.7555065
26799 2.8016157
26899 0.8944216
26999 -0.55603933
27100 -1.3331561
27200 -1.4662328
27300 -1.4938426
27400 -1.5562444
27501 -1.62308
27601 -1.6383591
27701 -1.6448817
28035 1.6811814
28135 2.65524
28235 3.546362
28335 4.014392
28435 4.286049
28536 4.3310995
28635 4.266897
28736 4.064005
28836 3.03588
28936 1.1499147
29036 -0.1980896
29136 -1.2268906
29237 -1.8919957
29337 -2.255763
29721 -2.4611056
29820 -2.4658468
29921 -2.4579062
30021 -2.153235
30121 -0.9115782
30222 0.33223867
30322 1.4576364
30422 2.2557783
30522 2.8896194
30622 3.2368221
30722 3.4031038
30822 3.4538927
30922 3.4685898
31023 3.4639683
31123 3.1475658
31223 1.6100135
31323 -0.1738596
31423 -1.8384233
31524 -2.6463609
31623 -3.0071275
31724 -3.0921183
31824 -3.0994935
31924 -3.0846438
32024 -3.0348325
32124 -2.9611776
32225 -2.57202
32325 -1.283942
32425 0.035464287
32525 1.1342726
32625 1.8936477
32725 2.4178925
32826 2.8853483
32926 3.1451263
33026 3.2301178
33126 3.2805395
33226 3.2931175
33326 3.149706
33643 -0.9992895
33743 -1.7817969
33844 -2.1694093
33944 -2.3261867
34044 -2.3832798
34144 -2.3896759
34244 -2.3844619
34344 -2.3099864
34445 -1.489985
34545 0.06649113
34645 1.3450155
34995 3.7945566
35096 3.9114857
35196 3.977829
35296 4.0215645
35396 4.023945
35496 3.8455324
35913 -1.881289
36014 -2.4108644
36114 -2.6266685
36214 -2.6508343
36314 -2.616822
36415 -2.5146983
36514 -1.9232974
36615 -0.8521919
36715 0.39963818
36815 1.4309754
36916 2.218749
37015 2.8799791
37116 3.2695637
37216 3.5143366
37316 3.608243
37399 3.6261988
37734 3.481656
37834 2.5124292
37933 1.0330834
38033 -0.12527227
38133 -1.0613778
38234 -1.5546932
38334 -1.7662086
38434 -1.8313012
38785 -1.3685479
38885 -0.16318226
38985 0.9565711
39085 1.8924685
39185 2.8079376
39286 3.3526688
39385 3.660637
39486 3.7776175
39586 3.7927942
39686 3.7402134
39786 3.4602776
39886 2.2281547
39987 0.84060335
40087 -0.33857632
40187 -1.2470062
40287 -1.8744745
40387 -2.2021556
40704 -2.2348886
40805 -2.111989
40905 -1.5899692
41004 -0.37828493
41105 0.6709013
41205 1.5936866
41305 2.4275298
41622 3.617569
41723 3.698532
41823 3.729701
41923 3.7514915
42023 3.7108831
42123 2.0898218
42224 0.03148794
42324 -1.5837262
42424 -2.5016673
42524 -2.730574
42624 -2.6182075
42724 -2.5020018
43091 -0.73616505
43192 0.3512144
43292 1.1865644
43375 1.7888398
43475 2.3399825
43575 2.8544226
43675 3.084631
43775 3.282588
43875 3.3589106
43976 3.347766
44076 2.828354
44176 1.1065125
44277 -0.13357067
44377 -1.102057
44477 -1.7624192
44577 -2.2558367
44895 -2.4976742
44994 -2.2237692
45095 -0.96134424
45195 0.3246808
45529 2.8046021
45629 3.0432405
45729 3.2114258
45829 3.2567062
45929 3.2460175
46029 2.8412375
46129 1.1616058
46229 -0.26017094
46330 -1.3986363
46430 -1.9685006
46530 -2.2148526
46630 -2.2979074
46731 -2.2963138
47064 -0.28745747
47164 0.68974257
47265 1.4475975
47365 1.9573684
47465 2.4560251
47565 2.7990289
47666 2.9676042
47766 3.1069384
47865 3.187748
47966 2.9192953
48066 0.89836407
48166 -0.5744982
48266 -2.0513291
48366 -2.7008862
48467 -2.879414
48567 -2.842381
48667 -2.5444336
48767 -1.9984674
48867 -1.2588229
48967 -0.37547588
49067 0.4768839
49168 1.3746538
49268 1.9822326
49368 2.5852265
49468 3.1169672
49568 3.4456377
49669 3.5979977
49769 3.6083689
49869 2.6930113
49969 1.0703459
50069 -0.19700241
50169 -1.35496
50269 -2.0049186
50370 -2.2000775
50470 -2.2571096
50570 -2.2295554
50670 -2.1096828
50770 -1.6877117
50871 -0.6867285
50970 0.18201733
51071 0.927001
51171 1.5889344
51271 2.2879648
51371 3.0638113
51471 3.6943903
51571 4.0024967
51672 4.0151796
51772 3.5715313
51872 1.8819208
51972 0.08686066
52072 -1.2739398
52172 -1.9349284
52272 -2.0772517
52373 -2.060886
52472 -1.9996536
52573 -1.9215255
52673 -1.6964221
52989 0.8191247
53090 1.5862703
53191 2.2321625
53291 2.864286
53391 3.1915417
53491 3.4313736
53591 3.4936037
53691 3.194704
53791 1.2615976
53892 -0.6454444
53992 -2.259215
54092 -2.929916
54192 -3.08333
54292 -2.9827769
54393 -2.7555401
54493 -2.4644952
54593 -1.690145
54693 -0.6359873
54793 0.22197628
54893 1.0482078
54993 1.7012367
55093 2.2748551
55194 2.9282966
55510 2.8934875
55611 0.97922754
55711 -0.47560883
55812 -1.6585681
55911 -2.1613872
56012 -2.272827
56112 -2.2593
56212 -1.9210067
56312 -1.0045028
56412 0.11848354
56513 1.0922303
56613 1.9074507
56713 2.50561
56813 3.1404696
56913 3.4744081
57013 3.6260967
57114 3.6615639
57214 2.7278967
57314 0.9428606
57414 -0.40814257
57514 -1.538583
57614 -2.207026
57714 -2.5147767
57815 -2.6637142
57915 -2.588407
58015 -1.9682393
58115 -0.64727974
58215 0.4474578
58315 1.3382406
58416 1.9452372
58516 2.4614573
58616 3.012988
58716 3.2758236
58816 3.2746544
58916 2.320024
59017 0.7032471
59117 -0.54578304
59217 -1.3950016
59317 -1.8706412
59417 -2.0593915
59517 -2.091836
59617 -2.0365753
59718 -1.6138663
59818 -0.44079447
59918 0.6471815
60018 1.5659409
60118 2.2221527
60218 2.7967796
60318 3.1467276
60419 3.3443956
60519 3.4211636
60619 3.1429234
60719 1.5192461
60819 0.21546888
60919 -1.16148
61020 -1.9202068
61120 -2.388166
61203 -2.514815
61303 -2.5371463
61403 -2.4748197
61503 -2.080791
61838 1.616024
61937 2.1541986
62037 2.6295867
62138 3.1364346
62238 3.4011593
62338 3.433051
62438 2.5125184
62539 0.6974983
62639 -0.89963436
62739 -1.9417996
62839 -2.1661541
62939 -2.0642066
63340 0.58994627
63440 1.4901338
63541 2.217986
63640 2.5527992
63741 3.1279898
63841 3.4104023
63940 3.3738127
64041 2.1878524
64141 0.5014057
64241 -0.7312956
64341 -1.7571187
64442 -2.1966712
64541 -2.3319058
64642 -2.280273
64741 -2.1639044
64842 -1.650465
64942 -0.46822357
65042 0.7047472
65143 1.6431322
65243 2.2543244
65610 2.9744902
65711 2.8713813
65810 2.5722136
65911 1.3097358
66011 -0.3686676
66110 -1.9736953
66211 -2.494084
66312 -2.2185473
66411 -1.6232967
66511 -0.9398446
66612 -0.104569435
66712 0.69405127
66812 1.64503
66913 2.3288507
67012 2.7525587
67112 3.1520176
67213 3.3903427
67313 3.4583435
67629 1.4698515
67731 0.37819195
67830 -0.6851449
67930 -1.4402089
68031 -1.7487411
68131 -1.7398746
68231 -1.4775615
68331 -0.8961282
68431 0.03698969
68531 0.86768246
68631 1.700769
68732 2.2960892
68832 2.8062959
68932 3.189207
69032 3.2564793
69132 3.2114267
69232 2.9952002
69333 2.0071096
69432 0.69181156
69533 -0.61688995
69633 -1.4692111
69733 -1.9475975
69833 -2.2101378
69933 -2.3089051
70034 -2.2700517
70133 -1.7480407
70234 -0.5224085
70334 0.41701794
70434 1.2414479
70534 1.9446511
70635 2.4738111
70734 2.9739351
70835 3.4991627
70935 3.6301346
71036 3.127695
71135 1.6255517
71235 0.26367807
71336 -0.8011966
71435 -1.4221215
71536 -1.7215779
71637 -1.8507342
71736 -1.7953484
71836 -1.4209003
71936 -0.63664246
72037 0.20440197
72136 0.92629766
72237 1.6820045
72337 2.127143
72438 2.3770037
72538 2.5806413
72638 2.7258787
72737 2.7778807
72838 2.693686
72938 1.5485511
73038 -0.43767834
73139 -2.1500168
73239 -2.9385905
73339 -3.0649867
73422 -2.9609704
73522 -2.5737183
73622 -1.8308899
73722 -0.85811996
73822 0.1538248
73922 1.1036267
74022 1.8722725
74123 2.509797
74440 3.3059149
74541 3.153923
74641 2.260869
