68 2.0459814
168 1.0757031
268 0.21539497
368 -0.6448431
468 -1.2603793
772 -2.2197974
872 -2.0118601
972 -1.4817414
1072 -0.4707222
1172 0.4989791
1272 1.4865351
1372 2.1858506
1472 2.8902388
1572 3.3039598
1672 3.4381742
1772 3.46883
1872 3.1364298
1972 2.2787333
2072 1.1163149
2172 0.08362341
2272 -0.8562994
2372 -1.5612907
2472 -2.0993638
2572 -2.4049542
2672 -2.6348019
2771 -2.7001805
2872 -2.563435
2972 -1.5532086
3072 -0.3108282
3172 0.5973072
3271 1.4818101
3372 2.233284
3472 3.05616
3572 3.0656033
3672 3.0103474
3771 2.7948618
3872 2.0901895
3972 0.9493952
4072 0.1181612
4172 -0.66299725
4272 -1.5063751
4372 -2.1439998
4472 -2.6310883
4572 -2.6249843
4672 -2.279468
4772 -1.4045556
4872 -0.048957825
4972 0.93224
5072 2.0400329
5172 2.8903108
5272 3.361824
5372 3.6393642
5472 3.7008333
5572 3.4894428
5672 2.719635
5772 1.5463057
5872 0.36995363
5972 -0.6525345
6072 -1.4194851
6172 -1.9988341
6272 -2.639852
6372 -2.6856418
6472 -2.6246133
6572 -2.0393462
6672 -0.9742322
6772 0.04897213
6872 1.0954542
6972 2.2378511
7072 2.8854728
7172 3.4357548
7272 3.5672083
7372 3.5586758
7472 3.1120777
7572 1.55551
7672 0.2184062
7772 -1.2000637
7872 -2.2084718
7973 -2.9093058
8072 -3.13818
8172 -3.2333548
8272 -3.0395818
8372 -2.308763
8472 -1.1389942
8573 0.14745617
8672 1.4313889
8772 2.4608927
8872 3.2714777
8972 3.7008657
9072 4.0087194
9172 3.953249
9272 3.1486797
9372 1.9451623
9472 0.7313814
9572 -0.5034423
9672 -1.5805182
9772 -2.1027417
9872 -2.1760352
9972 -2.1711211
10072 -1.789336
10172 -0.6538973
10272 0.18325615
10372 1.1426373
10472 2.112319
10572 3.1457748
10672 3.6628914
10772 3.7831793
10872 3.6305113
10972 2.7327476
11072 1.7021208
11172 0.44473553
11272 -0.60679674
11372 -1.3811238
11472 -2.0200963
11572 -2.4643266
11672 -2.6065402
11772 -2.607473
11872 -2.3253636
11972 -1.4583485
12072 -0.5798006
12172 0.49042034
12272 1.4488306
12372 2.2566214
12472 2.9144258
12572 3.2530823
12672 3.4416304
12772 3.2329817
12872 2.2769966
12972 1.0125551
13072 -0.08419132
13172 -1.1506565
13272 -1.9005809
13371 -2.3324122
13472 -2.832734
13572 -2.9865036
13672 -2.698357
13772 -1.8094344
13872 -0.4991541
13972 0.6468868
14072 1.8878489
14172 2.9010758
14272 3.5898209
14372 3.9006166
14472 3.8778734
14572 3.2346325
14672 2.0227342
14772 0.7648115
14872 -0.3141222
14972 -1.4895172
15072 -2.1058009
15172 -2.384156
15272 -2.495595
15372 -2.5159817
15472 -2.2279823
15572 -1.1786346
15672 -0.062447548
15772 0.91046
15872 1.6622038
15972 2.2248063
16072 2.686377
16172 2.9393778
16272 3.004716
16372 2.925479
16472 2.30161
16572 1.1721029
16672 -0.22738743
16772 -0.92585707
16872 -1.4536331
16972 -1.9213645
17072 -2.235355
17172 -2.238513
17272 -1.9960625
17372 -1.3238461
17472 -0.16229153
17572 0.7982125
17672 1.609735
17772 2.2110214
17872 2.7296853
17972 3.1397686
18072 3.2189531
18172 3.2164888
18272 2.889432
18372 1.810247
18472 0.5648422
18572 -0.32879066
18672 -1.1775222
18772 -1.7247643
18872 -2.1913254
18972 -2.3154254
19072 -2.3891158
19172 -2.3997355
19272 -2.2376144
19372 -1.6726284
19472 -0.5851288
19572 0.42526913
19672 1.3342834
19772 2.0248346
19872 2.5872397
19972 2.8967528
20072 3.0853662
20172 3.206788
20272 3.2091312
20372 2.875856
20472 1.9818754
20572 0.78133297
20672 -0.40539646
20772 -1.2893453
20872 -1.7984924
20972 -2.299718
21072 -2.3866315
21172 -2.4955468
21272 -2.4481022
21372 -2.14404
21472 -1.4040818
21572 -0.26154995
21672 0.7799578
21772 1.71626
21872 2.4852195
21972 3.1857157
22072 3.4248037
22172 3.5438805
22272 3.5826225
22372 3.610323
22472 3.4231968
22572 2.4132223
22672 1.1908731
22772 0.070323944
22872 -0.8724737
22972 -1.6116633
23072 -2.0457172
23172 -2.3798413
23272 -2.675878
23372 -2.784657
23472 -2.6744628
23572 -2.0614715
23672 -0.8349452
23772 -0.16645098
23872 1.1230679
23972 1.8838487
24072 2.4779272
24172 2.8538666
24272 3.0639477
24372 3.1131783
24472 3.1067638
24572 3.0047693
24672 2.383943
24772 1.4633355
24872 0.485435
24972 -0.5043211
25277 -2.3112082
25377 -2.476885
25477 -2.4991004
25577 -2.49926
25677 -2.4697928
25777 -1.7114518
25877 -0.9756117
25977 0.71563816
26077 1.5803132
26177 2.3394494
26277 2.724431
26377 3.0118494
26477 3.1035824
26577 3.1047888
26677 3.0312176
26777 2.6001258
26877 1.5377135
26977 0.4361534
27077 -0.4745741
27177 -1.3545902
27277 -1.8375571
27377 -2.0276732
27477 -2.200568
27577 -2.2976334
27677 -2.3799884
27777 -2.352209
27877 -1.9038284
27977 -0.7854738
28077 0.0915122
28177 1.1790795
28277 1.9267974
28377 2.3936577
28477 2.6705766
28577 2.8166666
28677 2.9205413
28777 2.9474897
28877 2.9312463
28977 2.7518377
29077 2.1665316
29177 1.0089469
29277 0.33372402
29377 -0.99812937
29477 -1.6376624
29577 -2.7963712
29677 -3.1271787
29777 -3.3402731
29877 -3.295028
29977 -3.0497303
30077 -2.1709554
30177 -0.013034821
30277 0.867404
30377 1.7250099
30477 2.2505121
30577 2.8024712
30677 3.1224566
30777 3.2015896
30877 3.2142162
30977 3.1735973
31077 2.883307
31177 2.175723
31277 0.9943552
31377 0.0299263
31477 -0.75266075
31577 -1.2066467
31677 -1.6793423
31777 -1.9807746
31877 -2.275636
31977 -2.376679
32077 -2.3910644
32177 -2.3083994
32277 -1.6227603
32377 -0.555604
32477 0.094836235
32577 1.0205221
32677 1.7216005
32777 2.2614594
32877 2.6200957
32977 2.771553
33077 2.9312348
33177 2.9453993
33277 2.7441978
33377 1.9911985
33477 1.0696592
33577 0.11601877
33677 -0.68632984
33777 -1.2233493
33877 -1.6282089
33977 -1.8114727
34077 -1.8877888
34177 -1.9197321
34277 -1.8662086
34377 -1.3636215
34477 -0.31705618
34577 0.56947994
34677 1.2846012
34777 1.8843994
34877 2.3706446
34977 2.8771582
35077 3.0137339
35177 3.180091
35277 3.2200928
35377 3.2150965
35477 2.8433623
35577 2.236165
35677 1.2005148
35777 0.21764469
35877 -0.852016
35977 -1.5526192
36077 -1.9845777
36177 -2.2296057
36277 -2.4040723
36377 -2.4585204
36477 -2.4320412
36577 -1.9139047
36677 -0.81346893
36777 0.21746159
36877 1.2090831
36977 2.0756278
37077 2.6503167
37177 3.065546
37277 3.200304
37377 3.125393
37477 2.9186125
37577 2.67519
37677 1.9091086
37777 1.0240288
37877 -0.015174866
37977 -0.96639013
38077 -1.6027043
38177 -1.9186683
38277 -2.060197
38377 -2.1104898
38477 -2.077579
38577 -1.4270451
38677 -0.3083477
38777 0.71481514
38877 1.6143174
38977 2.3587446
39077 2.8858309
39177 3.1368952
39277 3.2015324
39377 3.2148895
39477 3.2150364
39577 3.1771507
39677 2.6855025
39777 1.6134782
39877 0.56661415
39977 -0.43996525
40077 -1.2972884
40177 -1.94035
40277 -2.337744
40378 -2.5635712
40477 -2.5348802
40577 -2.3273711
40677 -2.0063214
40777 -1.1976452
40877 -0.18875217
40977 0.6937885
41077 1.2753506
41177 1.7550073
41277 1.8168678
41377 2.2919793
41477 2.4797072
41577 2.5996108
41677 2.6433015
41777 2.6488218
41877 2.5972533
41977 2.09264
42077 1.0137525
42177 0.1698451
42277 -0.4309106
42377 -1.2379818
42477 -1.536417
42577 -1.9261451
42677 -2.1559634
42777 -2.2406561
42877 -2.240776
42977 -2.051996
43077 -1.3947797
43177 -0.233603
43277 0.53607464
43377 1.3404994
43477 1.8807502
43577 2.1833868
43677 2.3903785
43777 2.4967628
43877 2.5387907
43977 2.4723878
44077 1.5811439
44177 0.39966917
44277 -0.45630884
44377 -1.0069053
44477 -1.4457798
44577 -1.7239399
44677 -1.8440814
44777 -1.8925729
44877 -1.8852918
44977 -1.6281266
45077 -0.5895233
45177 0.41864157
45277 1.2059245
45377 1.811059
45477 2.1748939
45577 2.415946
45677 2.5007806
45777 2.5825014
45877 2.6828294
45977 2.657113
46077 2.276445
46177 1.1913323
46277 0.14290905
46377 -0.84238386
46477 -1.5453773
46577 -2.0452886
46677 -2.4404516
46777 -2.5032048
46877 -2.3749328
46977 -1.7609811
47077 -0.8360977
47177 -0.09539318
47277 0.9816351
47377 1.6469855
47477 2.1680746
47781 2.6304703
47881 2.3898125
47981 1.6836767
48081 0.92307806
48181 0.06280661
48281 -0.74891376
48381 -1.4228756
48481 -1.7084267
48581 -1.7799354
48681 -1.7132308
48781 -1.4891067
48881 -0.65058994
48981 0.23359108
49081 0.95462036
49181 1.7642059
49281 2.4665337
49381 3.011694
49481 3.2622623
49581 3.339755
49681 3.2305603
49781 2.4966087
49881 1.5741091
49981 0.5242996
50081 -0.3052516
50181 -0.81890917
50281 -1.3059173
50381 -1.5877349
50481 -1.6974862
50581 -1.8765337
50681 -1.8694148
50781 -1.4729466
50881 -0.25781012
50981 0.8458986
51082 1.8603959
51181 2.3248167
51281 2.8510566
51381 2.9436836
51481 2.9025927
51581 2.5270448
51681 1.8639898
51781 0.8824849
51881 -0.07289791
51981 -0.68200254
52081 -1.2989185
52181 -1.6298027
52281 -1.7592354
52381 -1.681191
52481 -1.2167301
52581 -0.48160648
52681 0.4244814
52781 1.2300978
52881 1.9963312
52981 2.590014
53081 3.1036854
53181 3.2992535
53281 3.304346
53381 2.6271706
53481 1.3972387
53581 0.030427456
53681 -0.9575496
53781 -1.4074414
53881 -1.9849238
53981 -2.2378116
54081 -2.219781
54181 -1.8138318
54281 -1.0931716
54381 -0.108180046
54481 0.82288504
54581 1.8001089
54681 2.6488771
54781 3.2487078
54881 3.4642735
54981 3.523594
55081 3.4059296
55181 2.717978
55282 1.5592833
55381 0.12769699
55481 -1.0745475
55581 -1.909791
55681 -2.3083227
55781 -2.4847376
55881 -2.4524047
55981 -1.7621512
56081 -0.46285534
56181 0.7375612
56281 1.640439
56381 2.440802
56481 3.0976458
56581 3.430295
56681 3.5464306
56781 3.272255
56881 2.3517456
56981 1.4067392
57081 0.37355614
57181 -0.54248905
57281 -1.3274798
57381 -1.7958026
57481 -1.9649272
57581 -1.9965162
57681 -1.8553708
57781 -1.1334453
57881 -0.17515373
57981 1.0001135
58081 1.9133682
58181 2.5872164
58281 2.9851465
58381 3.1312046
58481 2.8244004
58581 2.1797624
58681 1.3452001
58781 0.14042091
58881 -0.8038192
58981 -1.514133
59081 -2.0067708
59181 -2.1351078
59281 -2.1683288
59381 -2.0890584
59481 -1.697715
59581 -0.68542147
59681 0.5037236
59781 1.3289738
59881 2.086113
59981 2.7152185
60081 3.0101795
60181 3.074624
60281 3.0418186
60381 2.795785
60481 1.9607711
60581 0.6345644
60681 -0.5848365
60781 -1.3858845
60881 -1.846039
60981 -2.2082958
61081 -2.2354212
61181 -2.153562
61281 -1.8775856
61381 -0.815753
61481 0.340806
61581 1.2671323
61680 2.0397606
61781 2.5817018
61881 2.9983888
61981 3.2347584
62081 3.2136889
62181 2.7382073
62281 1.5715933
62381 0.3066368
62481 -0.80504847
62581 -1.6878147
62681 -2.1983225
62781 -2.552709
62881 -2.6516504
62981 -2.4657264
63081 -1.5598705
63181 -0.3916793
63281 0.8877435
63381 1.6636643
63481 2.2932787
63581 2.5337343
63681 2.489604
63781 1.9266486
63881 0.99263096
63981 -0.43281937
64081 -1.4810741
64181 -2.1404812
64281 -2.4370093
64381 -2.7262926
64481 -2.6355
64581 -1.7015724
64681 -0.42094326
64781 0.7157583
64881 1.5839539
64981 2.4932122
65081 2.9927154
65181 3.1737394
65281 3.0681953
65381 2.6609163
65481 1.8837013
65581 0.694705
65681 -0.31910276
65781 -1.021349
65881 -1.6993637
65981 -1.9365895
66081 -2.0204613
66181 -1.9841607
66281 -1.4836648
66381 -0.15910625
66481 1.2485514
66581 2.1769981
66681 2.999649
66781 3.4444466
66881 3.6269426
66981 3.5799408
67081 2.9702554
67181 1.9611502
67281 0.9972887
67381 -0.18319416
67481 -1.032819
67581 -1.7303283
67681 -2.119578
67781 -2.296002
67881 -2.2289145
67981 -1.7075768
68081 -0.13716364
68181 1.0523424
68281 2.1983604
68381 2.791253
68481 2.9960914
68581 2.9382772
68681 2.5068192
68781 1.5349245
68881 0.44175625
68981 -0.6898608
69081 -1.5483544
69181 -2.254767
69281 -2.605681
69381 -2.6062205
69481 -2.4463303
69581 -2.0039248
69681 -0.8214655
69781 0.383821
69881 1.5551009
69981 2.254449
70081 2.8739686
70181 3.0679188
70281 3.0530891
70381 2.4367208
70481 0.96760654
70581 -0.5324049
70681 -1.5907714
70781 -2.2488227
70881 0.0
70981 0.0
71081 -3.8040125
71181 -2.391962
71281 -1.1824927
71381 0.08291769
71481 1.5950675
71581 2.4245005
71681 2.8522315
71781 3.0253534
71881 2.9799395
71981 2.4496675
72081 1.1300731
72181 -0.20670271
72281 -1.1629024
72381 -2.10572
72481 -2.613504
72581 -2.7998695
72681 -2.8137538
72781 -2.6628137
72881 -1.0915077
72981 0.1894064
73081 1.2467785
73181 2.0535493
73281 2.865406
73381 3.3018017
73481 3.4692888
73581 3.4794912
73681 3.2065048
73781 2.1928816
73881 0.7328901
73981 -0.857378
74081 -1.973988
74181 -2.7339177
74281 -3.1441107
74381 -3.8594313
74481 -3.3754663
74581 -2.613935
74681 -1.1019092
74781 0.09340286
74881 1.1876783
74981 2.2470336
