12 2.692968
113 3.3952084
215 3.7801495
313 3.6453094
414 2.7989602
514 1.2286167
614 -0.3129692
715 -2.0222583
814 -3.575238
914 -4.848203
1014 -5.0
1115 -5.0
1215 -4.9193296
1316 -3.4976737
1415 -1.7181678
1516 5.1021576E-4
1616 1.335197
1716 2.3471003
1816 2.7621422
1916 2.3802528
2016 1.6690469
2117 0.5154066
2216 -0.6982026
2317 -1.9243531
2418 -3.392774
2517 -4.5232344
2618 -4.9757338
2717 -4.8887095
2817 -4.377633
2918 -3.0990534
3017 -1.5958123
3118 -0.03581524
3218 0.9682603
3320 1.8876276
3418 2.4255815
3519 2.4687347
3619 2.2176042
3720 1.5033889
3803 0.54552555
3920 -0.9221506
4020 -2.395506
4120 -3.7986965
4204 -4.771487
4303 -5.0
4406 -4.997921
4503 -4.050798
4604 -2.608224
4704 -1.188734
4804 -0.048241615
4904 1.1774435
5005 2.1835885
5105 2.8428283
5205 3.010601
5306 3.0425262
5405 2.8529778
5506 2.0420637
5605 0.86941385
5706 -0.5381117
5806 -1.7904382
5906 -3.0656805
6007 -3.8881805
6106 -4.1848245
6207 -3.76854
6307 -2.9782767
6408 -1.106406
6507 0.27334213
6608 1.745122
6708 3.022542
6808 3.4134312
6907 3.400446
7007 3.03934
7109 2.2596426
7208 1.3343477
7309 0.013682842
7408 -1.1083913
7510 -2.5607493
7609 -3.6881387
8928 1.1334534
9028 -0.46682978
9128 -2.0675292
9228 -3.7461271
9329 -4.896654
9428 -5.0
9530 -4.5045385
9629 -3.118321
9729 -1.5324943
9829 -0.29805994
9929 0.72002935
10029 1.6029868
10130 2.2467356
10230 2.702981
10330 2.8579798
10432 2.6687646
10531 1.5312605
10631 0.15495777
10731 -1.3495662
10831 -2.8498259
10931 -4.2259974
11031 -5.0
11131 -5.0
11231 -5.0
11333 -4.5818825
11433 -3.0604653
11533 -1.5808349
11632 0.047669888
11732 1.241652
11833 2.183885
11933 2.7169967
12033 2.9320612
12133 2.8078203
12233 2.0567298
12333 0.88291883
12434 -0.569293
12534 -2.0057988
12634 -3.2309952
12734 -4.28189
12833 -4.8912168
12934 -5.0
13034 -5.0
13135 -4.666019
13235 -3.6175165
13336 -2.243729
13436 -0.6948252
13535 0.639482
13635 1.8816557
13736 2.596592
13836 2.9511976
13936 2.9295716
14036 2.525805
14136 1.7332702
14236 0.5266838
14336 -0.6695576
14438 -1.9763386
14536 -3.2160134
14638 -4.3571925
14737 -4.8942213
14838 -4.915648
14937 -4.4104786
15038 -3.017163
15138 -1.4582527
15238 -0.15210056
15322 0.8226099
15422 1.8038192
15523 2.4499884
15622 2.892562
15723 2.9709573
15823 2.8517084
15939 2.263771
16024 1.4462252
16140 0.21951246
16225 -0.79996586
16324 -1.8313894
16423 -3.0607705
16524 -4.088444
16625 -4.692567
16724 -5.0
16824 -5.0
16924 -5.0
17025 -4.851024
17125 -3.9133263
17225 -2.8044968
17326 -1.5430131
17425 -0.3474245
17526 0.72953415
17625 1.6333961
17726 2.234542
17826 2.681797
17926 2.8005776
18029 2.7951164
18127 2.528586
18226 1.6523538
18326 0.6491585
18428 -0.6201658
18528 -1.6676717
18627 -2.7476768
18727 -3.6069665
18828 -4.170101
18927 -4.4955606
19028 -4.5091047
19129 -4.324472
19228 -3.8675866
19330 -3.0469086
19428 -2.0733657
19529 -0.9173045
19629 0.22852182
19729 1.3260574
19829 2.267868
19929 2.8622398
20029 3.195508
20129 3.2917347
20231 3.2174664
20330 2.8810143
20430 2.0054617
20531 0.95559883
20631 -0.16180706
20730 -1.3818295
20831 -2.3074327
20931 -3.1074476
21030 -3.5325968
21131 -3.6813774
21231 -3.6772857
21332 -3.5427923
21432 -3.0331628
21532 -2.0691352
21633 -0.76697826
21732 0.42203236
21831 1.5451202
21932 2.28547
22034 2.928875
22132 3.3109894
22235 3.4967299
22333 3.49376
22434 3.2710495
22534 2.588285
22633 1.510128
22734 0.101872444
22834 -1.1032395
22934 -2.2447047
23034 -3.0758595
23137 -3.5455832
23234 -3.633485
23336 -3.6342
23434 -3.5018954
23536 -2.940627
23635 -1.7894254
23735 -0.46578312
23835 0.84084606
23936 1.7865019
24035 2.4696288
24135 2.8711739
24236 3.119379
24337 3.1829891
24438 3.1348438
24537 2.8052483
24637 2.125979
24737 1.181241
24837 0.26641226
24937 -0.69076204
25037 -1.689064
25139 -2.6567845
25238 -3.1526573
25339 -3.33122
25438 -3.3211846
25540 -3.1237245
25638 -2.4867694
25739 -1.6218853
25839 -0.5828519
25939 0.322433
26042 1.2029648
26139 1.8179235
26239 2.2951517
26339 2.596312
26439 2.751668
26540 2.7655
26640 2.7404618
26741 2.4495378
26840 1.5499892
26940 0.3386774
27041 -0.863307
27127 -1.8781745
27241 -3.075031
27325 -3.7502463
27426 -4.080468
27743 -2.6635544
27842 -1.2893963
27943 -0.11205864
28043 0.8459325
28143 1.4528861
28245 1.9678183
28342 2.3411546
28443 2.7208343
28543 2.9855194
28644 3.1309757
28744 3.1650982
28844 3.0997133
28944 2.6525702
29044 1.8199282
29144 0.69029284
29245 -0.24333668
29344 -1.2982242
29445 -2.1790092
29547 -3.0223083
29645 -3.354776
29746 -3.3949695
29846 -3.1025949
29946 -2.1525035
30046 -1.0270138
30145 0.026841164
30247 0.8178911
30346 1.4271917
30447 1.988565
30547 2.5285735
30647 2.955925
30747 3.2258224
30847 3.3145428
30947 3.3012228
31047 3.14509
31149 2.6231399
31247 1.6870942
31347 0.6452613
31448 -0.19616699
31549 -1.1036842
31648 -1.9566875
31748 -2.4948373
31849 -2.699947
31948 -2.671411
32049 -2.368566
32149 -1.6574581
32251 -0.67226887
32349 0.32894897
32450 1.2805152
32550 2.129125
32650 2.7595835
32750 3.2174854
32850 3.4824162
32950 3.5977917
33051 3.6099548
33151 3.51725
33252 3.103176
33352 2.3401542
33451 1.2586975
33551 -0.09204197
33652 -1.1724446
33752 -2.0267735
33852 -2.6967888
33952 -2.9959388
34052 -3.0632007
34153 -2.9339192
34254 -2.5525212
34353 -1.999937
34453 -1.0726638
34553 0.01325798
34653 0.96926785
34754 1.9945245
34853 2.770687
34953 3.379528
35054 3.6754713
35154 3.8371143
35254 3.8798075
35355 3.8439121
35455 3.689374
35555 3.3511744
35655 2.6532526
35755 1.7997208
35856 0.7888074
35956 -0.07102156
36042 -0.78907824
36140 -1.5628848
36241 -2.3414807
36339 -2.83536
36441 -3.0618806
36539 -3.1072545
36640 -3.084275
36740 -2.9800086
36857 -2.1816816
36941 -1.2404137
37057 -0.11024809
37142 0.73114395
37241 1.6430407
37343 2.5299902
37442 3.1601515
37544 3.436882
37641 3.524334
37742 3.5123682
37841 3.4138012
37942 3.184372
38045 2.6105165
38143 1.8767648
38243 0.67725277
38343 -0.49742413
38444 -1.7397468
38543 -2.920672
38644 -3.534958
38744 -3.7351427
38844 -3.48171
38944 -2.5838501
39044 -1.1579762
39145 0.23636389
39245 1.3699841
39344 2.2057724
39445 2.8637795
39545 3.2966394
39645 3.708147
39745 3.879939
39845 3.8454094
39945 3.4937534
40045 2.6087747
40145 1.6181221
40246 0.36984348
40347 -0.8339739
40446 -1.8033013
40547 -2.9148116
40647 -3.5448396
40747 -3.7403164
40847 -3.615269
40947 -3.0634866
41048 -2.187028
41147 -1.1726105
41247 -0.177804
41347 0.8394575
41448 1.8985763
41548 2.6667852
41648 3.3414516
41748 3.5479298
41848 3.6053143
41948 3.565874
42050 3.4412699
42148 3.1296606
42250 2.3354545
42349 1.2526107
42450 -0.09885311
42550 -1.2636724
42650 -2.2535455
42749 -3.081391
42851 -3.4715664
42951 -3.5903194
43050 -3.4294968
43152 -2.9058611
43251 -1.9479835
43353 -0.84605837
43451 0.17318392
43552 1.1445684
43651 2.0305052
43751 2.5980997
43851 2.9346094
43952 2.9987373
44054 3.0184536
44152 2.967595
44253 2.7952242
44353 2.3980455
44453 1.5526075
44553 -0.010679245
44654 -1.2934666
44753 -2.474566
44854 -3.071036
44956 -3.1512442
45055 -2.7479606
45155 -2.0580642
45255 -1.1342874
45354 -0.26981068
45455 0.62023926
45555 1.4043627
45654 2.2333398
45755 2.8446937
45840 3.2769194
45955 3.5522232
46039 3.6012363
46139 3.5230007
46239 3.01865
46339 2.008359
46440 0.68963766
46539 -0.7170539
46640 -1.8375037
46740 -2.9277759
46840 -3.6100354
46941 -3.9178011
47040 -3.8136883
47142 -3.1422682
47241 -1.9979932
47342 -0.5244713
47442 0.749352
47542 1.6285362
47642 2.4021025
47742 2.8660011
47845 3.3556118
47942 3.4900599
48043 3.2387743
48143 2.9304047
48244 2.8622236
48343 2.026989
48443 0.27204275
48544 -0.48215532
48644 -0.9659505
48743 -0.97801685
48844 -0.25608778
48945 1.0278692
49044 2.1334677
49144 3.072916
49244 3.5581627
49345 3.715536
49445 3.6335201
49545 3.0245323
49644 1.7446709
49744 0.43058634
49845 -0.86644506
49945 -1.7992325
50046 -2.3622096
50146 -2.5065734
50246 -2.4478605
50346 -2.0231447
50446 -1.1721377
50546 -0.023825169
50647 0.9364042
50749 1.8210945
50847 2.4661078
50949 2.9485717
51047 3.0678205
51149 3.046935
51248 2.6738806
51348 1.8702188
51448 0.92161083
51549 -0.0823493
51648 -1.0505986
51748 -1.8859911
51849 -2.539819
51949 -2.780367
52050 -2.7743404
52150 -2.4259524
52249 -1.7597356
52349 -0.72322464
52449 0.31374836
52549 1.4420547
52650 2.3257446
52750 3.0756311
52850 3.377554
52951 3.441574
53051 3.2522917
53151 2.7062235
53251 1.7330642
53351 0.6732969
53451 -0.28357553
53551 -1.1196086
53652 -1.8538628
53751 -2.3303635
53851 -2.5828512
53952 -2.6161985
54053 -2.4330277
54152 -1.7011364
54253 -0.50388813
54353 0.5477185
54453 1.5479021
54553 2.5026464
54653 3.073104
54753 3.3874254
54853 3.4125862
54954 3.0928097
55054 2.3675356
55154 1.2340784
55254 -0.056176186
55354 -1.0726562
55454 -2.0004451
55555 -2.5864646
55655 -2.8680663
55755 -2.9359546
55855 -2.8853388
55956 -2.4754977
56057 -1.5358272
56156 -0.47806406
56256 0.28302288
56356 1.0247297
56439 1.4570708
56556 2.3361678
56657 2.970037
56741 3.4071865
56840 3.7101526
56941 3.8202782
57041 3.7043495
57141 3.1650276
57240 2.0194855
57341 0.7991624
57441 -0.42334223
57541 -1.3726134
57641 -2.3662724
57741 -2.7674432
57843 -2.787326
57941 -2.3513825
58043 -1.04301
58142 0.37967157
58243 1.8399673
58343 3.0712423
58444 4.050087
58542 4.607832
58643 4.6577444
58743 4.078512
58843 2.9137077
58944 1.3792334
59045 -0.102549076
59144 -1.1592491
59244 -2.0551515
59344 -2.5237765
59444 -2.6194801
59544 -2.4588664
59645 -1.6368251
59745 -0.6178441
59846 0.6696873
59946 1.6823106
60046 2.6329522
60146 3.3160915
60246 3.710658
60346 3.7927265
60446 3.5903282
60546 2.874714
60647 1.754827
60746 0.78664684
60847 0.04066181
60948 -0.92523146
61046 -1.6625309
61147 -2.2516408
61247 -2.541028
61348 -2.599685
61447 -2.3406882
61547 -1.4671636
61648 -0.13444662
61748 1.017066
61848 2.1998038
61949 2.9577093
62049 3.6442661
62149 3.8875446
62249 3.76412
62349 3.125084
62450 1.9700675
62549 0.5884819
62650 -0.58800745
62750 -1.6815307
62851 -2.4307246
62951 -2.601615
63050 -2.5288
63151 -1.9694276
63250 -1.1169038
63351 -0.06238079
63450 1.1837282
63552 2.3933668
63653 3.461893
63752 4.015254
63853 4.069025
63952 3.4867563
64052 2.1604147
64152 0.82434845
64252 -0.7792239
64352 -2.0246394
64453 -2.8397434
64553 -3.271007
64653 -3.2988844
64755 -2.8629737
64853 -2.0017247
64954 -0.83056164
65054 0.552897
65154 1.7155123
65253 2.7074661
65355 3.5713634
65454 3.968996
65555 4.0018606
65655 3.5533237
65755 2.6673622
65855 1.2321825
65955 -0.19517612
66056 -1.4706225
66155 -2.6136441
66256 -3.1467345
66355 -3.2667603
66456 -3.0902689
66555 -2.5133429
66656 -1.6362731
66757 -0.42933655
66856 0.7518015
66957 2.0172677
67057 3.1019058
67157 3.813551
67257 4.135338
67357 4.120475
67458 3.842904
67559 2.7478127
67642 1.4939666
67742 0.030983925
67841 -1.50162
67941 -2.8355734
68043 -3.6384883
68142 -3.6579173
68242 -3.0567365
68342 -1.8154998
68442 -0.6724858
68543 0.4943571
68643 1.4622374
68744 2.536467
68843 3.38937
68943 4.0121136
69044 4.145693
69144 3.8056164
69244 2.7913513
69578 -2.1905406
69662 -3.058237
69778 -4.000206
69862 -4.1096897
69963 -3.6542895
70062 -2.5925457
70379 1.7395706
70479 2.7298574
70579 3.5456114
70679 3.942603
70780 4.1626053
70880 3.954053
70981 3.4299078
71080 2.5241814
71181 1.3354716
71280 0.16351604
71381 -1.1312089
71481 -2.3172054
71581 -2.8785472
71681 -2.9749815
71781 -2.6620886
71884 -1.8676476
71982 -1.0058179
72084 0.45207882
72183 1.6688142
72282 2.5197077
72383 3.1345472
72483 3.3626728
72582 3.274744
72683 2.879696
72783 2.043634
72883 1.1839771
72984 0.03989315
73083 -1.1439004
73184 -2.3948035
73284 -3.1577854
73384 -3.4587424
73484 -3.3312345
73585 -2.8460827
73684 -2.031661
73785 -0.94187975
73887 0.33184052
73986 1.4620085
74085 2.5893507
74185 3.2087202
74286 3.52392
74386 3.5031815
74486 3.2138844
74586 2.5029616
74686 1.6222153
74786 0.5770235
74886 -0.42950487
74988 -1.5349667
