91 -0.8800497
192 -0.07795954
292 0.94953823
392 1.334979
492 1.8848104
592 2.1266007
692 2.127665
792 1.4969244
892 -0.092330456
993 -1.453057
1093 -2.3809123
1193 -2.4936147
1294 -2.4209702
1393 -2.2492738
1493 -1.9863563
1594 -1.4390826
1694 -0.40985584
1794 0.71999454
1894 1.531415
1994 2.2089677
2095 2.555903
2194 2.6753473
2295 2.64364
2395 2.01819
2495 0.40607738
2595 -0.8548322
2695 -2.281918
2795 -2.6398168
2896 -2.838319
2996 -2.8487093
3096 -2.6515467
3196 -1.9518905
3296 -0.88519573
3396 0.29350042
3497 1.0468502
3596 1.6179819
3697 1.9265242
3797 2.081164
3897 2.1173754
3997 2.0739646
4098 1.018806
4198 -0.76729774
4298 -1.8649173
4398 -2.3770905
4498 -2.6666038
4598 -2.598127
4698 -2.0982678
4799 -1.7358501
4898 -1.0473163
4999 -0.31011343
5099 0.38896084
5200 1.3557935
5300 1.9787879
5399 2.406649
5500 2.5945597
5600 2.494451
5700 1.7705307
5800 0.29673338
5900 -0.6258559
6000 -1.487824
6101 -2.0041218
6201 -2.2315466
6301 -2.271975
6401 -2.2638295
6501 -2.0647228
6601 -0.6691885
6702 0.41956043
6802 1.3300176
6902 1.7601957
7002 2.2759652
7102 2.4500208
7203 2.49226
7302 2.3299127
7403 1.3813658
7503 -0.13485193
7603 -1.2493546
7703 -2.1545224
7803 -2.530176
7904 -2.6224685
8004 -2.6273692
8104 -2.5730233
8187 -2.4340763
8287 -2.0113864
8386 -1.0708625
8487 0.2756071
8587 1.3393126
8686 1.9257431
8787 2.3218803
8888 2.4667063
8989 2.5577383
9089 2.370328
9189 0.7840705
9289 -1.259418
9389 -2.7861426
9489 -3.1147752
9589 -3.4635785
9689 -3.0280633
9790 -2.7016523
9890 -1.8354897
9990 -0.4619236
10090 0.9595723
10190 2.008316
10290 2.6923685
10391 2.8754592
10491 2.9193754
10591 3.0394373
10691 2.1682997
10791 0.05641842
10891 -1.8829238
10992 -2.8102376
11092 -2.3480043
11192 -2.0744267
11292 -2.2677088
11392 -2.1269698
11492 -1.6603904
11592 -0.5369301
11693 0.3486147
11793 1.0181303
11893 1.5170059
11993 1.7702117
12093 1.9255524
12193 1.9262304
12293 1.580636
12394 0.15479183
12494 -1.3903623
12594 -2.4706836
12694 -3.500506
12794 -3.6185856
12894 -3.6948304
12994 -3.6239285
13095 -2.9185221
13195 -1.2381759
13295 0.1913929
13395 1.1516352
13496 1.7613425
13596 2.2820864
13696 2.4783897
13795 2.4865303
13896 2.2227354
13996 1.32446
14096 0.38640118
14196 -0.4583063
14296 -1.2651505
14397 -1.9311874
14497 -2.0201402
14598 -2.1333473
14697 -2.1347132
14797 -2.0663092
14898 -1.3222942
14998 -0.1899004
15098 0.7108307
15198 1.2716823
15298 1.6950693
15399 1.9838157
15498 2.018889
15599 1.8819551
15699 1.1916542
15799 -0.001499176
15899 -0.8949704
15999 -1.4968655
16099 -1.7041659
16199 -1.7505608
16300 -1.8134227
16400 -1.9100194
16500 -1.990694
16600 -2.0529294
16700 -2.0640817
16801 -2.019442
16901 -1.4920979
17001 -0.57871914
17101 0.40693474
17201 1.2596102
17301 1.8787165
17401 2.121602
17502 2.2964654
17602 2.3487792
17702 2.346315
17802 1.195168
17903 -0.19334793
18002 -1.0973301
18102 -1.5859418
18203 -1.9653723
18303 -2.088096
18403 -2.0967546
18503 -2.0987952
18604 -2.1141841
18703 -2.1301131
18804 -2.1351275
18887 -2.1353889
18987 -2.0834641
19087 -1.1626961
19187 0.35438967
19287 1.7044573
19387 2.4333253
19488 2.629406
19588 2.7685423
19905 2.711358
20006 2.6830873
20106 1.6951227
20206 -0.028894424
20306 -1.1028633
20406 -1.9689884
20507 -2.4660249
20607 -2.7709432
20707 -2.8413115
20807 -2.7900982
20907 -2.6395614
21007 -2.631777
21107 -2.626862
21207 -2.2930331
21307 -0.59501743
21408 1.0097857
21508 1.962121
21608 2.404334
22025 2.7680902
22126 2.748407
22226 2.47936
22326 1.0147686
22427 -0.33914852
22526 -1.5987868
22626 -2.277053
22726 -2.7058284
23110 -2.8875453
23210 -2.8054414
23310 -2.0456595
23411 -0.38172245
23511 0.8475065
23611 1.8648882
23978 2.8019042
24079 2.9257293
24179 3.0833225
24279 3.1336546
24379 3.1518478
24479 3.1271133
24579 2.2031403
24897 -1.1605911
24997 -1.7887416
25097 -2.1624968
25197 -2.3344665
25297 -2.5350032
25397 -2.7042513
25497 -2.737965
25598 -2.710702
25698 -2.5072598
25798 -0.85345364
25898 0.89106655
25998 2.1779976
26098 2.7547874
26199 3.0434055
26299 3.053444
26399 3.058463
26499 3.079279
26599 3.0872126
26699 3.0860481
26800 3.0094395
26900 1.242692
27000 -0.20512867
27317 -2.946812
27417 -2.9308658
27517 -2.9440475
27618 -2.9483192
27717 -2.9534636
27817 -2.9172325
27918 -1.7753525
28018 0.3910246
28118 1.4502692
28218 2.1639938
28318 2.4780488
28670 2.6680613
28769 2.6697798
28870 2.6637115
28970 1.0891275
29070 -0.39542246
29170 -1.6007907
29270 -2.3346238
29370 -2.4561896
29471 -2.6606474
29570 -2.7315395
29670 -2.74549
29771 -2.6386552
29871 -2.559833
29971 -2.1345747
30071 -0.55331707
30172 0.8182001
30272 1.7027488
30372 2.3918238
30472 3.19874
30572 3.3985996
30672 3.3881168
30772 3.3455753
30873 3.3360996
30972 3.3312979
31073 3.3288727
31173 2.9680128
31273 0.8208761
31373 -0.8082123
31473 -1.6772876
31574 -1.9444826
31673 -1.9518068
31774 -1.9399252
31874 -1.9366646
31974 -1.9200547
32074 -1.114444
32174 0.52315617
32275 1.7178106
32375 2.3481436
32475 2.7379403
32575 2.9194412
32675 3.00815
32776 3.0073986
32876 2.9197297
32976 2.2747269
33076 0.753376
33176 -0.22133541
33276 -1.1263664
33377 -1.6668174
33476 -1.8846488
33577 -1.9453139
33677 -2.0056224
33777 -2.1229377
33877 -2.333153
33977 -2.395535
34078 -2.358526
34445 1.9678254
34545 2.3111176
34645 2.6362815
34745 2.7948723
34845 2.872046
34946 2.9123511
35046 2.9225364
35363 -0.14276838
35463 -1.3942611
35563 -2.0348814
35663 -2.2130928
35764 -2.274109
35864 -2.281952
35963 -2.2798371
36064 -2.2618484
36164 -2.17413
36264 -1.8921313
36365 -0.30379486
36465 1.167624
36565 2.2900686
36665 2.9016252
36765 3.079113
36866 3.1166983
36965 3.1196356
37066 3.0613708
37166 2.4125986
37266 0.74492455
37366 -0.29718113
37466 -1.1080794
37566 -1.5046031
37667 -1.6628902
37767 -1.6917667
37867 -1.718596
37967 -1.7608719
38068 -1.7685909
38167 -1.7510769
38268 -0.45915127
38368 0.9775114
38468 1.7863021
38568 2.161654
38902 2.4381256
39002 2.45512
39102 2.452105
39202 2.027461
39302 0.95384836
39402 -0.06402159
39737 -2.2446923
39837 -2.4905915
39937 -2.6195607
40036 -2.632816
40137 -2.594082
40237 -2.3228347
40338 -1.2122474
40438 0.58813
40538 1.7469177
40621 2.279069
40721 2.681633
40821 2.9209137
40921 3.0038443
41020 2.7719698
41121 1.4051452
41221 0.28192616
41573 -1.2560005
41673 -1.6044822
41773 -1.8544362
41873 -2.0323186
41973 -2.0975463
42074 -2.0989573
42174 -2.054589
42274 -1.3268383
42691 2.5088196
42791 2.682032
42891 2.7384863
42992 2.79394
43091 2.8139892
43192 2.6401048
43292 1.4240494
43392 0.31906223
43492 -0.82763577
43593 -1.8368487
43943 -2.6151946
44043 -2.6361003
44143 -2.6756485
44243 -2.626878
44344 -1.26703
44443 0.37160873
44544 1.6727381
44644 2.19206
44744 2.4527664
44844 2.5225706
44944 2.508996
45045 2.4359121
45145 1.7809281
45245 -0.02773285
45345 -1.2173429
45445 -1.856503
45546 -2.0342565
45646 -2.0672412
45746 -2.1030235
45846 -2.1649895
45946 -2.1978383
46046 -2.168561
46146 -0.596189
46247 1.3053751
46330 2.359496
46430 2.5382323
46530 2.6780996
46630 2.6688528
46730 2.460318
46829 1.4173951
46929 -0.10873699
47031 -1.3173358
47131 -2.2120974
47232 -2.6262481
47332 -2.7522264
47432 -2.7429557
47532 -2.6906638
47632 -2.5202005
47732 -1.6159351
47832 -0.17654514
47933 1.3040128
48033 2.102725
48350 2.552476
48450 1.2920866
48550 -0.3697381
48650 -1.6738219
48750 -2.6480863
48851 -3.1151037
48951 -2.8560271
49051 -2.3025591
49151 -1.605938
49284 -0.44575357
49385 0.3190632
49485 0.8967867
49585 1.8908415
49685 2.5252914
49785 2.8127084
49886 2.5915718
49986 2.0623002
50086 1.1611929
50187 -0.63232136
50286 -2.616138
50386 -3.985649
50487 -4.349837
50587 -4.2189403
50687 -3.4426522
50787 -2.4208772
50887 -1.461633
50987 -0.5012965
51088 0.78591824
51187 2.2853117
51288 3.0289268
51622 2.2777963
51721 1.1832266
51822 -0.7253294
51923 -3.3891265
52022 -5.0
52123 -5.0
52223 -5.0
52323 -5.0
52423 -5.0
52524 -4.221037
52623 -2.1313868
52723 -0.3296666
52824 1.027873
52924 1.832334
53024 2.0687742
53124 2.027995
53224 1.7782135
53325 0.881515
53425 -0.7166052
53524 -2.3702404
53625 -3.333366
53725 -3.5194135
53825 -3.3131762
53925 -3.099429
54025 -2.8246331
54125 -2.0208905
54226 -0.7396407
54543 1.71808
54643 1.6059966
54743 1.4597154
54843 0.97837114
54943 -0.56898594
55044 -2.613335
55144 -3.847828
55244 -4.090228
55345 -3.869484
55444 -3.393466
55545 -2.6286826
55644 -1.4326305
55745 -0.28673363
55845 0.69758654
55945 1.2893987
56045 1.5504417
56145 1.7132254
56246 1.9681206
56346 1.9286499
56446 1.1291676
56546 -0.68666935
56646 -2.5988936
56746 -3.7409797
56846 -4.0100203
56947 -3.8749166
57047 -3.5272613
57147 -3.1181154
57247 -2.3861718
57347 -1.2042053
57447 0.074771404
57548 1.1693363
57631 1.8047571
57731 2.030439
57831 2.020545
57931 1.565496
58049 0.17755413
58131 -1.1291988
58231 -2.5078678
58332 -3.296706
58432 -3.448123
58532 -3.393887
58633 -3.0805995
58733 -2.4290144
58833 -1.3335979
58933 0.022738934
59033 1.1370935
59133 1.7734785
59233 2.0188103
59334 2.0462317
59434 1.8270736
59534 1.1716781
59634 -0.24700356
59734 -2.0548487
59835 -3.221836
59934 -3.5834045
60035 -3.4696956
60135 -3.1170554
60235 -2.6481667
60335 -1.5970535
60435 -0.20481014
60535 0.92649126
60635 1.8893509
60736 2.4459257
60836 2.5676537
60936 2.4185386
61036 1.8555741
61136 0.58838654
61454 -3.0066757
61554 -2.972875
61654 -2.601002
61755 -2.3136816
61854 -1.8557515
61954 -0.53863573
62054 0.6259918
62155 1.2482791
62255 1.8397508
62355 1.9746718
62455 1.8229346
62555 1.5763001
62656 1.1333013
62756 -0.061964035
62856 -1.5443451
62956 -2.9604561
63056 -3.7718225
63157 -3.8007627
63257 -3.5294507
63357 -2.6258008
63457 -1.3026872
63557 0.15977383
63657 1.0368547
63757 1.7129068
63857 2.149932
63957 2.3405852
64058 2.0338225
64158 0.6227312
64258 -0.5439744
64359 -1.8157916
64458 -2.6166463
64559 -2.8556142
64659 -2.776957
64758 -2.4324512
64859 -1.3258457
64959 0.22456074
65059 1.2445555
65160 1.5806794
65260 1.5338545
65360 1.1130438
65461 0.5758729
65561 -0.3688116
65660 -1.7838311
65760 -2.8159668
65860 -3.108518
65960 -3.123198
66061 -3.0320303
66161 -1.9516149
66261 -0.3829007
66361 0.99545956
66462 2.0573587
66562 2.7143388
66662 2.968183
66745 2.877678
66845 1.770114
66945 0.2008934
67045 -1.4592736
67145 -2.8470814
67245 -3.2100973
67346 -2.7943642
67446 -2.2830863
67547 -1.3897216
67647 -0.15568829
67747 1.0178757
67847 2.0260062
67947 2.6084342
68047 2.977769
68147 2.9316473
68248 1.7268195
68348 -0.11276913
68448 -1.743195
68548 -2.5428848
68648 -2.6710763
68748 -2.387442
68848 -1.5405288
68949 -0.11448145
69049 1.3336301
69149 2.3501878
69249 2.9271326
69349 2.9275985
69450 2.5884156
69550 1.9614267
69650 0.9936476
69750 -0.2758093
69850 -1.172528
69950 -1.644577
70050 -1.6713054
70151 -1.4660087
70251 -0.87541103
70351 0.44635868
70451 1.4472694
70551 2.1065378
70651 2.422872
70751 2.4982896
70852 2.4998345
70952 2.3016396
71052 0.98720264
71152 -0.6670308
71252 -1.959641
72287 2.2343874
72388 1.8576684
72487 1.095459
72588 -0.9715252
72688 -2.2103505
72788 -2.6752753
72888 -2.7237384
72988 -2.1508658
73088 -0.70581293
73189 0.84718704
73289 1.9229507
73389 2.4025526
73489 2.4815722
73590 2.4546175
73690 2.118061
73790 0.30316448
73890 -1.6795769
73990 -2.9138637
74090 -3.1621127
74190 -3.0285878
74291 -2.6791685
74390 -1.5298314
74491 -0.34168625
74591 0.7774892
74691 1.5827217
74791 2.1154823
74891 2.3356066
74991 2.393168
