16 2.0396538
116 1.6607132
216 1.1124516
316 0.71488905
416 0.38059235
517 -0.3351345
617 -1.0825944
717 -1.5061657
816 -1.6329684
917 -1.6519024
1018 -1.5948315
1118 -1.381244
1217 -1.0124893
1535 0.7710266
1635 0.90958786
1735 1.0686951
1835 1.218226
1935 1.2540083
2036 1.2524633
2136 1.0650444
2236 0.34567213
2336 -0.38544512
2437 -0.87327814
2537 -1.1330299
2637 -1.1851966
2736 -1.1932724
2836 -1.141583
2937 -0.8729296
3038 0.38529062
3138 1.1770649
3238 1.8171225
3338 2.3230133
3438 2.67274
3538 2.7089224
3639 2.436184
3739 2.0022354
3839 1.3580885
3939 0.44942427
4039 -0.38815594
4140 -1.1156967
4240 -1.5229008
4340 -1.743222
4440 -1.7622693
4539 -1.4627786
4640 -1.0383918
4740 -0.5703192
4841 -0.106122494
4941 0.43134165
5023 0.9559283
5123 1.5468392
5223 1.9454346
5323 2.0083094
5423 1.7688498
5523 1.0205069
5624 0.16817188
5725 -0.6373644
5826 -1.2296956
5926 -1.578273
6026 -1.6756883
6126 -1.5884366
6226 -1.230999
6326 -0.6970959
6426 -0.21652889
6526 0.35762691
6627 0.938776
6727 1.4937682
6827 1.8585687
6927 1.9513922
7027 1.453064
7128 0.5693617
7228 -0.25478506
7328 -0.76614475
7428 -1.0361919
7528 -1.084872
7628 -1.0484524
7728 -0.91048527
7829 -0.64445305
7929 -0.21613312
8029 0.39485407
8129 1.0196829
8229 1.5531363
8329 1.9785147
8429 2.082231
8530 1.8292198
8630 1.2935448
8730 0.47729158
8830 -0.33012867
8930 -0.9252224
9030 -1.4097095
9131 -1.5507774
9231 -1.4054828
9331 -0.956018
9431 -0.2991476
9531 0.2542143
9631 0.7076392
9731 1.0279984
9831 1.1851397
9932 1.1487412
10033 0.695487
10132 -0.11040783
10233 -0.7902255
10332 -1.2641251
10433 -1.4581428
10534 -1.4917507
10633 -1.3742223
10734 -1.0674255
10833 -0.5551033
10934 0.08132744
11033 0.7982011
11135 1.336751
11235 1.6173272
11335 1.5931678
11435 1.2185731
11535 0.58942556
11635 -0.13208246
11736 -0.75712204
11836 -1.1825364
11936 -1.3810723
12036 -1.4031551
12136 -1.3436005
12236 -1.1626549
12337 -0.64515066
12437 -0.13484287
12536 0.29316187
12636 0.5963602
12737 1.0457315
12837 1.2046075
12937 1.2052622
13037 0.9616704
13138 0.34019375
13238 -0.22894478
13338 -0.60431814
13438 -0.81153536
13538 -0.7787242
13639 -0.49481058
13739 -0.25121784
13838 -0.0868268
13939 0.31891108
14039 0.8893895
14140 1.3638849
14239 1.4317398
14340 1.2790499
14439 1.1836748
14540 1.1461115
14639 1.0542135
14740 0.6054826
14841 -0.05377865
14941 -0.5337801
15023 -0.8863945
15141 -1.0978463
15223 -1.1169841
15323 -1.0486596
15423 -0.7836957
15523 -0.38726187
15624 0.33716297
15725 1.1453133
15825 1.6718111
15926 1.8772278
16026 1.6892343
16126 0.5043907
16226 -0.31241894
16326 -0.9838896
16426 -1.4462285
16527 -1.7601292
16627 -1.9457791
16727 -1.9513226
16827 -1.6401703
16927 -0.5486183
17027 0.48616695
17128 1.180861
17228 1.6872239
17328 1.9950852
17428 2.2255044
17528 2.3121023
17628 2.356691
17728 2.3868423
17829 2.391015
17929 2.3142557
18029 1.4032984
18130 0.2881956
18229 -0.56691265
18329 -1.2511108
18429 -1.9379907
18530 -2.3634658
18630 -3.6123126
18730 -3.9976149
18830 -4.091428
18931 -4.1342497
19030 -2.978886
19131 -1.6499963
19231 -0.76243067
19331 0.08979893
19431 1.1626339
19531 1.5548081
19631 1.951242
19732 2.4086037
19832 3.0237799
19933 3.2637959
20249 3.0649548
20350 2.6300025
20450 1.5854669
20550 -0.009110928
20650 -1.6736934
20750 -2.8910995
20851 -3.7017953
20950 -4.5443687
21051 -5.0
21151 -5.0
21251 -4.14788
21351 -2.8083136
21451 -1.0291069
21551 0.37439013
21652 1.6399245
21752 2.530271
21853 2.7788706
21953 2.8698997
22053 2.9274726
22419 2.747673
22520 2.4706116
22620 1.4364104
22720 0.049527645
22820 -1.135809
22921 -2.0642762
23021 -2.779918
23438 -2.7420897
23539 -1.6925349
23638 -0.6364155
23739 0.55668926
23839 1.2379332
24239 2.8546677
24340 2.925743
24440 2.932551
24540 2.9149842
24640 2.8945045
24740 2.7188196
24840 1.6310158
24941 0.43322086
25041 -0.7810378
25141 -1.8407583
25241 -2.8915763
25341 -3.5148315
25441 -3.6671884
25541 -3.5468137
25641 -3.3469129
25742 -3.0347085
25842 -2.6094508
25942 -1.7456374
26042 -0.9386339
26142 0.141397
26242 0.92596054
26342 1.6050653
26443 2.0893111
26543 2.2343268
26644 2.2511468
26743 2.2583861
26844 2.1586456
26944 1.307168
27045 0.22193193
27145 -0.80952454
27244 -1.9730651
27345 -2.6590066
27445 -2.8798966
27545 -3.001988
27645 -1.8919294
27746 -2.1778467
27845 -2.1165986
27946 -2.072515
28046 -2.0574362
28147 -0.9807892
28246 -0.008311272
28347 1.1174688
28447 2.1004858
28547 3.0803585
28647 3.9174967
28747 4.144787
28847 4.003709
28947 3.9031668
29048 3.3109312
29148 2.552784
29247 1.4783568
29348 0.47208357
29448 -0.6208029
29548 -1.7646046
29649 -2.4804237
29749 -3.3323483
29849 -3.6415524
29949 -3.649701
30049 -3.222288
30149 -2.1593556
30250 -0.9969783
30350 0.36326742
30449 1.3387799
30550 1.6196647
30650 1.8592272
30750 1.8680444
30851 1.8636084
30950 1.7344179
31051 0.9374218
31150 -0.12568188
31251 -1.2353466
31352 -2.5227523
31451 -3.448722
31552 -4.069291
31652 -4.908611
31751 -5.0
31852 -5.0
31952 -5.0
32053 -3.5800142
32135 -2.7826765
32235 -1.6542969
32335 -0.40604973
32435 1.0775781
32535 2.118019
32635 2.718306
32735 2.7536407
32837 2.7661462
32938 2.7582445
33038 2.7357492
33138 2.6709619
33455 -0.8088474
33554 -1.8919754
33656 -2.5968869
33755 -2.8651793
33856 -3.012229
33956 -3.1338015
34055 -3.171879
34156 -3.0613818
34257 -2.727158
34357 -1.4253297
34457 0.055703163
34807 2.3802261
34907 2.8122015
35007 2.9348574
35107 2.850007
35209 2.512291
35308 1.7582412
35408 0.9982853
35508 0.19238567
35608 -0.5775337
35708 -1.2317867
35808 -1.6318192
35908 -1.9323943
36009 -2.0870945
36109 -2.1247
36209 -1.7282276
36309 -0.36654568
36409 0.49353695
36509 1.4220858
36610 2.0896006
36710 2.2492714
36811 2.2423124
36910 2.194439
37011 2.1749864
37112 2.1641684
37211 2.045764
37312 1.3827257
37412 0.7131376
37511 0.090491295
37612 -0.42779732
37712 -0.97401905
37812 -1.4539459
37913 -1.6881928
38013 -1.7326565
38112 -1.7513294
38213 -1.755132
38312 -1.3318653
38413 -0.088196754
38513 0.577991
38614 0.9576206
38714 1.1038427
38814 1.2098761
38914 1.3202834
39015 1.4023275
39115 1.448144
39215 1.4326005
39315 0.92701817
39415 -0.15934134
39515 -0.7922263
39616 -1.0998216
39715 -1.2704492
39816 -1.4040623
39915 -1.588723
40016 -1.6651192
40116 -1.6472592
40216 -0.64379597
40316 0.21892452
40417 0.9740863
40517 1.6293182
40617 2.0337915
40717 2.2039175
40818 2.2177062
40917 2.1821365
41018 2.159289
41117 2.0853896
41217 1.8982635
41318 1.3649583
41634 -0.89039326
41735 -1.1924202
41835 -1.3390782
41936 -1.6233513
42035 -1.7250831
42137 -1.7000179
42236 -1.5603085
42337 -0.80061054
42437 0.073996544
42536 0.8525324
42636 1.6929984
43004 2.589583
43104 2.5200515
43205 2.3993096
43305 1.6824493
43405 0.5739975
43505 -0.26412487
43605 -1.0113156
43705 -1.8641572
43805 -2.3192878
44223 -2.1951585
44323 -1.971241
44424 -1.3363578
44523 -0.23494196
44624 1.2355719
44724 2.3570695
44823 2.9625273
44924 3.236987
45024 3.1719484
45124 2.8928213
45225 2.4307022
45325 1.3710871
45425 0.20431185
45525 -0.6303797
45625 -1.1948955
45726 -1.4708581
45825 -1.5750389
45926 -1.7025306
46026 -1.6822085
46126 -1.4359562
46226 -0.9637675
46326 -0.48136044
46427 -0.19832706
46527 0.4097767
46627 1.0231485
46727 1.3833599
46827 1.3884215
46927 0.99650574
47027 0.3020363
47128 -0.18567371
47228 -0.42571068
47328 -0.6726794
47429 -0.79890156
47529 -0.8018637
47629 -0.7187805
47728 -0.18789339
47828 0.09577322
47929 0.44217777
48030 0.8672123
48130 1.34898
48230 1.9756422
48330 2.4682846
48747 1.3157592
48848 0.68945456
48947 0.39366007
49048 0.18831015
49148 -0.006947994
49248 -0.09397316
49347 -0.11382246
49448 0.06637478
49582 0.6198001
50584 -0.5328016
50684 -0.7087145
50784 -0.74869823
50884 -0.52257586
51201 1.3388219
51301 1.9929161
51401 2.317103
51501 2.4687338
51601 2.4758072
51701 2.36522
51803 1.7261381
52120 0.64481735
52220 0.6407852
52320 0.87499714
52420 1.4566927
52737 1.2563548
52838 1.256804
52937 1.2649884
53037 1.1900635
53137 0.43901253
53238 -0.14227867
53338 -0.29372787
53438 0.024038792
53538 1.291995
53639 2.0749588
53738 2.5080595
53838 2.428927
53939 1.9177504
54039 1.3476024
54140 0.9378538
54239 0.5109916
54340 0.140059
54440 -0.34954357
54540 -0.4606228
54641 0.070245266
54740 1.1360717
54840 1.917347
54941 2.099739
55258 1.5127807
55358 1.4662657
55458 1.3832588
55559 1.2607245
55659 0.8477297
55759 0.3012247
55859 0.20254326
55959 0.24062777
56059 0.42615223
56159 0.5464215
56260 0.60734844
56360 0.628078
56460 0.56586695
56559 0.052057743
56660 -0.32149935
56761 -0.40643787
57128 1.4803
57228 1.1512885
57328 0.51352835
57428 0.07310772
57528 -0.08176756
57629 -0.092751026
57729 -0.019993782
57829 0.31940746
57929 0.71697664
58029 0.8709259
58129 0.8709259
58229 0.8709259
58329 0.88618755
58430 0.9947672
58530 0.39305878
58847 -1.2881751
58947 -1.3513818
59047 -1.1215165
59148 -0.46664715
59248 0.29561043
59348 0.85681677
59448 1.156414
59548 1.5027742
59649 1.6731043
59749 1.6899557
59849 1.3467426
59949 0.7799511
60049 0.09338665
60149 -0.31489658
60249 -0.5137663
60349 -0.517457
60450 -0.35551214
60550 0.051410675
60650 0.7685118
60750 1.2176852
60850 1.5206056
60950 1.828196
61050 2.0513773
61151 2.0849786
61251 1.733706
61568 -0.48367548
61668 -0.6492524
61768 -0.6830387
61869 -0.5721545
61970 -0.16352558
62070 0.71091557
62170 1.2924509
62270 1.5906944
62370 1.6438284
62470 1.6341882
62571 1.5275054
62670 1.2695346
62771 0.45711327
62871 -0.10244465
62971 -0.4565997
63071 -0.5014601
63171 -0.25273132
63271 0.06414127
63372 0.5773854
63471 1.1316023
63572 1.4626198
63671 1.5465379
63772 1.364398
63873 0.6494279
63973 0.17794514
64072 -0.0634985
64173 -0.14091253
64273 -0.032248497
64373 0.17290974
64474 0.5038328
64573 1.054585
64674 1.3884764
64774 1.5463705
64874 1.5685401
64974 1.5231338
65075 1.0939837
65175 0.36859798
65275 0.12827873
65375 -0.027385712
65475 -0.05104685
65575 -0.019799232
65676 0.075606346
65775 0.35269642
65876 0.91362476
65958 1.0764546
66058 1.1481333
66158 1.1778641
66258 1.1470032
66358 0.6780696
66458 0.2739377
66559 0.16947651
66661 0.14683437
66761 0.33334446
66861 0.80915546
66961 0.9851289
67061 1.0243735
67161 1.0283937
67262 0.98418903
67362 0.9137602
67462 0.8066969
67562 0.66600895
67662 0.5625601
67762 0.4523034
67862 0.4132409
67963 0.41688204
68063 0.45905638
68163 0.52369833
68263 0.5747309
68363 0.5926261
68463 0.5950875
68563 0.59467125
68663 0.5951562
68764 0.61368656
68864 0.74931145
68964 0.98113346
69065 1.2051268
69164 1.3153458
69264 1.2702518
69365 0.5259738
69465 -0.29661655
69565 -0.54335785
69665 -0.65708494
69765 -0.58855724
69866 -0.46415234
69965 -0.096572876
70066 0.71760416
70166 1.1472034
70266 1.3820477
70366 1.449295
70467 1.4511886
70566 0.92485
70667 0.29148006
70768 0.07922602
70867 0.045300484
70968 0.10165119
71067 0.35242367
71168 1.1590557
71268 1.6143227
71368 1.8980188
71469 1.9683771
71569 1.9401755
71669 1.3991632
71769 0.89991283
71869 0.4644308
71970 0.39323997
72070 0.46579075
72386 0.5429044
72486 0.23112774
72587 -0.16113758
72687 -0.32365322
72787 -0.293818
72887 0.65806675
72987 1.3620305
73087 1.8528838
73188 2.0390067
73288 2.038785
73388 1.684495
73489 1.0185995
73588 0.04707575
73689 -0.4800024
73788 -0.64110136
73889 -0.6615038
73990 -0.5285783
74089 -0.026700974
74189 0.4624071
74289 0.8413515
74390 1.0023699
74490 1.1113
74591 1.2836909
74690 1.4685578
74790 1.7412252
74890 1.8117118
74991 1.3151712
