1 2.6141806
101 2.1523895
201 1.1663289
301 0.26812124
401 -0.53632784
501 -1.1872857
601 -1.5835819
701 -1.8897605
801 -2.0852482
901 -2.111693
1001 -1.8779633
1101 -1.0889988
1201 -0.39900064
1301 0.7555537
1401 1.5220313
1501 2.0461745
1601 2.487977
1701 2.9098635
1801 3.0578327
1900 3.0792675
2001 2.9750671
2101 2.0495796
2201 1.0408573
2301 0.16119432
2401 -0.5840807
2501 -1.2554233
2601 -1.8192496
2702 -2.201714
2801 -2.573274
2901 -2.6108942
3001 -2.237691
3101 -0.72507954
3201 0.52798605
3301 1.603961
3401 2.5275946
3501 3.2603645
3601 3.494114
3701 3.5123482
3801 3.4056835
3901 2.6306343
4001 1.1230683
4101 -0.0807085
4201 -1.0582478
4301 -1.7576714
4401 -2.3962889
4501 -2.5997753
4601 -2.6502776
4701 -2.562036
4801 -2.2168338
4901 -0.85288715
5001 0.55158186
5101 1.81846
5201 2.585063
5301 3.0963697
5401 3.189598
5501 3.113638
5601 2.490757
5701 1.3175869
5801 0.4046464
5901 -0.8167887
6001 -1.7249541
6101 -2.2759194
6201 -2.5777726
6301 -2.6776855
6401 -2.6815753
6501 -2.120517
6601 -1.1125317
6701 0.058805943
6801 1.1467352
6901 1.9643059
7001 2.6302633
7101 2.9844031
7201 3.0029821
7301 2.5672364
7401 1.254888
7501 0.46863222
7601 -0.48770094
7701 -1.1978111
7801 -1.7870266
7900 -2.2768624
8001 -2.3986418
8100 -2.354703
8201 -1.6706405
8301 -0.5012846
8401 0.6354799
8501 1.6179428
8601 2.2508445
8701 2.8648863
8801 3.145194
8901 3.1858673
9001 2.876471
9101 1.9784532
9201 0.6000109
9301 -0.38371086
9401 -1.1809621
9501 -1.7651069
9601 -2.2078774
9701 -2.517055
9801 -2.6871274
9901 -2.7221832
10001 -2.4193418
10101 -0.97035456
10201 0.21663761
10301 1.2331667
10401 1.8463392
10501 2.665835
10601 3.098854
10701 3.2115002
10801 3.2635736
10901 2.8927355
11001 1.5624795
11101 0.5470309
11201 -0.18991995
11301 -0.7692542
11401 -1.2582481
11501 -1.7535572
11601 -2.0832884
11701 -2.234289
11801 -2.1887286
11901 -1.5253098
12001 -0.14915133
12101 0.9942455
12201 1.9521589
12301 2.6573958
12401 3.1049995
12501 3.3942823
12601 3.373477
12701 2.7936554
12801 1.8310394
12901 0.7484751
13001 0.08022022
13101 -0.6151328
13201 -1.4135869
13301 -1.939363
13401 -2.230534
13501 -2.3619127
13601 -2.2355657
13701 -1.4301381
13801 -0.040884018
13901 1.1062918
14001 2.152935
14101 2.9764662
14201 3.54138
14301 3.7996044
14401 3.8445492
14501 3.7461805
14601 2.870284
14701 1.593545
14801 0.4140048
14901 -0.59509754
15001 -1.3410344
15101 -1.6643729
15201 -2.0020761
15301 -2.1660116
15401 -2.131769
15501 -1.0812981
15601 0.24237728
15701 1.4079895
15802 2.2691789
15901 2.8462586
16001 3.1776342
16101 3.4369612
16201 3.602909
16301 3.6213436
16401 3.36518
16501 2.8646936
16601 1.4713273
16701 0.3500867
16801 -0.611187
16901 -1.31623
17001 -1.7335477
17101 -1.8517346
17201 -1.8601751
17301 -1.7956729
17401 -1.3049011
17501 -0.034047604
17601 1.0108018
17701 1.8562994
17801 2.3379006
17901 2.6482315
18001 2.7749786
18101 2.7784147
18201 1.9214416
18301 0.6291928
18401 -0.388762
18501 -1.0518432
18601 -1.5077469
18701 -2.1737528
18800 -2.46689
18901 -2.5916238
19001 -2.6296835
19101 -2.4924483
19201 -1.6138234
19301 -0.8078499
19401 0.30697536
19501 1.2073603
19601 2.0374718
19701 2.5179071
19801 3.028182
19901 3.240799
20001 3.3171482
20279 2.3958092
20379 1.0674314
20479 0.078619
20579 -0.80977535
20679 -1.5415053
20779 -2.274917
20879 -2.6409326
20979 -2.8301291
21079 -2.8752394
21179 -2.8107805
21279 -2.229113
21379 -1.3026149
21479 -0.3036399
21579 0.6693659
21679 1.6571631
21779 2.2880845
21879 2.7787514
21979 3.1538105
22079 3.3101263
22392 2.8950853
22491 1.5124717
22591 0.30150747
22691 -0.6557512
22791 -1.4062057
22891 -2.0712724
22991 -2.5147214
23091 -2.8398156
23423 -2.91724
23520 -2.2577324
23620 -1.0840344
23720 0.013184071
23820 0.87635756
23920 1.7331176
24237 3.1154976
24336 3.1707973
24436 3.149908
24536 3.0369606
24636 2.579608
24736 1.6163864
24836 0.7565117
24936 -0.41532755
25036 -1.5754883
25136 -2.0187595
25236 -3.161228
25336 -3.3962615
25436 -3.4606595
25536 -3.4428353
25636 -3.3619423
25736 -2.7087195
25836 -1.4383843
25936 -0.32273197
26036 0.6130123
26136 1.4465609
26236 2.0384521
26336 2.5090728
26436 2.7847643
26536 2.891852
26636 2.9036293
26736 2.8017411
26836 2.0142326
26936 0.76477814
27036 -0.16474915
27136 -1.0729866
27236 -1.7810886
27336 -2.3863866
27436 -3.0289237
27536 -3.1814628
27636 -3.1718502
27736 -3.0864692
27836 -2.676468
27936 -1.7900481
28036 -0.7319555
28136 0.17109966
28235 0.9983206
28336 1.7982416
28436 2.357882
28536 2.6722045
28636 2.7919493
28736 2.8357916
28836 2.7063346
28936 2.2502913
29037 1.2081456
29136 0.30155706
29236 -0.4064703
29336 -1.1315722
29436 -1.8147295
29536 -2.2405183
29636 -2.5023668
29737 -2.5984335
29836 -2.592952
29936 -2.3098903
30036 -1.3247967
30136 -0.34311676
30236 0.57320356
30336 1.2577386
30436 1.8602724
30536 2.3688593
30636 2.6822748
30736 2.816687
30836 2.8353586
30936 2.6433296
31036 1.9112983
31136 0.8157759
31236 -0.22885847
31336 -1.2255979
31436 -1.8336415
31536 -2.356373
31636 -2.5979388
31736 -2.6794844
31836 -2.6665034
31936 -2.577507
32036 -2.1893904
32136 -1.0742309
32236 -0.058284283
32336 0.8414788
32436 1.7179475
32536 2.344901
32636 2.8204231
32736 3.0879345
32836 3.2407675
32936 3.2680855
33036 3.172925
33136 2.614583
33236 1.3749547
33336 0.25236845
33436 -0.60488176
33536 -1.3556793
33636 -1.9599187
33736 -2.3334897
33836 -2.6426795
33936 -2.7491944
34036 -2.7486334
34136 -2.5028138
34236 -1.5296257
34336 -0.34518576
34436 0.75139713
34536 1.7828927
34805 3.151822
34905 3.235937
35005 3.2365055
35105 3.109686
35205 2.619821
35305 1.6948366
35405 0.44940758
35505 -0.5894518
35605 -1.3553185
35705 -1.9113429
35805 -2.318954
35905 -2.5923028
36005 -2.7151008
36105 -2.7386866
36205 -2.7014613
36305 -2.2855859
36405 -1.460479
36505 -0.515605
36606 0.29688644
36705 0.93819714
36805 1.4641252
36905 1.9813104
37005 2.3385062
37106 2.5225897
37205 2.583631
37305 2.5924492
37405 2.5563178
37506 2.2702093
37605 0.9545374
37705 -0.12169981
37805 -1.0410297
37906 -1.6792336
38005 -2.235562
38105 -2.54211
38205 -2.6013916
38305 -2.6331503
38405 -2.6400688
38505 -2.4486182
38605 -1.2830682
38705 -0.24987173
38805 0.71568394
38905 1.7161818
39005 2.6475706
39105 3.240324
39205 3.487608
39305 3.5096102
39405 3.2454739
39505 2.399897
39605 1.2902226
39705 0.101323605
39805 -0.7794976
39905 -1.5961719
40005 -2.171091
40105 -2.5004742
40205 -2.571241
40305 -2.5324414
40406 -2.2346702
40505 -1.5564857
40605 -0.571476
40705 0.36793804
40805 1.2233181
40905 2.0677438
41005 2.7000947
41105 3.0240717
41205 3.107872
41305 3.1096725
41405 2.9709525
41505 2.1780152
41606 0.9242363
41705 -0.35200977
41805 -1.2537034
41905 -1.9838834
42005 -2.2736688
42105 -2.3602278
42205 -2.2747867
42305 -1.9092793
42405 -1.2538006
42505 -0.3702116
42605 0.44049358
42705 1.1054716
42805 1.6200981
42905 2.0437393
43005 2.328229
43105 2.4489822
43205 2.4570565
43305 2.0852828
43405 0.81390667
43505 -0.30064344
43605 -1.2455857
43705 -2.140092
43805 -2.878636
43905 -3.1870437
44217 -2.0199692
44317 -1.0811036
44417 0.06423712
44517 1.063344
44617 2.0880685
44717 2.690187
44817 3.0329742
44917 3.198166
45017 3.2855053
45117 3.2640781
45217 2.8281212
45317 1.8999548
45417 0.71522
45517 -0.34481525
45618 -1.237556
45717 -2.1253066
45817 -2.710319
45917 -2.9676342
46017 -3.0833578
46117 -2.984709
46217 -2.635433
46317 -1.8641436
46417 -0.6166706
46517 0.43265867
46617 0.8772707
46717 1.9592772
46817 2.6321511
46917 3.0031347
47017 3.2541237
47117 3.285801
47217 3.1375284
47317 2.4300308
47417 1.1149492
47517 -0.09312153
47617 -1.0807767
47717 -1.8410697
47817 -2.2274663
47917 -2.426664
48017 -2.6125665
48117 -2.6617913
48217 -2.3825884
48317 -1.1986957
48417 -0.22488832
48716 2.0681276
48815 2.510118
48915 2.6814284
49015 2.712256
49115 2.713385
49215 2.6493177
49315 1.7683587
49415 0.72695255
49515 -0.49938965
49635 -1.5146346
49734 -2.1309264
49834 -2.400106
49934 -2.5015364
50034 -2.544538
50134 -2.3895333
50234 -1.7667019
50334 -0.8765702
50434 0.3134451
50534 1.3438196
50634 2.419654
50734 3.1308851
50834 3.7264824
50934 3.9118824
51034 3.971117
51134 3.902009
51234 3.4231033
51334 2.3274713
51434 1.0631032
51534 0.15440941
51634 -0.49205542
51734 -0.97295666
51834 -1.2203808
51934 -1.3766606
52034 -1.4215577
52134 -1.4282818
52234 -1.33495
52335 -0.71424675
52434 0.36432695
52534 1.5651956
52634 2.365674
52734 2.9431877
52834 3.2846394
52934 3.4270115
53034 3.45885
53135 3.415451
53234 3.2165737
53334 2.5245275
53434 1.5028901
53534 0.31482077
53634 -0.6833544
53734 -1.3527164
53834 -1.5233898
53934 -1.5832982
54034 -1.5989006
54134 -1.6045728
54234 -1.5378048
54335 -0.68713474
54434 0.33188534
54534 1.1502414
54634 1.8532577
54734 2.4603477
54834 2.854786
54934 3.0657597
55034 3.1252966
55134 3.1365986
55234 2.9126854
55334 1.5786018
55434 0.17926979
55534 -1.1135521
55634 -1.7827001
55734 -2.3638191
55834 -2.5919564
55934 -2.5601125
56034 -2.3361173
56134 -1.5071144
56234 -0.5171056
56334 0.39417362
56434 1.3465891
56534 2.1318154
56634 2.5059
56734 3.0143442
56834 3.0827217
56934 3.0152874
57034 2.5419517
57134 1.5879502
57234 0.5438547
57335 -0.3337102
57434 -1.1367652
57534 -1.8979278
57634 -2.362832
57734 -2.4749782
57834 -2.420034
57934 -1.8411615
58034 -0.86955166
58134 0.18075514
58234 1.1726732
58335 2.2838583
58434 3.326994
58535 4.241661
58634 4.9008846
58734 5.0
58834 4.700986
58934 3.200881
59034 1.6796303
59134 -0.005478859
59234 -1.0507216
59334 -1.9246526
59434 -2.4953008
59534 -2.837058
59634 -2.9697242
59734 -2.9575279
59834 -2.583607
59934 -1.293499
60034 -0.048523903
60135 0.96333694
60234 2.0309982
60334 3.0949068
60434 3.9235382
60534 4.5765705
60634 5.0
60734 5.0
60834 4.269598
60934 2.6962981
61034 1.2372389
61134 0.022875786
61234 -0.80030394
61335 -1.6428082
61434 -2.2685533
61534 -2.3645291
61634 -2.2751098
61734 -1.6639857
61835 -0.80500937
61934 0.20490122
62034 1.0896897
62134 1.9163108
62234 2.5197754
62334 2.946138
62435 3.1478367
62535 3.1479254
62634 2.8052368
62735 1.7275987
62834 0.5210519
62934 -0.58804417
63034 -1.4308133
63134 -1.9512379
63234 -2.3815646
63334 -2.475072
63434 -2.418944
63534 -1.7205968
63634 -0.994164
63734 0.6108179
63834 1.6449776
63935 2.8145838
64034 3.247528
64134 3.2835588
64234 3.0966377
64334 2.5415573
64434 1.565352
64534 0.5404115
64634 -1.0153682
64734 -1.7082062
64834 -2.073542
64934 -2.1357186
65034 -1.8154511
65134 -0.94071865
65234 0.12456465
65334 1.0883279
65434 1.9347854
65534 2.684526
65634 3.2787256
65734 3.5769014
65834 3.6124678
65934 3.2273617
66034 1.9649267
66134 0.9957323
66234 -0.14533997
66334 -0.9923887
66434 -1.5726268
66534 -1.869617
66634 -1.8118272
66734 -1.3179035
66834 -0.32025957
66934 0.6556659
67034 1.5476112
67134 2.363181
67234 2.9889183
67335 3.4316425
67434 3.504242
67534 2.788044
67634 1.8863115
67734 1.0587997
67834 0.10482597
67934 -0.799767
68034 -1.4427783
68135 -1.9422891
68234 -2.2318926
68334 -2.3209214
68434 -2.1478758
68534 -1.5108209
68634 -0.4320383
68735 0.7291846
68834 1.6490126
68934 2.3976479
69034 2.8466644
69134 3.0858097
69234 3.1057158
69334 2.6909928
69434 1.947206
69534 0.45385647
69634 -0.7186909
69734 -1.4744363
69834 -2.1430016
69935 -2.2040596
70034 -2.188388
70134 -1.9959459
70234 -0.87211895
70334 0.5255289
70434 1.7403946
70534 2.7489395
70634 3.5696344
70734 4.0366154
70834 4.1196566
70934 3.9025946
71034 2.8639007
71134 1.2835608
71234 -0.037947655
71334 -1.1536632
71434 -1.5925472
71534 -1.907819
71634 -1.9636471
71734 -1.94957
71835 -1.8454683
71934 -1.1520774
72034 -0.2073183
72134 0.8563471
72234 1.8996954
72334 2.7390113
72434 3.0663023
72534 3.1646252
72634 2.8690414
72734 1.7194748
72834 0.4922328
72934 -0.48823547
73034 -1.1211991
73134 -1.5351615
73234 -1.6993318
73334 -1.5912101
73434 -1.2504094
73534 0.049700737
73634 0.9615822
73734 1.9442816
73834 2.646296
73934 3.0353374
74034 3.096198
74134 3.0436878
74234 2.4979415
74334 1.5339022
74434 0.48436165
74534 -0.70014477
74634 -1.724936
74735 -2.1841943
74834 -2.2792096
74934 -2.2004042
