11 1.6091743
111 0.22419691
211 -1.0186176
312 -2.106461
412 -2.8785431
511 -3.172394
611 -3.1798427
714 -2.578524
814 -1.346705
912 0.2190504
1013 1.8509989
1113 3.3362303
1213 4.366476
1313 4.798958
1413 4.9018173
1513 4.308195
1613 3.2326355
1715 1.7532945
1813 0.552382
1914 -0.7291465
2015 -2.1079884
2115 -3.0544481
2214 -3.5919647
2315 -3.8583355
2415 -3.7350683
2515 -3.4162755
2616 -2.360333
2715 -0.67916965
2817 1.141243
2915 2.5750246
3016 3.847063
3116 4.323552
3216 4.3067646
3317 3.8884907
3416 2.929761
3518 1.652133
3617 0.062450886
3716 -1.2189
3818 -2.4112582
3917 -3.006629
4017 -3.0977623
4117 -2.7167215
4217 -1.9658508
4319 -0.78422546
4418 0.47861814
4518 1.8126936
4619 2.9857264
4719 3.8885603
4819 4.2383213
4920 4.2706356
5019 4.0510902
5119 3.36203
5219 2.0722108
5319 0.6027465
5419 -0.74081373
5520 -2.213167
5620 -3.1582577
5722 -3.7023714
5820 -3.8318524
5921 -3.4933333
6021 -2.7108247
6121 -1.7008293
6221 -0.21236229
6322 1.2246757
6408 2.4747534
6506 3.5384274
6607 4.0409613
6705 4.032854
6806 3.4948187
6905 2.4928079
7006 1.4687414
7106 0.4180994
7206 -0.84901714
7306 -2.092899
7406 -3.0768037
7508 -3.660768
7607 -3.932097
7708 -3.7041686
7806 -3.2311354
7908 -1.9351974
8007 -0.6120539
8108 0.8307085
8208 1.9804916
8308 2.8603296
8408 3.4640636
8508 3.6660976
8609 3.5326538
8709 2.98565
8809 1.9508905
8909 0.9924865
9010 -0.25525284
9110 -1.6720951
9209 -2.8340323
9310 -3.908254
9410 -4.3874526
9512 -4.537106
9610 -4.123522
9827 -2.0542934
9929 -0.6599579
10027 0.70513535
10127 1.9903555
10228 2.8898482
10328 3.4567518
10428 3.718666
10528 3.7624636
10629 3.6720066
10728 3.2853432
10829 2.5123816
10928 1.5431685
11030 0.09476948
11130 -1.5441914
11229 -2.8814542
11330 -3.8367784
11430 -4.0302854
11530 -3.6594486
11630 -2.8279617
11730 -1.4326432
11830 -0.058032036
11931 1.4100227
12031 2.6490083
12131 3.427682
12231 3.852234
12331 3.9696045
12431 3.7941866
12532 3.395689
12631 2.5740662
12731 1.5775614
12833 0.30243254
12933 -1.1368892
13032 -2.3663535
13132 -3.1715724
13233 -3.764151
13332 -3.7078815
13433 -3.4128351
13533 -2.6934981
13633 -1.6101959
13735 -0.32261658
13833 1.0785127
13935 2.2549858
14035 3.2543793
14135 3.8039303
14235 4.052103
14334 3.9909363
14435 3.6146984
14535 2.7345262
14635 1.5292387
14736 0.27710056
14836 -0.8094206
14936 -2.0495293
15036 -2.6854641
15137 -3.0708175
15236 -3.1239285
15336 -2.8693225
15436 -2.357752
15536 -1.6606605
15637 -1.0071931
15837 1.4647608
15871 1.7501769
15954 2.493596
16054 3.2077312
16155 3.824957
16255 4.389353
16355 4.5369186
16455 4.648156
16555 4.5420523
16655 4.1318264
16756 3.1834955
16855 2.0281181
16955 0.7956948
17057 -0.4608121
17155 -1.3499146
17257 -1.9036782
17356 -2.2287898
17457 -2.238524
17557 -2.1526039
17657 -1.8107853
17757 -0.4733243
17857 1.0322361
17958 2.765635
18058 3.9732857
18158 4.735835
18259 4.9005985
18358 4.772787
18459 4.364808
18558 3.7160616
18658 2.7773361
18759 1.8181734
18860 0.494287
18958 -0.6286545
19059 -1.6150494
19159 -2.1956313
19260 -2.5457034
19360 -2.542042
19460 -2.2495494
19560 -1.5180695
19660 -0.30110598
19761 1.1895456
20111 4.6803036
20211 5.0
20311 5.0
20411 5.0
20512 5.0
20612 5.0
20712 5.0
20812 4.179304
20912 2.868599
21012 1.6096573
21112 0.39294338
21212 -0.48432875
21313 -1.5758986
21414 -2.0191064
21513 -2.1080186
21613 -2.0857165
21714 -1.7896905
21814 -1.1702244
21914 -0.041576385
22247 3.8353539
22348 4.4296064
22448 4.824258
22548 5.0
22648 5.0
22748 5.0
22850 4.922474
22949 4.1329155
23267 0.58594036
23367 -0.42355824
23467 -1.1207626
23566 -1.832057
23667 -2.2060542
23767 -2.3922868
24100 -0.88489246
24185 0.17090082
24285 1.3575892
24385 2.3931136
24485 3.2812252
24585 3.9514866
24685 4.366556
24785 4.474929
24885 4.3711033
24986 4.0455227
25086 3.3342543
25185 2.4748788
25288 1.5355043
25387 0.59107494
25486 -0.22714138
25586 -0.8686576
25687 -1.3094964
25787 -1.5716736
25888 -1.6216121
25988 -1.5147724
26087 -0.91952753
26189 0.28334856
26288 1.5114641
26388 2.9663887
26488 4.0439053
26588 4.5706387
26688 4.773637
26789 4.6911297
26888 4.324114
26989 3.7182798
27089 2.7211723
27189 1.7935715
27290 0.5259061
27390 -0.5056238
27489 -1.2290814
27590 -1.7082684
27690 -1.9389439
27790 -1.9611893
27890 -1.8177643
27990 -1.2142682
28090 -0.06828356
28191 1.1521196
28290 2.1468668
28392 3.2546158
28491 4.055727
28592 4.5053015
28692 4.574294
28791 4.4387074
28892 4.017002
28991 3.2659893
29093 2.25533
29192 1.195972
29292 -0.1651659
29393 -1.2475772
29493 -2.0339367
29594 -2.4861891
29693 -2.5566616
29793 -2.4909983
29894 -2.2436137
29996 -1.6094463
30528 4.4481525
30628 4.8868856
30728 5.0
30828 5.0
30929 5.0
31029 5.0
31129 5.0
31230 4.42247
31329 2.9965277
31429 1.7111573
31530 0.42242146
31630 -0.54411745
31730 -1.3086743
31830 -1.5977135
31931 -1.7420356
32030 -1.8029456
32130 -1.7818489
32231 -1.5402207
32330 -0.7165613
32432 0.54051495
32531 1.6084123
32632 2.6594505
32732 3.42727
32832 3.8364897
32932 3.9459
33032 3.8904285
33132 3.643609
33233 3.1087503
33333 2.2159338
33433 1.3215995
33533 0.13525867
33633 -0.9367094
33733 -1.8909035
33833 -2.424196
33934 -2.5288281
34034 -2.5801399
34134 -2.56463
34236 -2.424942
34334 -1.8356204
34651 2.2761717
34753 3.1552305
34852 3.6291485
34951 3.8248596
35053 3.8806896
35152 3.8573055
35252 3.7015324
35352 3.2423916
35453 2.529039
35553 1.6288567
35653 0.53023434
35754 -0.48625326
35854 -1.4383922
35955 -1.9595227
36054 -2.3279164
36154 -2.4690719
36254 -2.4373734
36354 -2.058926
36454 -0.8291197
36555 0.3926797
36656 1.716464
36755 2.7723112
36856 3.5436573
36955 3.9602518
37056 4.175913
37156 4.241906
37256 4.2100267
37356 3.9687748
37456 3.4430876
37557 2.5355787
37656 1.6328492
37757 0.64525414
37858 -0.35961103
37957 -1.1527476
38057 -1.7660007
38157 -2.131329
38258 -2.3320198
38358 -2.3128185
38457 -2.101565
38557 -1.3409772
38660 -0.17106009
38875 1.7190895
38975 2.4696198
39077 3.1385574
39176 3.602189
39276 3.7866764
39376 3.836505
39476 3.8115826
39576 3.6840992
39676 3.3575726
39779 2.4270453
39877 1.4668264
39979 0.44818783
40079 -0.57572746
40179 -1.4845166
40277 -2.180296
40377 -2.510348
40477 -2.6932774
40578 -2.6749616
40678 -2.5071712
40778 -2.057507
40880 -1.4732041
40979 -0.39109707
41079 0.5688076
41179 1.4970169
41279 2.2705727
41379 2.823411
41479 3.1333866
41580 3.237564
41679 3.2360687
41780 3.1357718
41880 2.8775606
41981 2.1264787
42080 0.92353344
42181 -0.09224987
42281 -1.2073402
42381 -1.9521649
42481 -2.5170746
42581 -2.873479
42681 -2.9263854
42782 -2.857716
42882 -2.5575447
42983 -1.5808113
43083 -0.3212576
43182 1.110084
43282 2.2145586
43383 3.115838
43483 3.565672
43583 3.7270708
43683 3.6945992
43784 3.4388943
44066 1.370183
44167 0.4376092
44267 -0.46636486
44367 -1.4938672
44470 -2.2980711
44568 -2.8438742
44669 -3.2175267
44768 -3.3251605
44869 -3.2077963
44969 -2.811508
45069 -1.9559569
45169 -1.1094489
45269 0.092274666
45369 1.1323252
45470 1.9699259
45570 2.7536988
45671 3.4758244
45771 4.0523186
45870 4.3784485
45971 4.508013
46070 4.5377274
46171 4.482089
46270 4.09927
46371 3.3473978
46471 2.0488653
46571 0.839684
46673 -0.54409695
46771 -1.7371116
46872 -2.6335163
46972 -3.1697917
47072 -3.318672
47172 -3.0275695
47272 -2.0385044
47372 -0.55866146
47472 0.8229227
47574 2.007535
47674 2.9070501
47773 3.447485
47874 3.5793896
47974 3.4526463
48073 2.8869605
48174 2.1197572
48274 0.40451145
48574 -2.6630092
48674 -3.0553145
48775 -3.2833457
48875 -3.1762972
49092 -1.4533467
49192 -0.2742958
49292 0.7205367
49394 1.7165146
49493 2.5061378
49592 3.058343
49710 3.1961603
49793 3.1022406
49894 2.6582832
49995 1.822474
50095 0.6991873
50194 -0.48326874
50294 -1.7166772
50394 -2.4638903
50495 -2.8591542
50594 -2.9949737
50695 -2.9954784
50795 -2.6992068
50896 -2.0559194
50995 -1.1943595
51097 0.25119877
51195 1.4653182
51296 2.304788
51396 2.8589578
51496 3.0863466
51596 3.1183586
51696 2.986618
51797 2.3558898
51896 1.4124756
51997 0.27602863
52097 -0.70810413
52198 -1.8608544
52297 -2.8448584
52397 -3.3986506
52497 -3.5355496
52597 -3.4301732
52697 -2.7449353
52798 -1.488802
52899 -0.016710281
52998 1.071846
53099 2.1173048
53199 2.8322968
53299 3.0499744
53399 2.8743258
53499 2.2514048
53599 1.1711521
53699 0.05866337
53801 -1.0893295
53900 -2.1335092
54000 -3.2171352
54101 -4.0520415
54200 -4.557145
54301 -4.5757484
54400 -4.1061125
54500 -2.5781274
54601 -1.1485741
54702 0.35126448
54801 1.5229263
54902 2.6575918
55002 3.4186296
55103 3.6257973
55202 3.3675318
55302 2.3330603
55402 0.8789115
55502 -0.35183048
55602 -1.5996785
55703 -2.4951997
55804 -3.4742827
55903 -3.9018505
56005 -3.8119328
56104 -3.142979
56204 -1.6923721
56303 -0.22227001
56404 1.0264554
56504 2.191475
56604 2.997716
56706 3.5065527
56804 3.6420612
56906 3.499628
57004 2.9090033
57105 1.6523046
57205 0.12216997
57306 -1.3346767
57406 -2.5942461
57506 -3.4133954
57605 -3.7612836
57706 -3.7638032
57808 -3.3959558
57907 -1.8695772
58008 -0.5440664
58107 0.8886652
58207 2.133397
58307 3.2745228
58408 4.0232563
58507 4.184737
58608 3.7420778
58708 2.7113342
58808 1.4438996
58909 0.106622696
59008 -1.3124588
59109 -2.5491574
59209 -3.5762188
59309 -3.913481
59409 -3.9228063
59509 -3.6523623
59610 -3.010252
59710 -1.7660975
59794 -0.5613842
59894 0.9626112
59994 2.231701
60093 3.3587332
60194 3.8785267
60293 3.8614788
60394 3.1877956
60496 1.8108168
60595 0.4390502
60696 -1.0522137
60794 -2.3041425
60896 -3.3173952
60996 -3.8499546
61096 -3.8922448
61196 -3.597468
61295 -2.6216598
61396 -1.398473
61496 -0.1767683
61597 1.0414844
61696 2.0613608
61797 2.7983298
61897 3.1671505
61997 3.207222
62097 2.8122315
62197 1.8332796
62297 0.4711237
62397 -0.7396879
62497 -2.081412
62598 -2.8829854
62699 -3.336011
62798 -3.2967646
62899 -2.8733916
62998 -2.205962
63098 -1.2414265
63316 1.3734102
63415 2.3255525
63516 2.7986603
63616 2.930944
63716 2.813717
63818 2.1339874
63917 1.0234957
64017 -0.21838188
64117 -1.4258008
64218 -2.651492
64318 -3.3713284
64417 -3.775825
64518 -3.8139873
64618 -3.482614
64717 -2.5262144
64818 -1.349545
64918 -0.022987843
65018 1.0885482
65119 2.0357933
65218 2.7709436
65319 3.013504
65419 2.887826
65519 2.2996788
65620 1.1864557
65719 0.0798192
65820 -1.1340613
65919 -1.9059169
66022 -2.6618257
66121 -2.9766526
66220 -3.057166
66321 -2.7909417
66554 -0.87105274
66654 0.32461786
66754 1.3969569
66854 2.0679598
66954 2.5333815
67054 2.640481
67156 2.5496893
67255 2.0621848
67356 0.93882656
67455 -0.23111534
67555 -1.5473332
67656 -2.5267444
67756 -2.9964864
67856 -3.1984386
67956 -3.0003445
68057 -1.9907498
68156 -1.0138695
68258 0.34993505
68356 1.3403068
68457 2.260817
68557 2.784398
68657 2.939746
68757 2.7665453
68858 1.9492745
68958 0.87415886
69058 -0.19414854
69158 -1.3079677
69259 -2.2697878
69359 -2.916857
69459 -3.2492573
69559 -3.1842802
69659 -2.3181262
69760 -0.56285954
69859 0.98371315
69959 2.3299575
70060 3.2831516
70161 3.6105661
70260 3.2815514
70360 2.1904917
70461 0.7302141
70561 -0.7337909
70661 -1.6207676
70761 -1.8948436
70861 -1.4566321
70946 -0.21787548
71045 1.3381505
71145 3.0055828
71246 4.022603
71345 4.1789246
71445 3.7437096
71546 2.706211
71646 1.5359292
71746 0.35058975
71849 -0.9938326
71947 -2.2498665
72046 -3.3894775
72147 -3.9964771
72248 -4.1949034
72347 -4.1064615
72447 -3.5819564
72547 -2.5135508
72648 -0.9187889
72748 0.40115833
72848 1.3962259
72950 2.2183585
73049 2.7550101
73149 2.9902687
73399 1.8243742
73499 0.83890057
73600 -0.7919493
73699 -2.1525536
73800 -3.3264613
73900 -4.008866
73999 -4.125328
74099 -3.9668283
74200 -3.4800527
74300 -2.2633011
74401 -0.9674392
74502 0.38174868
74600 1.4831877
74702 2.4366522
74801 3.1752415
74902 3.4787102
75001 3.4613628
