20 -2.9087625
102 -2.5914633
202 -1.7242279
304 -0.6562462
403 0.15454721
504 0.84280443
603 1.5264115
705 1.968936
805 2.079877
905 2.022471
1005 1.7226725
1106 1.0753088
1206 -0.058917046
1306 -1.228188
1407 -2.3937976
1506 -3.0657115
1607 -3.4547539
1707 -3.6650023
1807 -3.676478
1908 -3.5224555
2007 -2.925493
2108 -1.7807746
2208 -0.43496847
2309 0.7151327
2408 1.5212059
2510 2.150496
2610 2.5403504
2710 2.5859795
2810 2.4862113
2910 2.131411
3011 1.3063493
3111 0.024903297
3212 -1.1081951
3311 -1.9713142
3411 -2.5260851
3512 -2.5944903
3612 -2.613961
3713 -2.6071227
3813 -2.417568
3913 -1.6850076
4013 -0.33407402
4113 0.7929821
4213 1.5723634
4314 2.0742607
4414 2.4030104
4515 2.5073142
4614 2.4522424
4716 2.0563712
4816 1.3378482
4916 0.27873564
5016 -0.78763866
5116 -1.6971283
5217 -2.4829075
5317 -2.950251
5416 -2.6752279
5517 -2.297852
5618 -1.6209152
5718 -0.7560563
5818 0.23355007
5917 1.0971241
6018 1.8097048
6119 2.0560732
6203 2.1269317
6302 2.1665392
6402 2.096511
6504 1.6179094
6603 0.7060194
6704 -0.8943701
6804 -1.6043591
6904 -2.4612145
7005 -3.127261
7105 -3.179562
7205 -3.1721835
7306 -3.1352735
7405 -2.4744887
7506 -1.5942047
7606 -0.53633404
7706 0.6326723
7807 1.4836769
7907 2.1165328
8007 2.2344055
8108 2.3536887
8208 2.3465662
8308 2.142447
8408 1.6937017
8508 0.48206425
8609 -0.7241516
8709 -1.6341984
8810 -2.660355
8910 -3.19245
9010 -3.2574854
9109 -3.1248846
9211 -2.3112626
9310 -1.0258839
9412 0.68362665
9511 1.8807564
9611 2.4331298
9712 2.6075945
9812 2.657763
9913 2.541644
10013 1.6216521
10113 0.41568756
10213 -0.41283798
10314 -1.1617672
10414 -2.1168406
10514 -2.5771763
10614 -2.6978905
10714 -2.598204
10815 -1.6357021
10916 -1.0766532
11015 -0.41482592
11116 0.13558054
11216 0.62399006
11316 1.2152715
11416 1.6254592
11517 1.765851
11617 1.7602434
11717 1.4188232
11817 0.05510521
11917 -1.1814117
12017 -2.0634398
12118 -2.6374826
12218 -2.9067826
12319 -2.9454226
12419 -3.020066
12502 -3.0320983
12603 -2.7979734
12702 -1.4303246
12803 -0.28437567
12904 0.94086313
13221 3.5437794
13321 2.9612732
13422 2.6765852
13522 2.2662773
13623 1.486393
13723 0.25834846
13823 -1.1074557
13923 -1.9329059
14024 -2.4923348
14123 -2.6267178
14224 -2.4773126
14324 -1.98985
14425 -0.9256916
14525 0.3071108
14625 1.3128481
14725 2.2604575
14825 2.4891343
14927 2.6388955
15027 2.6125984
15126 2.444786
15227 1.6270704
15327 0.16964054
15427 -0.8222399
15511 -1.3906798
15611 -1.8325906
15711 -2.1630733
15812 -2.1609788
15912 -1.8938813
16012 -1.0293801
16112 0.3877492
16213 1.286232
16313 1.5390983
16412 1.5606093
16513 1.4473968
16614 0.76412916
16713 0.057870865
16814 -0.7506647
16914 -1.2937131
17015 -2.05067
17115 -2.435373
17215 -2.4786463
17315 -2.4285417
17416 -2.39142
17516 -2.3209157
17616 -1.7371354
17717 -0.32295036
17817 1.0388255
17932 1.9703331
18018 2.481411
18118 2.7658768
18218 2.8774362
18318 2.8848333
18419 2.869587
18519 2.810327
18619 2.0997314
18719 0.45823193
18820 -0.524889
18920 -1.3708987
19020 -2.0086389
19121 -2.5420282
19221 -2.6674085
19321 -2.8210201
19421 -2.8181493
19522 -2.7662404
19622 -2.4087043
19722 -1.4216435
19822 -0.33770418
19922 0.65514326
20257 2.439701
20357 2.46391
20457 2.4452004
20557 2.3317614
20658 1.5510011
20758 0.32810688
20858 -0.4539361
20959 -1.0522277
21059 -1.5379627
21159 -1.9429181
21259 -2.1359503
21360 -2.2182586
21460 -2.2101731
21561 -2.1157005
21660 -1.7490258
21760 -0.9758172
21861 -0.10824299
21961 0.62190056
22044 1.2930794
22379 2.189888
22480 2.1914663
22580 2.1785226
22680 2.0687828
22779 1.4933443
22880 0.46755552
22981 -0.5543933
23081 -1.2243004
23399 -2.2524705
23499 -2.3351846
23599 -2.2872314
23699 -2.114761
23800 -1.8140545
23900 -0.9845276
24233 2.2170982
24318 2.5409865
24418 3.0047646
24518 3.0761175
24619 3.0115166
24718 2.5535164
24818 1.3637996
24919 0.055428505
25020 -1.1469626
25119 -2.449326
25220 -3.1370227
25321 -3.4396472
25421 -3.4092765
25521 -3.255015
25621 -2.6700215
25721 -1.8347714
25822 -1.3331738
25922 -0.5540352
26021 0.33743858
26122 1.0267806
26222 1.6051612
26323 1.8419733
26423 1.8900046
26524 1.8922606
26624 1.8708048
26724 1.5979095
26824 0.6116009
26925 -0.66941833
27024 -1.5724831
27124 -2.346698
27225 -2.758871
27326 -3.0555265
27425 -3.1909204
27526 -3.2411075
27626 -3.1919353
27727 -2.9728065
27826 -2.3038192
27927 -1.2838452
28028 -0.28810596
28127 0.78390026
28228 1.7277908
28328 2.2672186
28428 2.3400207
28529 2.2955246
28628 2.1599975
28730 1.8514199
28829 1.2441368
28930 -0.08696604
29029 -1.1719189
29130 -1.9903574
29230 -2.5567913
29331 -2.7629676
29430 -2.803398
29531 -2.8064492
29632 -2.8042288
29747 -2.7889137
29832 -2.6580024
29932 -1.8227789
30033 -0.44295406
30133 0.7243624
30233 1.4614716
30334 1.9287567
30433 2.177278
30535 2.318438
30618 2.3383303
30718 2.2676811
30818 1.8375893
30918 0.94951725
31019 0.0709281
31119 -1.1085544
31219 -2.222734
31319 -3.0863552
31420 -3.4126225
31520 -3.505599
31620 -3.4494338
31720 -3.2840886
31821 -3.09431
31921 -2.0716321
32021 -1.2870533
32122 -0.594285
32222 0.12578297
32322 0.87778807
32437 1.6474953
32523 1.9839411
32623 2.064907
32722 2.080564
32824 2.0887098
32923 2.090085
33024 1.8883181
33125 0.38680315
33225 -0.7038164
33324 -1.7918334
33425 -2.375093
33525 -2.6585245
33626 -2.7281768
33726 -2.7480261
33826 -2.7119
33926 -2.663535
34027 -2.580668
34127 -2.464563
34228 -2.3326075
34327 -2.2628152
34428 -1.5233426
34528 0.23319435
34796 2.0840416
34895 2.2978234
34996 2.5458488
35096 2.666236
35196 2.6097488
35297 2.2973504
35397 1.1531281
35497 -0.09511614
35597 -1.282428
35698 -2.0882535
35797 -2.467388
35899 -2.6003075
35999 -2.591033
36099 -2.5281055
36198 -2.4728272
36282 -2.408045
36382 -2.2051406
36483 -1.177012
36583 -0.023806095
36684 0.8716316
36784 1.6614351
36884 2.3140197
36985 2.7418528
37085 2.9000764
37185 2.9481406
37286 2.8746452
37386 2.5557914
37486 1.7079802
37586 0.7446718
37687 -0.30892038
37787 -1.6150403
37887 -2.257279
37988 -2.6565566
38088 -2.7950325
38188 -3.0230753
38288 -3.016513
38388 -2.8859868
38489 -2.8227296
38589 -2.6741393
38688 -1.8114979
38789 -0.59320545
38890 0.40604353
38990 1.4978819
39091 2.4769068
39190 2.8024015
39290 2.880835
39391 2.869718
39492 2.8130822
39592 2.6319032
39692 2.1243615
39791 1.1443639
39892 0.12050724
39993 -0.52329254
40093 -1.0204723
40193 -1.7409046
40293 -2.1637275
40394 -2.3572943
40494 -2.3928475
40595 -2.3797803
40695 -2.255274
40795 -1.5892048
40894 -0.6103077
40995 0.13920021
41096 0.8620825
41195 1.5561309
41296 2.3523903
41397 2.7854629
41497 2.9428115
41597 2.9689345
41697 2.8715043
41797 2.5093393
41897 1.6765528
41998 0.6117301
42099 -0.14048862
42199 -0.9811435
42298 -1.834882
42399 -2.2490752
42483 -2.3925395
42582 -2.3841212
42684 -2.3089223
42784 -2.2686634
42884 -2.065672
42984 -0.9515295
43085 -0.11553478
43185 0.51167774
43285 1.1196604
43385 2.1156487
43486 2.5600867
43585 2.7022924
43686 2.7419052
43786 2.730906
43886 2.6567926
44204 0.53279257
44304 -0.23748589
44405 -0.8026056
44504 -1.4505877
44605 -2.0234168
44705 -2.3164515
44805 -2.3982606
44906 -2.3890972
45006 -2.3465056
45107 -2.27848
45206 -2.0638576
45306 -1.3990097
45407 -0.4069891
45508 0.6195059
45608 1.4356055
45708 2.1915236
45808 2.654088
45908 2.800264
46009 2.794507
46109 2.6822405
46210 2.037448
46310 0.83570004
46410 -0.14138079
46509 -0.8377347
46611 -1.5908914
46711 -2.3370707
46811 -2.8831656
46911 -3.0408664
46995 -3.037056
47094 -2.9305387
47194 -2.7198775
47296 -2.2360547
47396 -1.31825
47496 -0.21615887
47597 0.82293415
47697 1.5271492
47797 2.0340562
47897 2.4582229
47998 2.7180696
48098 2.7911096
48198 2.7849913
48299 2.6368728
48399 1.8514113
48699 -1.5709343
48800 -2.3744783
48900 -2.935125
49000 -3.1148458
49100 -3.1220515
49201 -3.0221305
49301 -2.8238409
49401 -2.3264737
49501 -1.5065854
49618 -0.5042939
49718 0.32208347
49819 1.054697
49919 1.620719
50019 2.243585
50120 2.5808754
50220 2.6029205
50321 2.3056307
50420 1.5786371
50521 0.21902609
50621 -0.85620546
50722 -2.2020423
50822 -2.5902297
50922 -2.6875176
51023 -2.7619133
51123 -2.710541
51222 -2.466781
51323 -1.8644872
51407 -1.0713959
51506 -0.03290987
51606 1.0890293
51708 2.1875052
51808 2.821837
51908 3.1263142
52008 3.1707706
52108 2.9754424
52209 2.7103739
52309 2.1917267
52409 1.0278969
52510 0.013167858
52610 -0.9578047
52709 -1.852025
52811 -2.6063228
52911 -3.101056
53010 -3.2195325
53111 -3.106482
53212 -2.6778202
53312 -1.8462882
53412 -1.0571618
53512 -0.111588955
53612 0.8244281
53713 1.6907759
53813 2.269899
53913 2.4850173
54014 2.5585175
54114 2.56067
54214 2.4478025
54314 1.8853941
54414 0.6442671
54515 -0.32374048
54615 -1.2246087
54716 -2.1291022
54815 -2.6867285
54916 -3.0328004
55016 -3.0818303
55117 -3.0543103
55216 -2.942218
55316 -2.5523133
55417 -1.6553771
55518 -0.70815706
55618 0.111784935
55718 0.8244343
55819 1.5962267
55918 2.0983353
56019 2.3753724
56119 2.4333124
56220 2.3965821
56320 2.1700797
56420 1.6263514
56520 0.7868185
56621 0.053622723
56720 -0.9617481
56821 -2.1702342
56921 -2.9911401
57021 -3.2203245
57122 -3.2107704
57222 -3.0852265
57322 -2.9886234
57423 -2.7391021
57523 -1.8497701
57623 -0.54481983
57706 0.3536911
57806 1.1954317
57906 1.9425683
58008 2.3133469
58108 2.3926697
58208 2.3328042
58308 2.2121248
58409 1.9857583
58509 1.0577497
58609 0.19832706
58710 -0.8030834
58810 -2.2401433
58910 -3.2697453
59010 -3.550119
59110 -3.6977394
59210 -3.6995664
59311 -3.6089864
59410 -3.417162
59512 -2.7943137
59612 -1.6248069
59712 -0.44713116
59813 0.5445895
59913 1.4452949
60013 1.889987
60113 2.0757446
60213 2.0847802
60314 2.0571313
60414 2.0491285
60514 2.015821
60615 1.5513687
60715 0.30526876
60815 -1.1537812
60916 -2.2823753
61015 -3.1999764
61116 -3.7201703
61216 -3.8414226
61317 -3.7863011
61417 -3.6007383
61517 -3.3958936
61617 -2.827705
61718 -1.6221642
62035 1.5244088
62135 2.1198478
62235 2.4458046
62336 2.557386
62436 2.5708466
62536 2.3985853
62637 1.7174387
62736 0.43704462
62837 -0.6119437
62938 -1.6428497
63037 -2.387776
63138 -2.9796777
63238 -3.2293234
63338 -3.2445984
63439 -3.103294
63538 -2.7531667
63640 -2.1057467
63957 0.8048663
64056 1.7648873
64157 2.4485078
64257 2.6378012
64358 2.660273
64458 2.6038308
64559 2.3540878
64659 1.725152
64759 0.58230686
64859 -0.5035286
64959 -1.5621591
65059 -2.29575
65159 -2.921963
65259 -3.2011251
65361 -3.24573
65461 -3.0382466
65561 -2.7771282
65662 -1.59641
65762 -0.2684493
65862 1.2586718
65962 2.2638254
66062 2.7138863
66163 2.9407501
66263 2.99255
66362 2.987667
66464 2.7761397
66564 1.9323225
66664 0.49938536
66764 -0.7221556
66865 -1.7871547
66964 -2.7909389
67065 -3.2092977
67165 -3.3313186
67266 -3.2547219
67366 -2.9143214
67465 -1.7013936
67567 -0.2216978
67667 0.8582802
67767 1.8057318
67867 2.5148673
67968 2.950242
68068 3.0217247
68168 2.7555747
68268 2.196147
68369 1.1739368
68469 0.098083496
68569 -1.4430645
68652 -2.459539
68752 -3.2560277
68852 -3.6400008
68953 -3.7062783
69054 -3.6411743
69154 -3.2497184
69253 -2.453174
69355 -1.3708324
69455 -0.37392712
69555 0.64578295
69655 1.5071602
69756 2.298337
69856 2.775599
69956 2.993328
70057 3.0100727
70157 2.8678832
70257 2.372364
70357 1.5641565
70457 0.31139088
70557 -0.8461895
70658 -1.9093115
70758 -2.693684
70859 -3.0283556
70959 -3.1668317
71059 -3.2379174
71159 -2.9914742
71259 -2.2430234
71360 -1.1081815
71459 -0.1548729
71560 0.9587374
71660 2.0280027
71761 2.8446364
71860 3.1157331
71961 3.1300554
72062 2.9691687
72162 2.6148705
72262 1.1957765
72362 -0.30332708
72463 -1.2604039
72563 -1.9620202
72663 -2.4600892
72764 -2.7441437
72864 -2.7391343
72964 -2.356745
73064 -1.8264594
73165 -1.0978546
73265 0.023781776
73365 1.0570598
73465 2.185308
73565 2.917015
73666 3.1615925
73767 3.152688
73867 3.0566416
73966 2.5794015
74067 1.4171205
74167 0.23338413
74267 -0.80478954
74368 -1.9061608
74468 -2.9592984
74568 -3.394508
74668 -3.4247496
74769 -3.2636304
74853 -2.8461676
74952 -2.4275126
