14 2.8307939
115 1.587152
214 0.33121824
314 -0.8812299
416 -1.9106364
516 -2.9075904
616 -3.6643293
716 -3.666688
816 -2.9314618
916 -1.3989081
1016 0.2597556
1116 1.9740906
1217 3.2210197
1316 4.0367928
1417 4.119462
1517 3.1859903
1617 1.6600366
1718 0.03730774
1818 -1.3504422
1918 -2.4562306
2019 -4.641092
2118 -4.9965343
2218 -4.663988
2318 -3.602449
2418 -2.0291376
2520 -0.4868307
2603 0.5910177
2703 3.204134
2803 3.879572
2903 4.1844206
3003 3.8830976
3103 2.5287542
3203 0.8179655
3303 -0.52591467
3403 -1.5327048
3504 -2.2316508
3604 -2.8818011
3704 -3.0851512
3804 -2.4206395
3905 -0.5596199
4005 1.262115
4105 2.745143
4205 3.7341747
4305 4.1121874
4405 3.969986
4505 2.5753655
4605 0.78875065
4705 -0.83849716
4806 -2.0016456
4906 -3.1774669
5006 -3.4779499
5106 -3.5214381
5207 -2.3824015
5309 -0.6653185
5409 0.901145
5509 2.1575675
5609 3.292632
5708 3.9801874
5809 3.9694433
5908 3.148285
6009 1.4651299
6108 0.043385983
6209 -1.3195653
6308 -2.2988834
6409 -3.0289466
6508 -3.430045
6611 -3.3408117
6711 -1.981518
6811 -0.31891632
6911 1.2397904
7011 2.4833007
7110 3.277956
7210 3.6236515
7310 3.6123867
7411 2.8036666
7511 1.2278929
7611 -0.075786114
7711 -1.2997594
7814 -2.4479518
7911 -3.1817255
8011 -3.4432113
8112 -3.081184
8212 -1.680114
8312 0.4246874
8412 1.9501472
8512 2.911087
8612 3.6653957
8713 3.814598
8813 3.2709122
8913 1.7638917
9013 0.008766174
9113 -1.2736611
9213 -2.2301838
9313 -3.0170593
9414 -3.2636743
9514 -3.3107312
9614 -2.5487726
9714 -1.3317428
9814 -0.022151947
9915 1.5925117
10015 2.7094927
10115 3.6693401
10215 4.173128
10315 4.1096983
10417 3.0424442
10516 1.321538
10616 -0.46246243
10716 -1.7326477
10816 -2.7921247
10917 -3.6483083
11016 -4.028389
11116 -4.110946
11218 -2.9154062
11317 -1.632977
11417 0.7622919
11517 1.736918
11618 2.3842154
11717 2.9818625
11818 2.7246284
11918 1.3362164
12018 -0.12603092
12118 -1.4719894
12218 -2.3416314
12319 -3.0347447
12420 -3.6793563
12520 -4.258844
12603 -4.3195043
12703 -3.535052
12803 -2.2615845
12903 -0.36759663
13003 2.1152983
13103 3.331585
13203 4.007221
13304 3.9591856
13404 3.6951628
13504 2.3377051
13604 0.84404325
13704 -0.5607405
13804 -1.5371387
13905 -2.5090048
14004 -3.303159
14105 -3.2637725
14205 -3.2246222
14305 -1.9299703
14406 -0.19536352
14506 1.4811797
14609 2.5040321
14709 3.1496143
14806 3.3857183
14906 2.7568069
15008 0.30829906
15106 -0.86267424
15207 -1.7837396
15307 -2.4147377
15407 -3.1149342
15507 -3.6336846
15607 -3.6274762
15708 -3.0962138
15807 -1.254483
15909 0.51048994
16008 2.065899
16108 2.7615266
16208 3.0831203
16309 2.839109
16411 1.3823023
16511 -0.16918182
16613 -1.4032483
16711 -2.5361662
16812 -3.5463805
16912 -4.056224
17012 -4.2942963
17110 -4.2984967
17211 -4.210115
17311 -3.6975017
17410 -2.50493
17511 -1.3634124
17611 0.7543502
17711 2.1768084
17811 2.7229948
17911 3.1291018
18014 3.2093716
18112 3.0836086
18212 2.2162027
18312 0.7966838
18413 -0.45213032
18512 -1.5098393
18613 -2.303028
18712 -3.0233138
18813 -3.3074803
18913 -3.274618
19013 -3.0909772
19113 -2.690526
19213 -1.564764
19315 -0.2690363
19415 1.4556437
19515 2.846447
19615 4.0574865
19714 4.568308
19815 4.596183
19914 4.387845
20232 1.2290573
20332 -0.4472847
20432 -1.6038177
20532 -2.6723528
20633 -3.1095023
20733 -3.3314757
20833 -3.4187217
20933 -3.3832607
21033 -3.3332005
21133 -3.10012
21236 -2.1360402
21336 -0.82050943
21437 0.90793514
21536 2.1176786
21636 2.676805
21736 2.962439
21837 2.9871573
21937 2.9848466
22035 2.9390345
22136 2.3830223
22452 -1.5678935
22553 -2.3455493
22652 -3.2396648
22753 -3.959795
22853 -4.4919953
22953 -4.5645447
23053 -4.5106783
23154 -4.4849825
23487 -1.1639581
23588 0.31424856
23672 1.244564
23772 2.7134337
23872 3.4867582
23972 3.7147417
24289 2.7580576
24389 2.1853957
24489 1.3546538
24589 0.11049175
24690 -0.7845206
24790 -1.9582562
24890 -2.4302309
24990 -2.7242422
25090 -3.0905957
25191 -3.2708936
25290 -3.2991147
25391 -3.3050725
25491 -3.255487
25591 -2.5444167
25691 -0.8303757
25791 0.3284135
25892 1.3769999
25992 2.3501139
26092 3.127472
26192 3.582018
26293 3.7704802
26393 3.7992535
26492 3.7962408
26593 3.701024
26693 3.2391415
26793 2.1057906
26893 0.6351938
26994 -0.7883363
27094 -2.028561
27194 -3.1876929
27294 -3.757519
27394 -3.9627712
27495 -4.0370226
27596 -3.8825705
27695 -3.2380097
27795 -1.9908099
27895 -0.39640903
27995 0.953753
28095 1.9341345
28196 2.9657679
28295 3.6827135
28379 3.9998264
28479 4.080183
28580 4.081461
28680 4.0577383
28780 3.5681295
28880 1.746531
28980 0.16594696
29080 -1.132164
29180 -2.2990794
29281 -3.3478131
29381 -4.0141826
29481 -4.2234287
29581 -4.287327
29681 -4.247117
29782 -4.160598
29882 -3.7679505
29982 -3.33124
30082 -1.8942342
30182 -0.1446867
30282 1.4910836
30383 2.7445536
30483 3.5114803
30582 3.8023796
30683 3.828145
30783 3.668745
30883 3.0348625
30983 2.017096
31083 0.6532068
31186 -0.57796764
31286 -1.4764056
31386 -2.3915975
31485 -2.6967998
31586 -3.245805
31686 -3.2752337
31786 -3.241106
31886 -3.1967163
31986 -3.1478493
32085 -2.5250506
32185 -0.8922305
32286 0.2965989
32388 1.337285
32486 2.1369996
32589 2.6086006
32688 2.843779
32788 2.9995165
32920 2.9801583
33020 2.7062044
33120 1.8303843
33221 0.31939793
33321 -0.7935028
33421 -1.9649434
33521 -2.8267636
33621 -3.4498882
33722 -3.923749
33821 -4.1593957
33922 -4.1595697
34022 -3.8525248
34122 -2.9156148
34222 -1.8459983
34322 -0.5695853
34422 0.7981849
34522 1.7581978
34841 3.5913334
34941 3.7188635
35040 3.8402977
35141 3.8913918
35240 3.8660994
35341 2.5058823
35441 0.5082817
35542 -1.2508492
35641 -2.4699554
35742 -3.0954583
35841 -2.9828675
35942 -2.9558609
36042 -2.679395
36142 -2.297269
36242 -1.8310356
36342 -0.9858341
36443 0.45301533
36544 1.7369475
36643 2.528932
36743 3.2929363
36844 3.9020824
36944 4.194128
37044 4.2959633
37144 4.307143
37244 4.1557865
37344 2.6030173
37445 1.1621399
37544 -0.21035004
37645 -1.271045
37745 -2.1643798
37845 -2.8957615
37949 -3.1658714
38045 -3.2770467
38146 -3.3521597
38246 -3.3091097
38346 -3.2475266
38430 -2.6199918
38529 -1.0094619
38629 0.46779728
38730 1.7709556
38830 2.4290414
38930 2.9098525
39030 3.3709402
39131 3.5042114
39231 3.5080967
39331 3.4598484
39431 3.109767
39531 2.2221632
39631 1.1041927
39731 -0.09481001
39832 -1.1386814
39932 -2.0188348
40032 -2.6397696
40132 -3.0038009
40233 -3.138392
40332 -3.2555017
40433 -3.3087032
40533 -3.2396624
40634 -2.6709936
40733 -1.5243244
40833 -0.4657812
40934 0.8562875
41036 2.0777464
41134 2.9819894
41237 3.3501883
41336 3.5206356
41437 3.5978146
41536 3.3060436
41636 2.172184
41736 0.86589336
41836 -0.08861303
41936 -1.0543072
42036 -1.7605362
42135 -2.406755
42236 -2.9717534
42335 -3.0176177
42436 -2.8830266
42536 -1.5844455
42636 -0.19848347
42736 1.7444916
42836 3.175043
42936 4.3478403
43037 4.616935
43137 4.2282066
43238 3.5441818
43338 2.97231
43437 1.9199729
43538 0.5176854
43639 -0.7594652
43738 -1.7563407
43838 -2.6536918
43941 -3.111155
44256 -3.5862918
44356 -2.5239718
44456 -1.2207241
44556 0.31305504
44657 1.6139779
44756 2.7235746
44857 3.5825186
44960 4.0434437
45057 4.136572
45160 3.9399319
45257 3.1474895
45359 1.825222
45460 -0.04521513
45560 -1.556171
45660 -2.430566
45759 -3.0281155
45859 -3.4778843
45959 -3.5818717
46061 -3.3623738
46160 -2.1421463
46260 -0.5741377
46359 1.091227
46460 2.5302973
46560 3.6067896
46660 4.1146297
46760 4.0322437
46860 2.8284402
46960 1.3067193
47061 -0.22248363
47161 -1.6362271
47261 -2.8057647
47361 -3.6633704
47461 -4.087336
47561 -3.9984105
47662 -3.4070778
47762 -1.9776511
47862 -0.64291954
47962 0.9009161
48062 2.3276849
48163 3.1542044
48263 3.6491013
48362 3.2553596
48713 -1.6362157
48814 -2.4840093
48914 -3.2689567
48998 -3.6339185
49098 -4.059938
49198 -4.213993
49298 -3.97831
49398 -1.9478078
49498 -0.1209383
49632 1.7622795
49732 2.577887
49816 3.460905
49916 3.9641132
50016 3.7718906
50116 2.6198173
50216 0.9340973
50315 -0.2908435
50416 -1.4834111
50517 -2.4193106
50617 -3.062429
50717 -3.325924
50817 -3.1336856
50917 -2.3158016
51018 -1.1249642
51117 0.44324255
51217 1.8411484
51318 2.9335504
51418 3.790575
51518 4.2599
51618 4.387701
51719 3.9697742
51819 3.2883244
51919 2.1288996
52019 0.4423256
52119 -0.53892136
52219 -1.2152336
52322 -1.4417186
52422 -1.796186
52522 -1.9638143
52622 -1.7410436
52722 -0.35581684
52822 0.99778605
52922 2.0174942
53022 2.9064436
53121 3.3448753
53221 3.372881
53321 2.9052591
53424 1.590394
53521 0.3950944
53624 -0.58500385
53724 -1.5092454
53824 -1.9299281
53924 -2.2518163
54024 -2.3763313
54123 -2.3350282
54223 -2.1436977
54323 -1.0649459
54423 0.653224
54523 1.742991
54623 2.467332
54724 3.001419
54824 3.5754023
54924 3.5794497
55023 2.8719125
55124 1.0175014
55224 -0.2617135
55327 -1.2043164
55427 -1.8390877
55527 -2.4386287
55627 -2.6488795
55725 -2.7717297
55826 -2.160458
55927 -0.6460171
56027 0.68752766
56126 1.9384804
56226 2.7092376
56326 3.336855
56427 3.4326954
56528 2.858706
56627 1.0018997
56727 -0.5201402
56827 -1.5063603
56927 -2.1273365
57028 -2.5697114
57128 -2.6783524
57228 -2.6934915
57328 -2.5374925
57428 -1.0503204
57528 0.36499643
57628 1.6220121
57728 2.5635743
57829 3.185196
57929 3.6829329
58030 3.7540188
58129 3.255086
58229 1.6336441
58330 -0.26583576
58430 -1.138349
58530 -1.7955062
58630 -2.2648091
58730 -2.6951132
58830 -2.8181052
58930 -2.472962
59032 -1.132993
59132 0.22837353
59231 1.473052
59331 2.3023896
59431 2.9283457
59531 3.2404451
59632 3.0950985
59716 2.4908729
59815 1.5313821
59915 0.6185746
60016 -0.38469696
60116 -1.2391312
60216 -1.8323612
60317 -2.2029574
60416 -2.5166154
60516 -2.6699164
60617 -2.5707397
60717 -1.0860391
60817 0.28393078
60917 1.6395392
61018 2.6497827
61117 3.4848204
61218 3.7809734
61318 3.0197773
61417 1.1219416
61518 -0.50118494
61619 -1.5249908
61719 -2.5541432
61821 -2.9371116
61919 -3.0297515
62019 -2.6314063
62119 -2.1440148
62219 -0.8432665
62319 0.34712076
62422 1.4875898
62522 2.944232
62622 3.357027
62722 4.033083
62822 3.9883652
62921 2.8687377
63021 1.6462622
63121 0.1681552
63221 -0.99522114
63321 -1.9003232
63424 -2.2099946
63521 -2.1826606
63625 -1.1575515
63724 0.49661207
63824 2.3117762
63924 3.7659712
64023 4.6878347
64122 5.0
64223 4.63566
64323 3.2752647
64423 1.7285013
64524 0.1765666
64624 -0.99056053
64727 -1.8004572
64824 -2.5518098
64927 -2.9859154
65024 -2.8742156
65125 -2.3763871
65225 -1.570123
65324 0.205235
65424 1.0188894
65525 1.7248993
65625 2.283206
65725 2.302919
65825 1.4960761
65926 0.0030536652
66028 -1.2352784
66126 -2.748696
66227 -3.8533983
66326 -4.517935
66427 -4.6655974
66527 -4.5712423
66627 -3.8029625
66727 -2.4230638
66827 -1.0800316
66928 0.33147907
67028 1.9503012
67128 3.1415596
67230 3.90493
67328 4.537632
67428 3.6153164
67528 1.4813895
67629 -0.09388828
67729 -1.0073152
67829 -1.370172
67929 -1.8822141
68029 -1.9424665
68130 -1.9336963
68230 -1.2267692
68330 0.28417492
68431 1.68367
68531 2.882791
68630 3.659752
68731 3.8554115
68831 3.9262934
68931 3.5445557
69031 2.15233
69131 1.1959476
69231 0.16755104
69331 -0.8244481
69431 -1.7115135
69516 -2.2718396
69616 -2.781696
69716 -2.8830507
69816 -2.6393723
69916 -1.7075906
70016 0.15119457
70116 1.5466385
70216 2.9670458
70317 4.031084
70417 4.363388
70517 4.0356646
70617 3.1216784
70717 1.2195282
70818 -0.25050926
70918 -1.3691459
71018 -2.0270166
71118 -2.7295134
71218 -3.6952314
71318 -3.9564118
71418 -3.7175653
71519 -2.8582568
71619 -1.0101597
71719 -0.07513046
71819 0.65672874
71919 1.4267969
72022 1.851625
72122 1.9605207
72222 1.8550806
72322 0.6029296
72422 -0.7891593
72522 -1.8706222
72621 -2.892603
72721 -3.4812424
72821 -4.662824
72921 -4.4660525
73021 -3.7838202
73121 -2.4497027
73222 -1.3597636
73321 -0.17661285
73422 0.8919411
73522 2.022883
73622 2.664383
73722 3.4059181
73822 3.6423712
73923 3.6516285
74023 3.274786
74123 1.6852965
74223 0.06331158
74323 -1.2660327
74424 -2.03721
74524 -2.1900687
74623 -2.284637
74724 -2.283669
74824 -1.7247226
74924 -0.21384335
