13 -1.5345142
114 -1.9967387
215 -2.2659564
315 -2.137945
414 -1.7129853
514 -1.2195499
615 -0.50230265
715 0.6691909
815 2.5431075
915 4.332678
1016 5.0
1115 5.0
1216 5.0
1316 5.0
1416 5.0
1516 3.315055
1616 1.9384179
1716 -0.002714157
1816 -1.1986725
1917 -2.1643662
2017 -2.744202
2117 -2.9253623
2217 -2.8281372
2317 -2.4718606
2418 -1.5942318
2518 -0.4418211
2618 0.82815504
2718 1.909936
2818 3.4144173
2918 4.360653
3019 5.0
3120 5.0
3219 4.8710785
3319 4.0091
3419 2.9758987
3519 1.6497307
3620 0.1932621
3719 -0.961483
3819 -1.8001199
3922 -2.4257808
4021 -2.779821
4122 -2.7955537
4204 -2.7808957
4304 -2.6404996
4404 -2.1288624
4521 -0.46649408
4604 1.041264
4705 2.9285836
4804 4.491088
4904 5.0
5005 5.0
5105 5.0
5206 4.7795963
5306 3.2915936
5406 2.0148726
5508 0.13232327
5607 -0.9486804
5706 -1.8104367
5823 -2.852466
5907 -3.146461
6007 -3.023273
6108 -2.7727828
6209 -2.8542953
6308 -2.90745
6407 -2.5376983
6508 -1.6367946
6609 0.04031849
6708 1.4837937
6810 3.1161041
6908 4.2794724
7010 5.0
7108 5.0
7209 5.0
7309 4.0598335
7409 3.075676
7510 1.8428407
7610 0.28659534
7710 -0.5533533
7810 -1.3116848
7911 -1.9187984
8010 -2.8023417
8111 -3.0251863
8211 -3.0257807
8310 -2.7844357
8411 -2.152142
8510 -1.3507671
8612 -0.37564182
8711 0.6880646
8813 1.5583811
8912 2.6186447
9012 3.611287
9112 4.0818224
9212 4.5438213
9312 4.717452
9413 3.8488455
9512 2.7137957
9613 2.0216112
9715 0.73572683
9813 -0.34329748
9915 -1.2681298
10014 -1.755497
10114 -2.0997815
10214 -2.4086523
10314 -2.408507
10414 -2.0437396
10514 -1.1728141
10614 0.14034033
10715 0.891778
11065 3.6035833
11165 3.8691273
11266 3.6528873
11366 3.048852
11466 2.429666
11566 1.8455782
11667 0.3162365
11766 -1.0300088
11866 -2.0368588
11967 -2.9968123
12067 -2.9605334
12384 1.1476951
12484 1.9789863
12584 2.6688414
12684 2.7971077
12785 2.5124688
12885 1.2550554
12985 0.057646275
13085 -1.0319195
13185 -1.4762154
13286 -1.6713681
13385 -1.6512535
13486 -1.5637803
13586 -0.8887086
13671 0.062981606
13770 1.0407181
13886 2.3968
13971 3.0371265
14087 3.3882656
14171 3.437295
14270 3.278535
14372 2.582129
14470 1.4768372
14572 0.4038167
14673 -0.51479435
14772 -1.1908793
14872 -1.4930599
14972 -1.5948975
15071 -1.4650612
15188 -0.75957966
15271 -0.04280567
15372 0.91665745
15474 1.770112
15573 2.6758337
15674 3.1525173
15773 3.4139042
15873 3.4252148
15973 3.258442
16073 2.8247924
16174 2.0149994
16274 1.2853899
16376 0.80154085
16474 0.16012812
16575 -0.52717113
16674 -1.1876264
16775 -1.5063634
16876 -1.6250286
16975 -1.4105141
17075 -0.8182821
17176 0.08949089
17276 0.57807064
17376 0.94780636
17476 1.4736047
17576 1.7726641
17676 2.1212754
17776 2.4249673
17876 2.6315756
17977 2.8040557
18076 2.8903046
18179 2.9084082
18277 2.907786
18378 2.882038
18477 2.6332693
18578 1.8246827
18678 1.0408401
18778 0.1876483
18878 -0.6915059
18979 -1.2446907
19078 -1.6488864
19178 -2.0615323
19280 -2.2973657
19379 -2.3376884
19480 -2.3337502
19580 -2.319631
19680 -2.257843
19780 -1.7278233
19880 -0.7917242
19980 0.31634045
20080 0.7383909
20180 1.3064966
20280 2.0282946
20382 2.4799628
20481 3.3896866
20581 3.6276884
20681 3.8288507
20781 3.8356438
20881 3.743083
20982 3.4668932
21082 3.1233454
21182 2.8259192
21283 2.2672286
21383 1.5892248
21482 1.0690427
21582 0.114675045
21683 -0.58051825
21783 -1.4227529
21883 -1.9954264
21983 -2.3296838
22083 -2.838444
22184 -2.5309234
22284 -2.3953087
22384 -2.2779787
22484 -2.1306732
22585 -1.6148744
22685 -0.4004526
22785 0.32064152
22884 0.8066492
22985 1.596591
23084 2.3515596
23185 2.9964247
23287 3.3545809
23386 3.478283
23487 3.475994
23586 3.3728857
23686 3.1699772
23786 2.746975
23887 2.3935714
23986 2.0388517
24086 1.0634456
24187 0.38952827
24287 -0.46189404
24372 -0.9972253
24471 -1.3002324
24588 -1.5346012
24672 -1.6019046
24771 -1.6045938
24873 -1.4761987
24989 -1.1489925
25072 -0.3327303
25189 0.54202366
25273 1.0701447
25371 2.2412887
25473 3.0453758
25572 3.7030096
25673 4.165201
25773 4.516529
25873 4.6109
25973 4.5644035
26073 4.371811
26174 4.1183186
26274 3.9131489
26374 3.5606909
26474 3.1802778
26575 2.6531668
26675 2.1162539
26774 1.5273757
26875 0.9822688
26975 0.3116026
27075 -0.37748623
27175 -1.0511746
27276 -1.4696155
27375 -1.7469838
27476 -1.8488173
27576 -1.8503301
27676 -1.7890134
27776 -1.5957496
27876 -1.4102092
27977 -0.7510567
28076 0.21974993
28178 0.6646042
28277 1.1387997
28377 2.2698236
28477 2.3657165
28578 2.9534187
28678 3.3087034
28778 3.3838577
28878 3.1578007
28978 2.8681207
29080 2.5305548
29179 2.2282944
29279 1.5619826
29378 1.0195274
29480 0.35340738
29580 -0.4067645
29680 -1.101757
29779 -1.5662732
29879 -1.7089596
29980 -1.7977192
30080 -1.8300924
30181 -1.840203
30280 -1.9522243
30381 -1.7931943
30481 -1.3404555
30581 -0.2323122
30681 0.69730663
30781 1.3429575
30881 2.3577929
30981 2.6224031
31083 2.9874473
31182 3.0486612
31283 3.0502748
31381 3.024868
31482 2.8696504
31582 2.4714155
31682 2.0358377
31782 1.5223513
31883 1.1965022
31983 0.6999049
32083 0.1973896
32185 -0.5586209
32283 -1.2653656
32384 -1.8251345
32483 -2.0560875
32584 -2.1147506
32684 -2.1414351
32784 -2.1516387
32884 -2.1248398
32985 -1.904556
33085 -1.2577977
33185 -0.26345158
33286 0.8211398
33386 1.6042342
33486 2.142704
33585 2.3105326
33686 2.3582091
33786 2.3698602
33887 2.36344
33986 2.3470068
34086 2.2305474
34187 1.5115557
34286 0.73943233
34387 -0.118261814
34487 -2.3765385
34588 -2.3958058
34687 -2.5207622
34787 -2.5891168
34887 -2.619561
34988 -2.6002975
35091 -2.236992
35188 -1.4174359
35289 -0.15726757
35389 0.43590546
35489 0.9684434
35573 1.3618436
35689 1.7058144
35788 1.9124155
35889 2.1226244
35975 2.2043366
36073 2.248726
36175 2.2129579
36273 2.1149435
36374 1.5650544
36473 1.1756926
36574 0.7059164
36675 -0.49246597
36774 -1.4497464
36876 -2.1922002
36975 -2.5386605
37075 -2.64956
37175 -2.6410255
37277 -2.5446348
37376 -2.2689233
37475 -1.618814
37575 -0.39269543
37675 0.2682886
37776 0.84479666
37876 1.3338056
37979 1.6865869
38076 2.2162232
38177 2.3598795
38276 2.5448046
38377 2.5988455
38477 2.5798006
38578 2.474618
38677 2.2871714
38778 2.1556816
38881 1.4295793
38978 1.0632715
39079 0.23775196
39178 -0.75652647
39279 -1.6867852
39379 -2.4358542
39478 -2.855616
39579 -3.1484072
39680 -3.204949
39781 -3.1257434
39879 -2.8943057
39980 -2.343598
40080 -1.5828617
40180 -0.8612108
40281 0.028138638
40381 0.63396215
40481 1.566926
40581 1.8074188
40681 2.1496239
40781 2.3279366
40882 2.381196
40981 2.3985825
41082 2.4016175
41181 2.3909845
41281 2.2803907
41383 1.8930674
41482 0.9686341
41583 0.08171511
41683 -0.6551485
41782 -1.3732483
41883 -1.8346326
41983 -2.2566965
42083 -2.4140782
42183 -2.411592
42284 -2.3982387
42384 -2.3394399
42484 -2.0245674
42584 -1.3817353
42684 -0.1082325
42784 0.64783573
42884 1.484014
42985 2.245089
43085 3.1253176
43184 3.2298698
43285 3.036419
43385 2.9382067
43485 2.7618995
43586 2.4979658
43688 2.2214127
43786 1.4975753
43886 0.42405128
43988 -0.78668356
44087 -1.833992
44187 -2.673007
44286 -3.0488753
44387 -3.0998676
44487 -3.1786644
44588 -3.1028552
44687 -2.6895452
44787 -1.602705
44888 -0.4886794
44988 -0.24714804
45089 0.87832546
45189 2.16185
45289 3.3741636
45389 4.1946573
45489 3.9557438
45588 3.9551487
45688 3.9475756
45789 3.857154
45890 3.5839472
45989 3.4073772
46090 2.3694634
46190 1.5026741
46291 0.09222317
46391 -0.6586747
46474 -1.5030944
46591 -2.2640429
46690 -2.546081
46790 -2.6187575
46891 -2.606605
46975 -2.5176203
47076 -1.4249511
47175 -0.060837746
47292 1.1424351
47376 1.947362
47492 2.8743048
47592 3.5653687
47692 3.63898
47777 3.5116596
47876 2.7677603
47978 1.8514686
48076 0.8792391
48177 -0.28899288
48276 -0.79275656
48377 -1.485045
48477 -2.1715493
48577 -2.719113
48677 -3.0688212
48778 -2.9431205
48877 -2.8588333
48977 -2.4628186
49078 -0.9657197
49178 -0.0038337708
49278 1.1978798
49379 2.118669
49479 2.8449845
49579 3.6314535
49679 4.234276
49781 4.2536907
49881 3.837821
49980 2.9395514
50079 2.1700387
50180 1.2866621
50280 0.327765
50380 -0.63269186
50482 -1.4474444
50581 -1.914159
50682 -2.3854966
50781 -2.5959926
50882 -2.6229513
50981 -2.383325
51082 -1.8845298
51181 -0.87330055
51282 0.12094259
51382 1.0644407
51482 1.7377
51582 2.643323
51682 3.3028164
51785 3.6599398
51883 3.7238379
51983 3.4863586
52084 2.9370484
52184 2.0479302
52283 1.133697
52384 -0.27430344
52483 -1.3225942
52583 -2.169913
52683 -2.4144025
52784 -2.6081636
52885 -2.6037865
52984 -2.34767
53084 -2.0694838
53184 -0.92735004
53285 0.3549738
53385 1.0165906
53486 1.9395609
53585 2.8561935
53685 3.4033031
53785 3.7030048
53885 3.4989529
53986 3.2456207
54087 2.5384989
54187 1.7658935
54287 1.1764479
54387 0.2186575
54487 -0.94849205
54587 -1.750505
54687 -2.4279256
54787 -2.794428
54888 -3.0227551
54988 -2.9929862
55088 -2.8452365
55187 -2.49767
55288 -1.583772
55388 -0.7588062
55488 0.35821438
55589 1.0538716
55689 1.8032522
55788 3.1060314
55889 3.6954565
55991 3.9782429
56090 4.025223
56190 3.6896505
56290 3.1085138
56390 2.2885475
56491 1.3971658
56590 0.8579922
56693 -0.36233568
56790 -1.2616229
56892 -2.2451153
56991 -2.840959
57091 -3.144907
57191 -3.4177494
57291 -3.3456047
57392 -2.9442255
57492 -2.105472
57592 -1.0332527
57692 0.008555412
57792 0.68635654
57892 1.570147
57993 2.441977
58093 3.0196705
58193 3.385273
58293 3.5373116
58393 3.5341625
58493 3.5118198
58594 3.191516
58694 2.4287515
58794 1.677031
58895 0.3575673
58994 -0.7172222
59094 -1.7720165
59194 -2.5552502
59295 -3.0072045
59394 -3.158353
59495 -3.1838365
59595 -3.1493957
59695 -2.7857215
59796 -2.0586479
59896 -0.9242201
59995 0.2208395
60096 0.74884415
60196 1.4205718
60296 2.512506
60397 3.2629185
60496 3.6641598
60598 3.6749973
60698 3.6364307
60781 3.5357132
60882 3.0207348
60981 1.9466639
61098 0.6073017
61199 -0.7918005
61298 -1.8547714
61382 -2.632935
61498 -3.2136784
61582 -3.3326135
61699 -3.1001115
61784 -3.0237606
61882 -2.2785625
61983 -0.97954845
62082 -0.20780945
62184 0.8281388
62283 1.9357767
62383 2.790843
62483 3.7587147
62583 4.212201
62686 4.330533
62784 4.0377817
62885 2.6514902
62984 1.6657629
63086 0.559474
63185 -0.8541689
63285 -1.3878798
63385 -1.9168081
63486 -2.0441558
63585 -1.9929171
63685 -1.7158828
63788 -0.9515848
63886 -0.03131962
63987 1.1407237
64086 2.085383
64186 2.8938246
64287 3.227415
64386 2.9832525
64487 2.2521615
64587 1.4131608
64688 0.32688808
64787 -0.6198697
64887 -1.5635464
64988 -2.1394777
65088 -2.492446
65188 -2.73061
65288 -2.8392196
65389 -2.9434848
65489 -2.9404945
65590 -1.772527
65688 -0.337471
65790 1.0696645
65889 2.349804
65989 3.6351223
66089 4.2804756
66190 4.5673084
66290 4.570423
66389 4.0564766
66490 3.1156178
66590 2.2227583
66691 1.1394901
66790 0.042419434
66891 -1.0497959
66990 -1.8585036
67092 -2.430856
67191 -2.7601426
67291 -2.8232155
67394 -2.8343282
67491 -2.7454188
67592 -2.508505
67692 -2.4011016
67792 -0.954103
67892 0.52990294
67993 1.4092011
68093 2.5891886
68193 3.3689919
68292 4.026327
68393 4.193239
68493 3.8437223
68593 3.0561666
68695 2.1718597
68793 1.3019624
68895 -0.10618687
68994 -1.2069545
69095 -2.1403089
69195 -2.6545742
69295 -3.1105819
69395 -3.5482757
69495 -3.5550764
69596 -3.4857762
69695 -2.9972072
69797 -1.8736141
69895 -0.7429457
69996 0.81017923
70095 1.7613878
70196 2.5532136
70296 3.3961105
70397 3.7687616
70496 3.7773037
70597 3.4787884
70697 2.636197
70797 1.7172456
70897 0.5134411
70997 -0.43890667
71098 -1.5299888
71198 -2.0555437
71297 -2.5450063
71383 -2.7476077
71498 -3.6683524
71598 -3.6203287
71682 -3.6124244
71799 -3.5063357
71882 -3.1688216
71983 -2.0662
72082 -0.95984364
72199 0.74858
72283 1.6197138
72400 2.545761
72483 3.169056
72583 3.6221209
72685 3.7397356
72783 3.685957
72884 3.358924
72984 2.7276254
73085 1.9412918
73402 -1.6131077
73502 -2.1554077
73603 -2.8107948
73702 -3.22069
73803 -3.421616
73902 -3.558752
74004 -3.602902
74103 -3.2772
74203 -2.3605382
74303 -1.1462243
74403 0.22731543
74503 1.1554422
74604 1.8889456
74705 2.6666994
74804 3.0406647
74904 3.1113348
75004 3.067955
