32 2.89615
132 3.009222
235 2.9963622
335 2.415452
435 1.5838447
535 0.52337456
633 -0.71156025
735 -1.5847931
835 -2.3857026
935 -3.1264138
1035 -3.5811527
1134 -3.859024
1234 -3.6878812
1335 -2.1568718
1434 -0.38559723
1535 1.0933208
1638 1.9914122
1738 2.6396036
1835 3.1915598
1937 3.3589973
2038 3.3329754
2135 2.950467
2236 1.7200317
2336 0.18069601
2437 -1.0716496
2537 -1.5676589
2637 -1.949681
2737 -2.4550803
2837 -2.9109113
2937 -3.1052475
3037 -3.046329
3137 -2.023542
3237 -0.060428143
3338 1.037406
3440 2.0768914
3540 2.7457795
3640 3.0326443
3740 2.9485145
3840 2.2143264
3940 0.34471083
4040 -1.1652076
4139 -2.0739872
4241 -2.8019702
4341 -3.397325
4442 -3.7801812
4540 -3.7481694
4640 -3.1750317
4740 -1.9094844
4840 -0.55248547
4942 0.97323895
5042 2.5726194
5142 3.1933126
5241 3.859045
5341 4.0848255
5441 3.778573
5542 3.3053951
5643 1.9864235
5742 0.860301
5844 -0.036491394
5942 -1.0048461
6042 -2.3236403
6142 -2.7795794
6244 -3.455445
6344 -3.6002822
6443 -3.1538155
6543 -1.3444552
6643 0.10091448
6745 1.2609272
6845 2.3613396
6945 2.3128557
7044 3.1691265
7146 3.4969807
7244 3.454239
7346 2.957779
7446 1.9391265
7546 0.5797491
7645 -0.4213786
7746 -1.14397
7845 -1.5814037
7948 -2.0084631
8048 -2.5687852
8147 -2.7980576
8248 -2.805849
8346 -1.6929753
8446 -0.5156126
8547 0.80807686
8648 1.8124032
8747 2.495767
8847 3.2907848
8947 3.688425
9049 3.8332691
9149 3.628027
9249 2.8586683
9349 1.8632622
9432 0.9607444
9532 -0.060016632
9632 -0.79038715
9732 -1.5611954
9832 -2.0979059
9932 -2.7614129
10032 -3.1616852
10133 -3.2388349
10235 -3.205613
10335 -2.233713
10435 -0.2860222
10535 1.0384116
10634 1.9749832
10735 2.9190187
11052 3.7588663
11153 3.2154999
11252 2.680017
11351 1.6789398
11451 0.11820507
11551 -0.8405757
11652 -1.7692935
11753 -2.4992275
11852 -3.1808176
11952 -3.4613159
12052 -3.7049208
12386 0.7322736
12487 1.6386237
12587 2.5960832
12670 3.0932198
12770 3.4691029
12870 3.7093143
12971 3.5969372
13071 3.038168
13171 1.9009905
13271 0.8916111
13371 0.06455898
13471 -0.6095457
13572 -1.2932675
13672 -1.7360218
13772 -2.1694956
13872 -2.53204
13973 -2.6032648
14073 -1.3818431
14173 -0.42812538
14274 0.6962228
14373 1.425879
14473 2.0692763
14574 2.679943
14674 3.2809181
14774 3.9611645
14874 4.2817535
14974 3.9549923
15074 2.6247892
15175 1.5251756
15274 0.36597013
15375 -0.8494959
15478 -1.6376376
15575 -2.2749507
15678 -2.908535
15778 -3.1836596
15877 -3.1840882
15978 -3.068461
16078 -2.8663228
16176 -2.2034225
16276 -1.1147733
16377 0.1752615
16477 0.76923037
16577 1.6249032
16677 2.192202
16777 2.7742949
16877 3.215211
16980 3.4367847
17080 3.4777126
17180 3.493863
17280 3.4731417
17380 3.4447117
17480 3.4269276
17580 3.3723783
17680 2.82908
17780 1.7639365
17880 1.033997
17980 -0.13188696
18080 -0.7964659
18179 -1.495224
18280 -2.1663165
18380 -2.5521276
18480 -2.8746343
18580 -3.0572233
18681 -3.1493917
18782 -3.182856
18883 -3.1916149
18981 -3.1932752
19082 -3.193742
19181 -3.1944127
19281 -3.1873176
19382 -2.874851
19482 -2.1949546
19582 -1.8493457
19682 -1.4330325
19782 -1.1272507
19882 -0.8555045
19982 -0.37819004
20082 0.16330624
20183 0.6383643
20284 0.998929
20383 1.3856435
20484 1.6680946
20583 1.8116355
20684 1.9120665
20785 1.9686823
20884 1.9944525
20984 1.9212122
21084 1.1974502
21185 0.20798206
21285 -0.45042753
21386 -1.1875763
21485 -1.7668457
21586 -2.2176757
21686 -2.4296656
21785 -2.9781528
21886 -3.3443427
21986 -4.2782574
22086 -5.0
22187 -4.7603445
22287 -3.5191078
22387 -1.8000953
22471 -0.8698578
22571 0.10789871
22671 1.0255456
22771 1.795465
22871 2.4512696
22971 2.7327027
23071 2.979969
23171 3.0486917
23271 3.0631075
23372 3.065487
23472 3.0639086
23572 3.0568485
23672 2.841484
23772 2.0505118
23873 0.7307029
23973 -0.3513317
24073 -0.93739843
24173 -1.4264386
24273 -1.847074
24373 -2.199669
24473 -2.3256624
24574 -2.3305788
24674 -2.3272767
24774 -2.3195112
24874 -2.304546
24974 -1.3489037
25075 -0.79292727
25174 0.63051844
25277 1.5132303
25375 2.069098
25475 2.7766504
25577 3.2657404
25677 3.5076237
25777 3.5328598
25875 3.5310993
25978 3.4865904
26078 3.4209805
26177 3.0765104
26277 2.2039862
26377 1.2748508
26477 0.46484232
26577 -0.21156168
26678 -1.049808
26777 -1.9020679
26880 -3.208931
26980 -3.8427644
27080 -4.064573
27178 -4.4119225
27279 -4.3889427
27379 -4.0705857
27479 -3.7788305
27579 -2.9701304
27679 -1.8411484
27779 -0.75822353
27879 0.46285725
27980 1.3069658
28080 1.8570328
28179 2.2465386
28283 2.6263733
28383 2.9313478
28480 3.0945206
28583 3.2982655
28683 3.409398
28783 3.4499187
28883 3.42056
28983 3.1389446
29082 2.678389
29182 1.2141004
29281 0.3294382
29382 -0.45665073
29482 -1.0234771
29582 -1.4158459
29682 -1.6849742
29784 -1.8476577
29883 -2.0078769
29983 -2.119475
30083 -2.174564
30183 -1.7805398
30283 -0.89268494
30384 0.039904594
30484 0.83765125
30584 1.7815104
30683 2.4671516
30784 2.6412406
30884 3.1569796
30984 3.273159
31086 3.2345905
31185 2.9541779
31286 2.3415794
31385 1.5134325
31485 0.96080303
31585 -0.071694374
31686 -0.6710334
31786 -1.3921108
31886 -1.8822775
31986 -2.112552
32086 -2.323544
32186 -2.4443376
32288 -2.4971516
32387 -2.5253587
32471 -2.4945493
32571 -1.916985
32671 -0.57882786
32771 0.33860397
32871 1.1688008
32971 1.6870041
33071 2.2006645
33172 2.6176095
33272 3.1072063
33372 3.5748796
33472 3.8710346
33573 4.1527557
33673 3.861208
33773 2.411036
33872 1.2124562
33973 0.47653437
34073 -0.39308262
34173 -1.1304023
34273 -1.7709517
34374 -2.026824
34474 -2.3608108
34574 -2.769049
34674 -3.3063712
34774 -3.532533
34875 -3.2931285
34975 -1.9800503
35075 -0.55081034
35175 0.19049168
35275 0.90627575
35375 1.6393929
35479 2.0706153
35575 2.122682
35675 2.5619712
35778 2.9032197
35878 2.972828
35978 2.7773728
36078 2.1964407
36177 1.13975
36277 0.065317154
36377 -0.6665716
36477 -1.3070359
36580 -1.9106982
36680 -2.4535625
36778 -2.824164
36881 -3.0966837
36980 -3.4719207
37081 -3.784854
37178 -3.969183
37279 -3.67144
37379 -2.3849769
37479 -0.6661258
37579 0.7062316
37679 1.5221071
37780 2.1404014
37880 2.62566
37979 2.97015
38080 3.2738342
38183 3.3718052
38280 3.3799887
38383 3.009982
38480 1.9927964
38580 0.57179165
38683 -0.0554986
38783 -1.1038635
38883 -1.5681891
38983 -2.0384078
39083 -2.5167022
39182 -2.793818
39282 -2.9097667
39383 -2.9598591
39483 -2.8717325
39583 -2.1960464
39683 -0.91243935
39783 0.042123795
39883 0.82966995
39983 1.4304895
40085 1.9216585
40183 2.5858674
40283 2.7499647
40384 2.8573518
40484 2.9912744
40585 3.0743093
40684 3.1209927
40785 3.147068
40885 3.1267023
40985 2.8293352
41085 2.3285193
41185 1.1655912
41285 0.20086956
41387 -0.46614456
41487 -1.052613
41586 -1.3260891
41686 -1.7852604
41787 -2.3280568
41887 -2.6501403
41987 -2.719123
42087 -2.6720016
42186 -2.1125183
42271 -1.0335193
42371 0.08492279
42471 0.76313496
42571 1.4387941
42671 2.0537443
42771 2.592183
42871 2.8028784
42972 2.9456139
43072 3.1701937
43172 3.3103924
43272 3.3414621
43372 3.3038645
43472 3.005394
43572 2.3330674
43673 1.4017515
43773 0.31787252
43873 -0.42341375
43973 -1.1446717
44074 -1.7476723
44174 -2.355348
44274 -2.548007
44374 -2.7950733
44474 -2.8947022
44574 -2.8936934
44674 -2.7128675
44774 -2.130367
44875 -1.4258523
44974 -0.46930695
45075 0.47534847
45177 1.4379973
45277 2.0666785
45377 2.575673
45476 2.9613943
45576 3.1478863
45676 3.2800465
45776 3.3836536
45877 3.4336214
45977 3.3943443
46077 2.7901053
46177 1.4707222
46277 -0.10567188
46377 -0.9427271
46478 -1.5986419
46578 -2.155801
46678 -2.771978
46778 -2.995189
46878 -3.1940086
46978 -3.027205
47078 -1.793911
47179 -0.8389406
47284 0.12688732
47379 1.1103511
47482 2.051136
47579 2.5744162
47679 3.0303879
47782 3.5238838
47882 3.6417122
47979 3.6258001
48082 3.270708
48180 2.5716424
48281 0.9864087
48380 -0.11707401
48481 -1.0015602
48581 -1.7936306
48681 -2.3766599
48781 -2.4159956
48882 -2.6288512
48983 -2.8580918
49082 -2.816737
49182 -2.1352997
49282 -1.0067704
49382 -0.008849621
49483 1.1656141
49582 2.1281753
49683 3.0075626
49783 3.6218004
49883 3.969677
49983 4.0557156
50083 3.534215
50184 2.1585207
50284 0.50302935
50384 -0.5370898
50485 -1.4781303
50584 -2.2986782
50685 -3.1864336
50785 -3.4447625
50885 -3.5711467
50985 -2.7957098
51085 -1.3772292
51185 -0.55250597
51287 0.4353757
51387 1.6792641
51486 2.1817222
51586 3.2655163
51686 3.9005651
51786 4.2037
51886 4.120123
51987 3.4455996
52087 1.9243584
52170 0.993845
52270 -0.21483088
52371 -1.1342423
52471 -1.9917579
52571 -2.6038592
52671 -3.3210762
52771 -3.5676956
52871 -3.2333903
52972 -3.212
53072 -3.204741
53172 -2.1587424
53272 -0.8854499
53372 0.040161133
53473 1.046577
53573 1.7822418
53673 2.4028482
53773 3.2271461
53873 3.9633713
53974 4.1137905
54074 4.1632357
54174 3.765647
54274 3.1811075
54374 2.0148644
54474 0.7808218
54574 -0.09193754
54674 -0.7506132
54777 -1.3983071
54877 -2.379148
54977 -2.9726584
55077 -3.266246
55176 -3.2993822
55276 -3.0828788
55376 -2.5640306
55476 -1.0956478
55576 0.108113766
55676 1.2816448
55776 2.0498214
55876 2.8551302
55976 3.3471699
56079 3.586258
56180 3.5623016
56279 3.1720448
56379 2.017521
56479 0.66864634
56579 -0.46835136
56679 -1.1839669
56779 -1.9019735
56878 -2.669127
56979 -3.4833045
57080 -3.9942317
57179 -5.0
57279 -5.0
57379 -5.0
57479 -5.0
57579 -3.1488185
57682 -1.133677
57782 0.79372644
57882 2.2714996
57982 3.3140173
58082 3.9478664
58181 4.12311
58281 4.3799915
58381 4.107275
58481 2.5624428
58581 1.43012
58681 0.48834038
58781 -0.19920444
58882 -0.8116121
58982 -1.3636937
59081 -1.8141699
59182 -2.4422376
59282 -2.882914
59383 -3.0176077
59483 -2.8683448
59584 -1.7092788
59684 -0.3230734
59783 0.75710773
59883 1.6640425
59984 2.1321435
60084 2.7534742
60184 3.1566763
60284 3.2992668
60384 2.8466058
60484 1.4887085
60584 0.30728817
60684 -0.62697315
60787 -1.5073135
60885 -2.4454954
60985 -2.6746535
61085 -3.6568418
61186 -4.6970677
61286 -4.476455
61386 -3.067597
61486 -2.4192207
61586 -0.66761065
61686 0.4268074
61786 1.1022758
61886 1.9942274
61971 2.4076257
62088 2.8494492
62187 2.8967247
62271 2.8538337
62371 2.0541673
62471 0.23421192
62571 -1.1386704
62671 -1.9181716
62772 -2.5121305
62872 -3.0525582
62971 -3.4679568
63072 -3.6512222
63172 -3.5880115
63272 -2.417656
63373 -1.0970275
63473 0.05408287
63573 0.9237671
63673 1.6299067
63773 2.3417673
63873 2.732562
63973 3.0763836
64074 3.158515
64174 2.8631897
64274 1.9889412
64377 0.84179354
64474 0.08498812
64577 -0.92263365
64677 -1.6637344
64777 -2.6706047
64877 -3.7333767
64977 -3.929065
65076 -3.6586196
65175 -2.3420556
65276 -0.93172264
65376 0.14868116
65476 1.1709194
65576 2.1153617
65676 2.239627
65776 2.5664086
65879 2.902471
65979 3.019497
66079 2.837842
66177 1.3188195
66278 -0.2617898
66378 -0.9121294
66478 -1.5709724
66578 -2.1705651
66678 -2.6977978
66778 -3.0064714
66879 -3.3257413
66978 -3.224421
67079 -1.6068344
67179 0.16654634
67279 1.5729485
67379 2.844489
67479 3.6313753
67582 4.305007
67682 4.7833385
67782 4.9028234
67882 4.3038387
67981 3.0054274
68082 1.8332763
68181 0.172822
68281 -0.6208315
68381 -1.5298295
68481 -2.1500075
68581 -2.6645625
68682 -2.8180795
68781 -2.6098566
68882 -1.6062579
68982 -0.18778753
69082 0.9973984
69184 2.0243711
69283 2.802493
69383 3.195261
69483 3.5929232
69583 3.8870392
69683 3.858698
69784 2.730198
69884 1.3891916
69984 0.009939671
70084 -0.90050983
70184 -1.5808053
70284 -2.2948482
70385 -3.3071961
70485 -3.7356117
70585 -3.7435975
70685 -3.317
70785 -2.0610805
70885 -0.6924486
70985 0.036436558
71086 0.8811493
71186 1.74088
71286 2.393856
71387 2.7605934
71487 3.055418
71586 3.287837
71686 3.3402538
71787 2.3471003
71871 0.7931304
71971 -0.54160786
72071 -1.273629
72171 -1.7441807
72271 -2.4138339
72370 -2.653373
72471 -2.750434
72572 -2.7809248
72672 -2.5579622
72772 -1.2934699
72872 -0.07864237
72972 0.7953377
73072 1.8560066
73173 2.5138597
73273 3.2831335
73373 3.6941204
73473 3.8351803
73573 3.8580265
73673 3.1728487
73774 2.3049064
73874 1.175961
73974 0.5576906
74074 0.16248083
74174 -0.1658988
74277 -0.56929684
74377 -0.96966934
74477 -1.4270465
74577 -1.8530147
74674 -1.9478087
74778 -1.6790707
74877 -0.24678564
74977 0.8185568
