8 0.0
109 0.0
209 0.0
308 0.0
409 0.0
510 0.0
609 0.0
709 0.0
810 0.0
910 0.0
1010 0.0
1110 0.0
1210 0.0
1310 0.0
1410 0.0
1510 0.0
1611 0.0
1711 0.0
1812 0.0
1912 0.0
2011 0.0
2112 0.0
2211 0.0
2312 0.0
2413 0.0
2513 0.0
2613 0.0
2713 0.0
2813 0.0
2913 0.0
3013 0.0
3113 0.0
3214 0.0
3313 0.0
3414 0.0
3514 0.0
3615 0.0
3715 0.0
3815 0.0
3914 0.0
4015 0.0
4115 0.0
4216 0.0
4316 0.0
4416 0.0
4516 0.0
4616 0.0
4716 0.0
4817 0.0
4917 0.0
5017 0.0
5117 0.0
5217 0.0
5317 0.0
5417 0.0
5517 0.0
5618 0.0
5700 0.0
5800 0.0
5900 0.0
6000 0.0
6100 0.0
6201 0.0
6302 0.0
6403 0.0
6503 0.0
6603 0.0
6703 0.0
6803 0.0
6903 0.0
7003 0.0
7103 0.0
7204 0.0
7304 0.0
7404 0.0
7504 0.0
7604 0.0
7704 0.0
7805 0.0
7905 0.0
8005 0.0
8105 0.0
8205 0.0
8305 0.0
8405 0.0
8506 0.0
8606 0.0
8706 0.0
8806 0.0
8906 0.0
9006 0.0
9107 0.0
9207 1.498539
9307 3.4923725
9407 3.8252773
9507 2.6069322
9608 0.7242999
9708 -0.06785488
9808 -0.20182896
9908 -0.48215914
10008 -1.3402469
10109 -2.1128607
10208 -2.2367873
10309 -1.9802985
10409 -1.4469929
10510 -0.7266269
10609 -0.10226059
10709 0.5093837
10809 1.1688404
11127 2.3505821
11227 2.557364
11327 2.6029754
11428 2.1177201
11528 1.2650638
11628 0.43482685
11728 -0.48705196
11828 -1.3120835
11928 -1.6733527
12028 -1.8307443
12129 -1.8363082
12513 1.3279748
12612 1.6408448
12712 1.9769392
12813 2.3700805
12913 2.7420478
13014 2.9804802
13113 2.951149
13213 2.3701196
13314 1.7910256
13414 0.9774051
13514 0.30658627
13614 -0.3532076
13714 -0.7433491
13815 -0.8476286
13914 -0.8646383
14016 -0.8144293
14116 -0.62800884
14216 -0.3318205
14315 0.101727486
14415 0.60780334
14516 1.222794
14616 1.5627632
14716 1.844017
14817 1.9699616
14917 1.9930029
15017 1.9158034
15117 1.7889419
15217 1.3088923
15318 0.8482342
15418 0.28769588
15517 -0.43523693
15618 -0.9917617
15718 -1.4098542
15818 -1.6815276
15919 -1.7312722
16018 -1.7307816
16119 -1.7474563
16219 -1.779345
16318 -1.7888057
16419 -1.6522591
16520 -1.3105903
16619 -1.0219238
16720 -0.7673769
16816 -0.41902828
16920 0.11625528
17020 0.7282171
17121 1.190763
17221 1.4336562
17320 1.568541
17421 1.6284189
17521 1.6402907
17620 1.652185
17722 1.6579275
17821 1.6855879
17921 1.8496485
18022 2.056531
18121 2.1764908
18222 2.2710123
18322 2.3137612
18422 2.1856484
18523 1.6417122
18623 1.1758666
18723 0.65876484
18823 0.012911797
18924 -0.5104351
19024 -1.1633239
19124 -1.5122089
19206 -1.6838422
19306 -1.7574856
19406 -1.7579544
19506 -1.7372766
19606 -1.6857781
19706 -1.6130626
19808 -1.474839
19909 -1.0569661
20009 -0.59653425
20109 -0.13470745
20209 0.3514843
20309 0.97412205
20409 1.2527847
20509 1.5358744
20610 1.844934
20710 2.167552
21027 2.2513685
21127 1.9316535
21227 1.4146109
21327 0.92138386
21428 0.3876772
21527 -0.035695553
21628 -0.44477367
21728 -0.8200078
21828 -1.0386977
21929 -1.2345791
22029 -1.3804264
22129 -1.472189
22228 -1.5039985
22329 -1.4837341
22429 -1.3807354
22529 -1.098762
22630 -0.48938322
22729 0.0897069
22830 0.6953664
22930 1.2299399
23030 1.7371979
23130 1.9294243
23231 2.0998
23331 2.1564522
23431 2.1715803
23531 2.1246023
23631 2.0041366
23731 1.5511389
23831 0.45792103
23931 -0.31685495
24031 -0.8844366
24133 -1.249897
24232 -1.4671524
24333 -1.6074212
24432 -1.7000346
24533 -1.7707915
24899 -1.8324747
25000 -1.7840652
25100 -1.6460819
25201 -1.2713039
25301 -0.81367064
25401 -0.35214043
25834 1.6730704
25917 1.8543587
26018 1.9892149
26435 1.8739672
26536 1.0397687
26635 0.48447514
26737 0.22502041
26836 -0.01037693
26936 -0.3020773
27036 -0.6231842
27137 -0.89474773
27237 -1.1354249
27337 -1.3087144
27438 -1.4584835
27537 -1.5192719
27637 -1.5317733
27738 -1.4605107
27839 -1.2016861
27938 -0.6186924
28039 0.069457054
28139 0.7499399
28239 1.4542046
28339 1.8524613
28440 2.1885557
28539 2.437684
28640 2.5730805
28740 2.608851
28839 2.3883858
28940 2.0285568
29041 1.480442
29141 0.9084406
29241 0.30707073
29341 -0.07158756
29440 -0.49410534
29542 -0.9856138
29642 -1.3465152
29741 -1.6481736
29842 -1.9044156
29941 -2.0750957
30042 -2.127969
30142 -2.1223297
30242 -1.9494815
30343 -1.4369953
30443 -0.79657364
30543 -0.12005615
30643 0.55280066
30743 1.0726209
30843 1.6230307
30944 2.0140252
31044 2.432209
31144 2.9352121
31244 3.1600256
31344 3.2345152
31445 3.1317816
31544 2.5870056
31644 2.2192612
31744 1.6473999
31845 0.7934656
31945 0.22975397
32045 -0.50955296
32145 -1.1638165
32246 -1.744365
32346 -2.1613228
32428 -2.379421
32528 -2.4078052
32628 -2.370733
32728 -2.1724987
32828 -0.9309516
32928 0.1695962
33030 1.1386023
33130 1.6153207
33231 1.885787
33331 1.9452562
33431 1.9617395
33531 1.9813361
33631 2.0099268
33731 2.0257363
33832 2.0226684
33932 1.7986007
34032 0.90833426
34132 0.09254742
34232 -0.44452333
34332 -0.78642225
34433 -1.1136799
34533 -1.3438153
34633 -1.5684705
34733 -1.6754425
34833 -1.7134871
34933 -1.7160945
35034 -1.7058227
35134 -1.3946507
35234 -0.35504007
35334 0.6804781
35434 1.389749
35534 1.9107666
35634 2.1123037
35734 2.1973863
35831 2.2293959
35935 2.2448034
36035 2.2329116
36135 2.1178846
36235 1.1829705
36335 0.12888145
36435 -0.5326643
36535 -1.0683017
36636 -1.3817794
36736 -1.5420558
36836 -1.5875211
36936 -1.5902355
37036 -1.5691593
37137 -1.5462704
37237 -1.4827964
37555 0.8377676
37654 1.3402052
37754 1.732521
37855 1.9074402
37955 2.094236
38055 2.171855
38155 2.218534
38256 2.257988
38355 2.2956991
38455 2.32031
38556 2.307622
38656 1.4995232
38757 0.51336193
38857 -0.28334808
38957 -0.92667484
39056 -1.3601582
39157 -1.5792344
39257 -1.6356664
39358 -1.6381054
39457 -1.6253586
39558 -1.6090622
39657 -1.6032906
39758 -1.5859351
39859 -1.3228161
39958 -0.46805143
40059 0.13440228
40159 0.74131966
40259 1.4628091
40359 2.1357374
40459 2.5335464
40560 2.8402596
40660 2.9201727
40760 2.8804832
40860 2.7063575
41177 0.9736738
41277 0.37136555
41377 -0.036686897
41478 -0.44820642
41578 -0.88815117
41678 -1.2762363
41778 -1.6601021
41878 -1.931634
41978 -2.2321515
42079 -2.3304677
42178 -2.3531601
42278 -2.3684392
42380 -2.3623896
42480 -2.0111551
42579 -1.2898288
42679 -0.45078897
42780 0.10528469
42880 0.6750183
42980 1.0685635
43080 1.6342988
43181 1.9755449
43281 2.0960093
43380 2.1115236
43481 2.0428529
43581 1.4161859
43899 -1.3208668
43998 -1.5696247
44099 -1.6797848
44199 -1.7186522
44299 -1.7335134
44400 -1.7444012
44499 -1.7497127
44600 -1.746074
44700 -1.7178147
44800 -1.6560981
44900 -1.4449391
45000 -0.94217014
45101 -0.10260153
45201 0.59468937
45301 1.2687812
45401 1.824317
45501 2.1287751
45601 2.2080765
45702 2.2554255
45802 2.2673974
45901 2.2704492
46002 2.2126832
46102 1.5415382
46202 0.88240623
46302 0.3940153
46402 -0.0930891
46502 -0.43673563
46603 -0.71632576
46702 -0.94196606
46803 -1.2027214
46903 -1.4002812
47004 -1.456279
47104 -1.4634125
47204 -1.4339046
47303 -1.2457366
47404 -0.970273
47505 -0.58671284
47604 -0.23220348
47705 0.12513494
47805 0.5219016
47904 0.96818924
48005 1.4247117
48105 1.5748763
48206 1.7462969
48306 1.792994
48388 1.7834892
48488 1.6970406
48588 1.4808183
48688 1.290267
48788 0.93030405
48890 0.463861
48990 0.032032013
49090 -0.3946476
49191 -0.6669884
49291 -1.0275016
49391 -1.3126462
49491 -1.5347972
49591 -1.6290436
49691 -1.640569
49792 -1.6137474
49892 -1.5208087
49992 -1.2879868
50092 -0.91157436
50192 -0.33194208
50292 0.13371944
50392 0.5886955
50493 1.0181894
50593 1.348197
50693 1.5097799
50793 1.5482292
50893 1.5217123
50993 1.3358469
51094 0.7924938
51194 0.35614252
51294 -0.058517933
51394 -0.3487773
51494 -0.5853338
51595 -0.7844906
51694 -0.9178424
51795 -0.9810858
51895 -0.95061684
51995 -0.60969543
52095 0.035801888
52195 0.70770454
52295 1.2370768
52395 1.7161522
52496 1.9775667
52596 2.033637
52697 2.0357256
52796 2.0131316
52896 1.8662987
52997 1.5792952
53096 1.0537138
53198 0.6141281
53297 0.2354536
53398 -0.16208458
53498 -0.612144
53832 -1.5579422
53931 -1.6153672
54032 -1.5240796
54132 -1.1056054
54232 -0.45632982
54333 -0.021302223
54432 0.39041853
54516 0.6410198
54615 0.8724699
54715 0.95548105
54815 0.9908986
54915 1.0020256
55015 0.9603238
55117 0.6980834
55217 0.34076786
55317 -0.14727688
55418 -0.5307641
55518 -0.8538618
55618 -1.0754826
55717 -1.2297568
55818 -1.3214328
55918 -1.3212116
56019 -1.0997739
56119 -0.5781231
56219 5.507469E-4
56319 0.32953358
56419 0.59482574
56519 0.78029823
56620 1.0286837
56720 1.1034245
56820 0.98224354
56920 0.61339283
57020 0.14875937
57120 -0.35991335
57220 -0.670557
57321 -0.9607191
57421 -1.221847
57521 -1.407702
57621 -1.4388146
57721 -1.3252933
57821 -1.0174904
57922 -0.47689247
58022 0.058299065
58122 0.408854
58222 0.86735916
58323 1.166863
58422 1.4039207
58522 1.5205345
58622 1.5521631
58724 1.4592147
58823 1.069233
58923 0.515048
59024 0.12798214
59123 -0.46789408
59223 -1.035984
59324 -1.4350255
59424 -1.6320338
59524 -1.670568
59624 -1.584908
59725 -1.2628589
59825 -0.46319342
59926 0.15810537
60259 1.5963416
60360 1.611907
60459 1.6191359
60559 1.6110497
60659 1.4967675
60742 1.3363795
60842 1.0890031
60942 0.79632664
61042 0.38426733
61142 -0.11169529
61242 -0.56569576
61344 -0.91376925
61445 -1.1187496
61545 -1.1772842
61645 -1.1494727
61745 -0.87513065
61845 -0.3010111
61945 0.27014017
62045 0.86399794
62146 1.2391257
62246 1.4395857
62346 1.5562315
62446 1.3777056
62546 1.1421947
62646 0.6483607
62746 0.28192186
62846 -0.019615173
62947 -0.40525627
63047 -0.81154585
63147 -1.3244653
63247 -1.6454444
63347 -1.7877693
63447 -1.7993004
63548 -1.6182199
63648 -1.1843224
63748 -0.45164204
63848 0.36048365
63948 0.8217735
64049 1.2997651
64149 1.520041
64249 1.5986452
64349 1.4948592
64449 0.95066833
64549 0.34830713
64649 -0.2976184
64750 -0.8803301
64851 -1.4440258
64950 -1.8212097
65050 -1.8777387
65151 -1.8178546
65250 -1.5611603
65351 -1.011581
65451 -0.29997492
65551 0.36355972
65651 0.7905359
65752 1.1867938
65852 1.5224786
65951 1.7487397
66052 1.8271036
66153 1.7916436
66253 1.5314827
66353 0.58375883
66453 -0.102311134
66552 -0.7567558
66653 -1.3226933
66753 -1.7483475
66853 -2.104119
66954 -2.2718213
67053 -2.2984633
67154 -2.2423434
67253 -1.872025
67355 -1.1248202
67455 -0.32876682
67554 0.39471912
67871 1.204164
67971 1.1375933
68072 0.8021407
68172 0.37868404
68272 0.059936523
68373 -0.3995781
68473 -1.0089085
68573 -1.3983428
68673 -1.753777
68773 -1.8770652
68874 -1.9138675
68974 -1.9000382
69073 -1.7844746
69174 -1.3240247
69273 -0.8164277
69375 -0.20488834
69475 0.5504112
69574 1.0784254
69675 1.3324356
69775 1.5263228
69876 1.5502815
69976 1.3978529
70076 1.0406828
70176 0.4892807
70276 -0.19031811
70376 -0.6856899
70476 -1.2060077
70576 -1.5719578
70677 -1.7870135
70776 -1.8234582
70877 -1.7272656
70977 -1.3381488
71077 -0.66204166
71177 -0.13973522
71278 0.4920249
71378 1.1636033
71478 1.5027657
71577 1.6815386
71678 1.7152939
71779 1.4263
71878 0.97695255
71979 0.2146635
72079 -0.39184237
72161 -0.80451345
72261 -1.3537345
72361 -1.628823
72461 -1.6707203
72561 -1.6153374
72661 -1.234592
72763 -0.66792727
72863 -0.0046334267
72964 0.5566163
73064 0.9125786
73164 1.1011004
73264 1.2937527
73364 1.3666906
73464 1.3770719
73565 1.3189654
73665 1.1572576
73765 0.5573664
73865 -0.12350941
73965 -0.5866089
74065 -1.2229652
74166 -1.6101222
74266 -1.8163023
74366 -1.8303123
74466 -1.8029277
74566 -1.660244
74666 -1.1546817
74766 -0.30186033
74867 0.4114313
74967 0.8532381
