17 -1.635613
117 -1.8714063
218 -1.9344628
318 -1.9245756
418 -1.8496938
518 -1.6829917
618 -1.3401997
718 -0.8182192
819 -0.2256031
919 0.47987938
1002 0.9666624
1102 1.4065161
1202 1.5969329
1302 1.6425123
1402 1.6692109
1502 1.6618757
1601 1.4192734
1703 0.31377697
1803 -0.7633147
1904 -1.3669822
2004 -1.7053242
2104 -1.9275022
2204 -2.0148778
2304 -1.9707589
2405 -1.8856668
2504 -1.7745986
2605 -1.5390327
2705 -0.99376106
2805 -0.25364304
2905 0.2889452
3005 0.72248554
3105 1.0744033
3206 1.3563275
3306 1.5352912
3406 1.6830053
3506 1.7557325
3606 1.744092
3706 1.4844007
3806 0.37101078
3907 -0.57731056
4006 -0.90036917
4107 -0.9648409
4207 -0.9634371
4307 -0.96405554
4408 -0.9625387
4508 -0.93258476
4608 -0.7489805
4708 -0.18065548
4808 0.47488117
4908 0.90881443
5008 1.3780947
5109 1.723855
5209 1.9185343
5308 1.9816847
5409 1.9857492
5509 1.9228454
5609 1.4706125
5709 0.56598663
5809 -0.19576406
5910 -0.9255314
6010 -1.4505177
6110 -1.7774768
6210 -2.0002246
6310 -2.1619997
6411 -2.2129407
6510 -2.201589
6611 -2.0826643
6712 -1.5144143
6811 -0.81470156
6912 -0.08685303
7012 0.37704182
7112 0.7790451
7211 1.1445212
7312 1.402739
7412 1.4944715
7513 1.4771147
7612 1.131608
7712 0.20441246
7813 -0.8033962
7913 -1.4628501
8013 -1.8579435
8113 -2.0461066
8214 -2.1152294
8314 -2.1520572
8414 -2.152675
8514 -2.0669131
8614 -1.7824471
8715 -1.2792754
8814 -0.59428024
8915 0.024385452
9015 0.5382242
9115 0.99058056
9215 1.462049
9315 1.968328
9415 2.3011193
9515 2.4050813
9616 2.291799
9716 1.9067297
9816 1.1780691
9917 0.46451807
10016 -0.083521366
10117 -0.6497445
10217 -1.148859
10316 -1.4124787
10417 -1.6517532
10517 -1.7199149
10617 -1.7104115
10718 -1.5574269
10817 -1.114275
11151 0.6176939
11251 0.9032502
11352 1.1553297
11452 1.3395586
11552 1.5191092
11652 1.6617112
11752 1.768157
11852 1.8242912
11953 1.8236694
12052 1.5897002
12470 -0.6079111
12570 -1.01544
12670 -1.2923164
12770 -1.4676888
12871 -1.5996845
12971 -1.6259465
13071 -1.6278586
13171 -1.5698581
13271 -1.3135898
13371 -0.7207618
13472 -0.108552456
13572 0.45056105
13672 0.8337617
13772 1.2007098
13872 1.3838282
13972 1.4266572
14073 1.3170509
14439 -0.50141525
14540 -0.9699011
14640 -1.3002262
14740 -1.5014656
14841 -1.599153
14941 -1.6115055
15041 -1.5696323
15141 -1.3155124
15241 -0.79479885
15341 -0.17859364
15441 0.3462062
15541 0.7983651
15642 1.1517367
15725 1.3097453
15825 1.4125266
15925 1.4733772
16025 1.5385504
16125 1.5904818
16225 1.609951
16325 1.6175447
16426 1.6217079
16526 1.6166863
16627 1.3298197
16727 0.03760004
16827 -0.9235687
16927 -1.551641
17027 -2.0246246
17127 -2.1619449
17228 -2.1114326
17328 -1.6935737
17428 -1.066642
17528 -0.36275196
17628 0.21678925
17728 0.6297703
17829 1.0019541
17928 1.2441053
18246 1.6747818
18346 1.6894464
18446 1.6986189
18546 1.7037873
18646 1.6915817
18747 1.5035682
18847 0.7131829
18947 -0.10790539
19047 -0.81613874
19447 -2.0013094
19548 -2.0200174
19648 -2.0400033
19748 -2.052405
19848 -2.0444834
19949 -1.8292279
20048 -0.93361425
20149 -0.002064705
20249 0.6768522
20349 1.13979
20449 1.4987617
20549 1.7616425
20650 1.9906297
20750 2.0747476
20850 2.1376543
20950 2.15594
21050 2.0785837
21151 1.3773985
21251 0.7276993
21351 0.16869068
21701 -1.8499963
21784 -2.1848092
21884 -2.412026
21984 -2.4539778
22084 -2.4583287
22185 -2.4552689
22286 -2.4318612
22386 -2.3090363
22486 -1.8638949
22586 -0.75871754
22686 0.18634129
22786 0.70885754
22886 0.8924751
23203 1.0855913
23303 1.1163373
23404 1.1309423
23504 1.1379128
23604 1.1324468
23704 1.0903158
23804 0.93797684
23905 0.3837757
24005 -0.56809807
24105 -1.2816353
24206 -1.7546115
24305 -2.051846
24673 -2.0986552
24773 -2.0624998
24873 -2.011315
24956 -1.8651681
25056 -1.3193355
25156 -0.5392332
25256 -0.030299187
25591 1.2353358
25691 1.4545693
25790 1.5865946
25891 1.6214509
25991 1.6725144
26091 1.7120371
26508 0.6890211
26609 -0.1437459
26709 -0.7623887
26809 -1.2626331
26909 -1.8790488
27009 -2.34271
27110 -2.5160139
27210 -2.559945
27310 -2.5646155
27410 -2.5624306
27510 -2.48282
27610 -2.030949
27711 -1.2084584
27811 -0.35652256
27911 0.4435339
28011 1.1266518
28112 1.9407845
28428 2.9345093
28528 2.926824
28628 2.8311005
28729 2.4514794
28829 1.5631056
28929 0.63427496
29029 -0.22142744
29129 -1.1515174
29229 -1.794761
29330 -2.390062
29430 -2.8276649
29530 -3.0821974
29630 -3.1598778
29730 -3.1772132
29830 -3.1792302
29930 -3.1723952
30031 -3.134141
30131 -2.8607216
30231 -1.3392797
30331 -0.38755655
30431 0.39870787
30532 1.0113082
30631 1.3465438
30732 1.4835372
31065 1.9923224
31165 2.0488448
31266 1.9425707
31633 -1.686538
31734 -2.1413004
31834 -2.3094285
31934 -2.3469007
32034 -2.355939
32134 -2.3590481
32234 -2.3593144
32334 -2.3456612
32435 -2.242297
32535 -1.6231282
32635 -0.44817019
32735 0.59193325
32836 1.5530272
32935 1.9472723
33036 2.3470101
33136 2.4871225
33219 2.554891
33319 2.567398
33419 2.515184
33519 2.446794
33619 2.3628678
33719 2.2199583
33819 1.3083858
33920 0.14927387
34020 -0.85469484
34121 -1.4807544
34221 -1.8145306
34321 -1.9167795
34421 -1.9724576
34521 -2.0089765
34621 -1.9826035
34722 -1.542316
34821 -0.87402153
34922 -0.13126898
35239 1.6719193
35339 1.9351273
35439 2.1185555
35540 2.3085442
35639 2.4347267
35739 2.4840903
35840 2.4526758
35940 1.9834175
36040 0.8543439
36140 -0.40932846
36240 -1.2441406
36641 -2.1938028
36741 -2.198828
36842 -2.2016053
36941 -2.2072294
37042 -2.2114892
37142 -2.2107012
37242 -2.1826622
37342 -1.9166532
37442 -1.1879361
37542 -0.328084
37642 0.4223051
37743 1.1800013
37843 1.6216836
37943 1.7405167
38043 1.9066963
38144 1.939611
38244 1.9433227
38344 1.9237814
38443 1.8744035
38544 1.776967
38644 1.5311899
38744 1.1441336
38844 0.5423145
38945 -0.31566763
39045 -1.0489514
39145 -1.5557816
39246 -1.9023466
39345 -2.1464534
39445 -2.2652078
39546 -2.3210015
39646 -2.350616
39746 -2.3634963
39846 -2.3662364
39947 -2.352129
40047 -1.8815916
40364 1.4962587
40463 1.7329216
40564 2.0085192
40664 2.2249732
40764 2.3130102
40864 2.3563623
41266 2.0542402
41365 1.0694075
41465 -0.054908752
41566 -1.0976608
41666 -1.5354278
41766 -1.6593602
41866 -1.648457
41966 -1.6049645
42067 -1.5957007
42166 -1.5560169
42267 -1.0805764
42367 -0.120287895
42467 1.1968775
42567 1.7690215
42667 2.223311
42767 2.5363798
42868 2.6337762
42968 2.6175814
43068 2.5903869
43168 2.5763903
43268 2.5592146
43368 2.501625
43468 2.1545281
43569 0.5708742
43902 -2.5660245
44938 -2.6257663
45038 -2.5787487
45137 -1.5672307
45238 -0.25118828
45338 0.82556725
45438 1.4758329
45539 1.7453322
45639 1.7803774
45739 1.8258271
45838 1.8304148
45939 1.8117218
46039 1.2453427
46139 -0.0868988
46240 -0.84745264
46573 -1.4799278
46674 -1.4041398
46774 -0.82716084
46873 0.12861776
46973 1.0803432
47074 1.5393667
47174 1.6999474
47275 1.8234415
47375 1.8364258
47475 1.8364563
47809 1.1116152
47909 -0.18839931
48009 -1.0661843
48109 -1.5211403
48209 -1.7625542
48309 -1.8606939
48410 -1.8624587
48509 -1.8009472
48610 -1.577744
48710 -0.79557896
49127 2.1004143
49227 2.224978
49328 2.2317247
49428 2.1864786
49528 2.1252975
49628 1.9629836
49729 1.2832975
49829 0.065295696
49928 -0.8547487
50029 -1.414037
50129 -1.604681
50229 -1.627058
50329 -1.6256261
50429 -1.5863411
50529 -1.413835
50630 -0.753541
50730 0.26859808
50830 1.3011594
50930 1.6801157
51397 2.1739411
51497 1.5846596
51581 0.59446144
51681 -0.51611996
51781 -1.4857495
51881 -1.9953103
51981 -2.1220853
52081 -2.131632
52181 -2.0996037
52515 0.03450632
52616 0.96282196
52716 1.4942045
52817 1.710691
52917 1.7300844
53017 1.7117729
53117 1.6566138
53217 1.5542779
53318 1.032331
53417 0.4225688
53517 -0.41960812
53617 -1.1175027
53718 -1.6862578
54052 -1.8735662
54152 -1.5771861
54252 -0.614892
54352 0.3936205
54452 1.3160105
54553 1.8836584
54653 2.1069732
54753 2.3093033
54853 2.312705
54953 2.2677512
55053 2.1421804
55154 1.4780264
55253 0.7345495
55354 -0.34571075
55454 -1.0262566
55554 -1.460043
55654 -1.7564998
55755 -1.8595726
55855 -1.876492
55955 -1.798986
56054 -1.513186
56156 -0.9739866
56255 -0.13322163
56573 1.9635606
56672 2.1058555
56773 2.1732535
56872 2.1821299
56973 2.0619903
57073 1.5884652
57173 0.5381036
57273 -0.47879267
57374 -1.3585465
57474 -1.9571002
57574 -2.443275
57674 -2.7407005
57774 -2.8086412
57874 -2.7260478
57974 -2.2456608
58074 -1.3048267
58174 -0.28682613
58275 0.31897783
58375 1.0031161
58475 1.5628304
58575 1.6660242
58676 1.7588477
58776 1.7598915
58876 1.6608009
58976 1.3832579
59076 0.65507555
59176 -0.24614239
59277 -1.0191331
59377 -1.6347077
59477 -1.9728055
59577 -2.138941
59677 -2.1748881
59777 -1.8610759
59877 -1.075098
59977 -0.2540021
60078 0.49487448
60178 1.1361265
60544 1.8318892
60645 1.6478143
60745 0.9825487
60846 0.09816694
60946 -0.7768259
61046 -1.5927703
61146 -1.9105768
61246 -1.9490125
61346 -1.7458634
61446 -1.0646675
61547 -0.21688938
61647 0.55521107
61997 1.720768
62098 1.8391695
62198 1.8877649
62298 1.8844047
62398 1.832274
62498 1.6496534
62598 0.98088264
62698 -0.09898424
62799 -1.013597
62899 -1.4885724
62999 -1.5708287
63099 -1.5476856
63199 -1.3034351
63300 -0.6378174
63399 0.022225857
63500 0.54349995
63883 1.8697205
63984 1.8771605
64084 1.875833
64184 1.8221793
64285 1.6467676
64385 1.1900063
64485 0.32840824
64585 -0.562459
64685 -1.2467599
64786 -1.5928738
64886 -1.7145057
64985 -1.6757712
65085 -1.29916
65186 -0.4033947
65286 0.543334
65386 1.2771368
65487 1.6869798
65586 1.9622679
65687 2.0693407
65787 2.1054473
65887 2.0588617
65987 1.7774649
66087 1.1700716
66187 0.4618845
66287 -0.21641731
66655 -1.7225056
66755 -1.7716885
66855 -1.7221737
66955 -1.342619
67055 -0.37884617
67156 0.5277114
67255 1.2348089
67356 1.4794188
67456 1.6697683
67556 1.7064247
67656 1.6631002
67756 1.4669943
67857 1.1348925
67957 0.4333253
68056 -0.5687151
68157 -1.330869
68475 -1.2333608
68574 -0.43026066
68674 0.48286152
68775 1.2194986
68875 1.8630075
68975 2.097879
69309 2.0786486
69409 1.6361341
69509 0.6269083
69609 -0.17335415
69710 -0.9465308
69810 -1.6257877
70243 -0.8090992
70344 0.14038181
70444 1.057868
70544 1.7094359
70644 1.8497872
70744 1.9718895
70845 1.998075
70945 1.7963257
71045 1.2079687
71145 0.42886448
71245 -0.38090038
71346 -1.2369533
71446 -1.8297265
71546 -2.1679618
71646 -2.2493484
71745 -2.0907073
71846 -1.3967578
71946 -0.44201183
72047 0.52672625
72147 1.3948774
72247 1.842495
72564 2.1877375
72664 2.0117774
72764 1.3352022
72864 0.25350904
72965 -0.6946993
73065 -1.2845237
73165 -1.4575329
73265 -1.471766
73365 -1.3409595
73465 -1.0156014
73565 -0.5731559
73666 0.34769297
73766 1.0320377
73866 1.4939208
73966 1.7988906
74066 1.924675
74167 1.958693
74266 1.8503251
74633 -1.2073932
74734 -1.6716964
74834 -1.7304721
74934 -1.7268608
