1 -2.8751664
101 -2.9066882
202 -2.865468
301 -2.484915
401 -1.2376556
501 -0.08745289
601 0.80441475
701 1.8369799
801 2.574872
901 3.011547
1001 3.2013454
1101 3.3664026
1200 3.4838505
1301 3.5412579
1401 3.5266685
1501 2.838266
1601 1.5718932
1701 0.5833769
1801 -0.23771381
1901 -0.95574856
2001 -1.5472901
2101 -1.9731069
2201 -2.2427392
2301 -2.3901584
2401 -2.429148
2501 -2.4327013
2601 -2.4270742
2701 -2.2603924
2801 -1.3467209
2901 -0.48945522
3001 0.44199657
3101 1.3906908
3201 2.5047889
3301 3.359892
3401 3.857297
3501 4.1732273
3601 4.2628727
3701 4.2675686
3801 3.9884052
3901 3.2048454
4002 0.0
4101 0.0
4201 0.0
4301 0.0
4401 0.0
4501 0.0
4601 0.0
4701 0.0
4801 0.0
4901 0.0
5001 -3.5345957
5101 -2.76521
5201 -1.8066516
5301 -0.6840162
5401 0.8023696
5501 1.4459281
5601 2.1268692
5701 2.7329865
5802 3.0901623
5901 3.2620602
6001 3.3122702
6101 3.3160372
6201 3.20508
6301 2.532374
6401 1.1253271
6501 0.034976006
6601 -0.8437133
6701 -1.5936012
6801 -2.292224
6901 -2.7327847
7001 -3.0292957
7101 -3.2491138
7201 -3.3844924
7301 -3.4236803
7401 -3.2644155
7501 -2.3934352
7601 -0.9916105
7701 0.07045126
7801 0.8803339
7901 1.9173269
8001 2.6126661
8102 2.9885345
8201 3.2428722
8301 3.369379
8401 3.4051905
8501 3.355711
8601 2.867158
8701 1.8718805
8801 0.9423022
8901 0.04554081
9001 -0.8031726
9101 -1.5792344
9201 -2.1224058
9301 -2.4970891
9401 -2.7520616
9501 -2.9515138
9601 -3.0327082
9701 -3.0454497
9801 -2.7271073
9901 -1.8751085
10001 -0.78108454
10101 0.22972775
10201 1.1473827
10301 1.9312873
10401 2.462223
10501 2.858345
10601 3.0104656
10701 3.140211
10801 3.1885052
11124 0.880713
11223 -0.39148617
11323 -1.2914746
11423 -1.9175858
11523 -2.573712
11623 -3.0977075
11723 -3.296199
11823 -3.4382188
11923 -3.5468123
12023 -3.4294097
12123 -2.9220672
12223 -1.7361279
12454 0.7322483
12553 1.5459237
12653 2.273178
12753 2.7505608
12853 3.1405249
12953 3.5152225
13053 3.7116556
13153 3.7790709
13253 3.753315
13353 3.3073444
13453 2.2796645
13553 1.0413814
13653 -0.06563425
13753 -1.0112443
13853 -1.9714112
13953 -2.7383528
14053 -3.2302942
14153 -3.4579053
14254 -3.5287871
14353 -3.3501248
14453 -2.9144616
14553 -1.9541221
14653 -0.8824644
14753 -0.26004553
14853 1.0619822
14953 2.1830544
15053 2.9015388
15153 3.3808365
15253 3.6901712
15353 3.815709
15453 3.8092623
15553 3.4431353
15653 2.3190079
15753 1.0675516
15853 0.28685856
15952 -0.55073166
16053 -1.0101273
16153 -1.3232231
16253 -1.5551255
16353 -1.6705532
16453 -1.798821
16553 -1.8408403
16653 -1.8769803
16753 -1.8898642
16853 -1.7419782
16953 -0.766881
17053 -0.043188572
17153 0.40578127
17253 0.7360606
17353 1.0385695
17453 1.2345362
17553 1.4046984
17653 1.5233221
17753 1.6638823
17853 1.8349204
17953 1.9553795
18053 2.0262847
18154 2.0496192
18253 1.8936462
18353 1.3980856
18453 0.5511484
18553 -0.4324212
18653 -1.0381622
18753 -1.4415867
18853 -1.6839099
18953 -1.814872
19053 -1.9112241
19153 -1.9791055
19253 -2.0210643
19353 -2.0389743
19453 -2.0382886
19553 -2.0187123
19653 -1.8314052
19753 -0.963995
19853 -0.29536772
19953 0.3352499
20053 0.9502077
20153 1.4161558
20253 1.8652549
20353 2.0801964
20453 2.3582497
20553 2.5959792
20653 2.8473077
20753 3.0816917
20853 3.1846724
20954 3.2524052
21053 3.270792
21153 3.1726494
21253 2.5762405
21353 1.902195
21453 1.1226225
21553 0.52214384
21653 0.05425167
21753 -0.33702087
21853 -0.7672281
21953 -1.1214612
22053 -1.4752021
22153 -1.8453307
22253 -2.0786443
22353 -2.2250462
22453 -2.3332124
22553 -2.381418
22653 -2.198196
22753 -1.4284432
22853 -0.5192361
22953 0.24026012
23053 0.9869013
23153 1.678874
23253 1.9985886
23353 2.3051386
23453 2.4853935
23553 2.5999107
23653 2.6440363
23753 2.6336622
23853 2.3143587
23953 1.3307676
24053 0.3661294
24153 -0.27237272
24253 -0.91255283
24353 -1.3850472
24453 -1.8162298
24553 -2.0883794
24653 -2.3256326
24753 -2.4521415
24853 -2.5399768
24953 -2.5722136
25053 -2.5125618
25153 -2.0178735
25253 -1.0849636
25353 -0.42470312
25453 0.17015219
25553 0.9756994
25653 1.4088311
25753 1.8774934
25853 2.236506
25953 2.535966
26053 2.7671685
26153 2.932715
26253 2.9863648
26353 2.9417052
26453 2.5777407
26553 1.7742395
26653 0.8808727
26753 0.03406
26853 -0.78196764
26953 -1.4140255
27053 -1.9566045
27153 -2.3868864
27253 -2.7664542
27353 -2.9042044
27453 -2.9919827
27553 -3.0207624
27653 -2.9884307
27753 -2.4234169
27853 -1.3101392
27953 -0.39207315
28053 0.5770664
28153 1.2373781
28253 1.8742156
28353 2.4027543
28453 2.77912
28553 2.98954
28653 3.131813
28753 3.2391033
28853 3.2899704
28953 3.2429733
29053 2.6727037
29153 1.6251197
29253 0.47943306
29353 -0.65154266
29453 -1.3014133
29553 -1.7796884
29653 -2.1196275
29752 -2.3754563
29853 -2.4232984
29953 -2.4354696
30053 -2.3566515
30153 -1.65902
30253 -0.8058443
30353 -0.2725854
30453 0.2979269
30553 0.78119516
30653 1.0656824
30753 1.2782278
30853 1.5302911
30953 1.8696175
31053 2.0847983
31153 2.3170357
31253 2.4613228
31353 2.5285926
31453 2.552527
31553 2.5124092
31653 2.3662329
31753 1.8232641
31853 0.6669488
31953 -0.07751942
32053 -0.7072363
32153 -1.0721583
32253 -1.3739848
32353 -1.525516
32453 -1.6594346
32553 -1.7206559
32653 -1.7503884
32753 -1.7752311
32853 -1.7808158
32953 -1.7710528
33053 -1.6363316
33153 -0.9008846
33253 -0.036725998
33353 0.8063984
33453 1.6748772
33553 2.2992425
33653 2.6561012
33753 2.7663627
33853 2.8192673
33953 2.7392693
34053 2.200132
34153 1.3940787
34253 0.61406374
34352 -0.12933111
34453 -0.76199436
34553 -1.2812991
34653 -1.5192108
34753 -1.6690052
34853 -1.6788933
34953 -1.647372
35053 -1.4761345
35153 -0.82532406
35253 0.1764903
35353 1.0950937
35453 1.5886741
35553 1.9224534
35653 2.2984161
35753 2.7133188
35853 2.951229
35953 3.1280499
36053 3.2530766
36153 3.2935553
36253 3.0081997
36352 1.8076539
36453 0.64996195
36554 -0.2924366
36653 -1.1248269
36753 -1.8255715
36853 -2.182009
36953 -2.4021187
37053 -2.5414128
37153 -2.5842776
37253 -2.4606965
37353 -1.9421
37453 -0.7982931
37553 0.016293049
37653 0.94566774
37753 1.5247374
37853 1.9135017
37953 2.408764
38053 2.7800245
38153 2.992652
38253 3.1872005
38353 3.3077831
38453 3.3344584
38553 3.2792406
38653 2.6391373
38753 1.3003073
38853 0.26646614
38953 -0.52533484
39053 -1.156467
39153 -1.6262059
39253 -1.9620311
39353 -2.1913056
39453 -2.3693118
39553 -2.4432225
39653 -2.4523969
39753 -2.3364532
39853 -1.9885755
39953 -0.8508525
40053 -0.022315025
40153 0.6202593
40253 1.1726031
40353 1.534131
40453 1.8118796
40553 2.240529
40653 2.5479002
40753 2.7298827
40853 2.8064423
40953 2.8083563
41053 2.327446
41153 1.5481482
41253 0.89812374
41353 0.025200367
41453 -0.5025387
41553 -1.0522199
41653 -1.5116813
41753 -1.855171
41853 -2.2888236
41953 -2.5885746
42053 -2.7440581
42153 -2.7663348
42253 -2.5754566
42353 -1.9216897
42453 -0.8208666
42553 0.20172405
42653 1.0337658
42753 1.5403023
42853 1.9615965
42953 2.348981
43053 2.6398835
43153 2.899897
43253 3.0893955
43353 3.123273
43452 3.0102644
43553 2.3334327
43653 1.0941095
43753 0.25896168
43853 -0.45921135
43953 -1.0044208
44053 -1.4813552
44153 -1.8200896
44253 -2.0738957
44353 -2.377497
44453 -2.4651332
44553 -2.4426916
44653 -2.213341
44753 -1.8169246
44853 -1.0306065
44953 -0.078876495
45053 0.81761074
45153 1.3219237
45253 1.7661791
45353 2.1579523
45453 2.5067368
45553 2.7192926
45653 2.8472967
45753 2.9576683
45853 3.0006695
45953 2.8831115
46053 2.3075218
46153 1.530973
46253 0.21791697
46353 -0.52393055
46453 -1.076385
46553 -1.4514499
46653 -1.6879482
46753 -1.7992339
46853 -1.9731634
46953 -2.1079037
47053 -2.0233092
47153 -1.5758138
47253 -0.74137497
47353 0.04072714
47453 0.73348475
47553 1.3168268
47653 1.6520514
47754 1.9191942
47853 2.1671195
47953 2.3466287
48054 2.4738512
48153 2.5089226
48253 2.4540281
48353 1.6716547
48453 0.8067193
48552 0.0068483353
48653 -0.5652313
48753 -1.2182724
48853 -1.7093613
48953 -2.0094109
49053 -2.2907176
49153 -2.486991
49253 -2.606437
49353 -2.7455304
49453 -2.7040439
49553 -2.6217425
49653 -2.050252
49753 -1.1822078
49853 -0.17909908
49953 0.6107545
50053 1.2941527
50153 2.0185938
50253 2.2586756
50353 2.3516588
50453 2.4015493
50553 2.4236994
50653 2.3960829
50753 2.1595788
50853 1.471766
50953 0.6160388
51053 -0.23326015
51153 -1.0321434
51253 -1.7071881
51353 -2.179875
51453 -2.5291438
51553 -2.7763143
51653 -3.0243084
51753 -3.0511737
51853 -3.0565352
51953 -2.95077
52053 -2.387176
52153 -1.1964221
52253 -0.30631304
52353 0.8016882
52453 1.722908
52553 2.3264322
52653 2.686862
52753 2.8814688
52853 3.0242414
52953 3.1081324
53053 3.1298513
53153 3.144289
53253 3.0239468
53353 2.3444939
53453 1.2876873
53553 0.47982407
53653 -0.15290499
53753 -0.6638675
53853 -1.3494639
53953 -1.7150395
54053 -1.9559245
54153 -2.154204
54253 -2.2442422
54352 -2.2609122
54453 -2.257501
54553 -2.1973996
54653 -1.8069801
54753 -0.96247864
54853 -0.24563026
54953 0.49070168
55053 0.9874525
55153 1.432672
55253 1.8396139
55353 2.0457067
55453 2.1795511
55553 2.3037567
55653 2.3280106
55753 2.3401985
55853 2.0370202
55953 0.9105501
56053 -0.017237663
56153 -0.81574774
56253 -1.5452418
56353 -1.9236357
56453 -2.2253165
56553 -2.4526436
56653 -2.549522
56753 -2.6053915
56853 -2.660119
56953 -2.7259624
57053 -2.6476555
57153 -2.140512
57253 -0.7168441
57353 0.5313916
57453 1.4261603
57553 2.227744
57653 2.9404297
57753 3.435048
57854 3.69106
57953 3.7123318
58053 3.5945797
58153 3.058198
58253 2.106759
58353 0.82180214
58453 -0.10814905
58553 -1.2158482
58653 -1.8953865
58753 -2.3339171
58853 -2.5124564
58953 -2.6199083
59053 -2.6516237
59153 -2.6553025
59253 -2.5847468
59353 -2.1045156
59453 -1.1929798
59553 0.16524744
59653 0.9122319
59753 1.782546
59853 2.4494615
59953 2.8337111
60053 3.0161514
60153 3.1202269
60253 3.1808147
60352 3.1988573
60454 3.0732222
60553 2.218711
60653 1.2850485
60753 0.21755314
60853 -0.56805325
60953 -1.3413563
61053 -1.923943
61153 -2.4589648
61253 -3.1658158
61353 -3.5084794
61453 -3.6083887
61553 -3.3646507
61653 -2.3037496
61753 -0.9975667
61853 0.06490612
61953 0.75472116
62053 1.568068
62153 1.9651403
62253 2.3451872
62353 2.5705705
62453 2.644342
62552 2.7038412
62653 2.6596541
62753 2.4135604
62853 1.7048392
62953 0.94958067
63053 0.18461847
63153 -0.41217327
63253 -1.0043969
63353 -1.4341443
63453 -1.7153544
63553 -2.0114408
63653 -2.095304
63753 -2.1171103
63853 -2.0108085
63953 -1.3359578
64053 -0.090060234
64153 0.8628249
64253 1.6694398
64353 2.4186296
64453 2.7189078
64553 2.937255
64653 3.0253944
64753 3.0315552
64853 2.8860917
64953 2.3992143
65053 1.6433816
65153 0.6691284
65253 -0.16622353
65353 -1.0326393
65453 -1.6560357
65553 -2.171333
65653 -2.6376
65753 -2.7806296
65853 -2.8193882
65953 -2.7768152
66053 -2.3466947
66153 -1.5618081
66253 -0.2558112
66353 0.78326225
66453 1.7426515
66553 2.089942
66653 2.535779
66753 2.9220529
66853 3.0715666
66953 3.0400448
67053 2.632247
67153 1.8683014
67253 0.84167576
67353 -0.13553095
67453 -0.8939886
67553 -1.3599801
67653 -1.7565861
67753 -2.0164828
67853 -2.1927989
67953 -2.2566714
68053 -2.227974
68153 -1.9926906
68253 -0.90555
68353 0.41047716
68453 1.2541752
68553 2.2300692
68653 2.7081718
68753 3.1021261
68853 3.285821
68953 3.3677511
69053 3.3615808
69153 3.1481075
69253 2.4642878
69352 1.5483027
69453 0.70879745
69553 -0.82274437
69653 -1.6597664
69753 -2.349445
69853 -2.6457841
69953 -3.0580897
70053 -3.1661527
70153 -3.0008335
70253 -2.520534
70353 -1.7324052
70453 -1.0515544
70553 0.14526033
70653 0.9964075
70753 1.8914604
70853 2.3898635
70953 2.719265
71053 2.9027433
71153 3.0125656
71252 3.0428762
71353 3.020174
71453 2.3850107
71553 1.2840538
71653 0.44552374
71753 -0.27422333
71853 -0.7946224
71953 -1.588773
72053 -2.1710916
72153 -2.366421
72253 -2.2889895
72353 -1.9326699
72452 -1.2822685
72553 -0.38789654
72653 0.70521545
72753 1.4858613
72853 2.198401
72953 2.8073196
73053 3.3050709
73153 3.549574
73253 3.695056
73353 3.7600746
73453 3.6967573
73553 3.1243706
73653 2.093524
73753 1.0371661
73853 0.16297007
73954 -0.97819424
74053 -1.7637105
74153 -2.3853884
74253 -2.905151
74353 -3.186584
74453 -3.2875352
74553 -3.2560277
74653 -3.017002
74753 -2.6321428
74853 -1.7423244
74953 -0.7689686
