7 0.0
107 0.0
206 0.0
307 0.0
408 0.0
508 0.0
607 0.0
708 0.0
808 0.0
909 0.0
1008 0.0
1110 0.0
1210 0.0
1310 0.0
1410 0.0
1511 0.0
1611 0.0
1710 0.0
1811 0.0
1911 0.0
2012 0.0
2112 0.0
2212 0.0
2313 0.0
2412 0.0
2513 0.0
2614 0.0
2713 0.0
2813 0.0
2914 0.0
3014 0.0
3114 0.0
3215 0.0
3315 0.0
3415 0.0
3515 0.0
3615 0.0
3717 0.0
3817 0.0
3916 0.0
4017 0.0
4118 0.0
4218 0.0
4318 0.0
4419 0.0
4518 0.0
4619 0.0
4718 0.0
4802 0.0
4903 0.0
5002 0.0
5104 0.0
5203 0.0
5304 0.0
5405 0.0
5505 0.0
5605 0.0
5704 0.0
5805 0.0
5905 0.0
6006 -1.1788888
6106 -1.1788661
6206 -1.1295505
6307 -0.4632249
6406 0.84967613
6506 1.1763926
6607 1.1725063
6708 0.634223
6807 -0.4657154
6908 -1.399023
7009 -2.5910916
7108 -3.2705064
7209 -3.7170255
7309 -3.8642046
7409 -3.9532616
7510 -4.0312157
7610 -4.041149
7710 -4.0448947
7810 -4.0519576
7911 -4.057163
8010 -4.050053
8112 -3.7437878
8211 -1.969954
8312 -0.59343004
8412 0.59631443
8512 1.7993722
8613 2.3396888
8713 2.8791404
8812 3.3357563
8913 3.1533413
9013 2.9224663
9114 2.3895135
9214 1.5885859
9314 0.5285325
9414 -0.34051847
9515 -1.3766434
9615 -2.1287808
9716 -2.8423347
9815 -3.2787957
9917 -3.3863206
10016 -3.27564
10117 -2.6063626
10217 -1.7611656
10317 -0.95074844
10417 -0.13270712
10517 0.6696863
10617 1.452568
10718 2.072835
10819 2.434372
11721 -1.9153647
11821 -2.6171093
11921 -2.8978782
12022 -3.137673
12121 -3.2052295
12423 -2.3670704
12524 -2.1018462
12623 -1.9142432
12723 -1.8887174
12824 -1.898232
12924 -1.886512
13024 -1.3980496
13125 -0.5471697
13224 0.3146944
13325 0.90941143
13425 1.1288347
13526 1.3819766
13626 1.6427927
13727 1.9137306
13826 2.0063143
13927 2.0053596
14027 1.7258439
14127 0.81213665
14228 -0.25862217
14328 -1.4604421
14411 -2.3041005
14511 -2.870524
14611 -3.3522787
14713 -3.4187973
14812 -3.3193603
14912 -3.002869
15014 -1.8914101
15113 -1.7741427
15213 -1.5213039
15314 -0.9648714
15415 -0.082323074
15515 2.9764872
15615 3.1115608
15714 1.3294125
15815 0.981915
15915 1.0608768
16015 0.11820078
16115 0.021087646
16216 0.5772791
16317 0.0
16417 0.0
16516 0.0
16617 0.0
16718 0.0
16817 0.0
16918 0.0
17018 1.2806406
17118 -0.30908966
17219 -2.044996
17320 -2.7773807
17420 -3.2262301
17519 -3.3596785
17620 -3.3452256
17721 -2.9152703
17821 -1.8173859
17921 -0.6244774
18021 0.18627262
18121 1.1320791
18222 1.8781762
18322 2.1881065
18422 2.332015
18523 2.173101
18622 2.0140939
18722 1.8641839
18823 1.1380119
18923 0.10545635
19024 -0.5240736
19124 -1.2966542
19225 -2.0779624
19325 -2.4016688
19425 -2.9264562
19525 -3.0736723
19626 -2.847256
19726 -2.283026
19825 -1.7243316
19926 -0.79163265
20026 0.44724798
20127 1.1456428
20227 1.5697393
20327 1.9843826
20428 2.2056646
20528 2.4149919
20628 2.4394355
20711 2.2707314
21045 -0.03600359
21145 -0.99319124
21246 -1.6350372
21347 -1.7068386
21447 -1.9650521
21547 -2.1611056
21647 -2.2040324
21747 -2.2020373
21848 -2.1603363
21948 -2.010097
22049 -1.654038
22149 -1.2042389
22249 -0.355803
22350 0.37195635
22450 0.7556505
22549 1.0247188
22650 1.3447008
22750 1.6418352
22850 1.9313722
22951 2.066968
23034 2.1268835
23134 2.136757
23234 2.1335206
23335 2.0246954
23436 1.8187294
23535 1.6324244
23637 0.6928892
23736 -0.38235044
23837 -1.2029705
23936 -1.7485161
24037 -2.0178063
24138 -2.2406535
24237 -2.3567538
24337 -2.390223
24438 -2.4189985
24539 -2.4273474
24638 -2.4222465
24739 -2.407602
24840 -2.3278236
24939 -2.0588307
25039 -1.5880291
25140 -0.8973484
25241 -0.2949028
25340 0.3077526
25441 0.964705
25542 1.7368879
25642 2.3598795
25741 2.7936258
25841 3.0817347
25943 3.0766087
26042 2.906694
26143 2.646491
26242 2.3510728
26343 1.8316183
26443 1.0910177
26543 0.28872776
26644 -0.25146866
26745 -0.94716835
26844 -1.4992652
26944 -1.8036635
27045 -1.9522793
27145 -2.3565753
27246 -2.5442812
27346 -2.3642719
27447 -1.9879913
27547 -1.8482327
27647 -1.4836674
27746 -1.3001893
27848 -0.8744974
27947 -0.30112743
28048 0.38639164
28148 0.8657665
28248 1.263113
28348 1.7861204
28449 2.2362504
28550 2.4764853
28650 2.5733824
28750 2.558383
28850 2.1475563
28950 1.300242
29050 0.551105
29150 -0.3331604
29234 -0.6626625
29335 -1.0597224
29434 -1.3534913
29534 -1.6527569
29636 -1.8392906
29735 -1.9830232
29836 -2.083219
29937 -2.1856341
30037 -2.2273424
30136 -1.9838078
30237 -1.3397255
30338 -0.7098999
30437 -0.24871588
30538 0.20135403
30637 0.7698355
30739 1.165793
30839 1.4299669
30939 1.882524
31039 0.0
31139 0.0
31240 0.0
31340 0.0
31440 0.0
31540 0.0
31641 0.0
31740 -0.44832087
31841 -1.5052631
31941 -2.1978438
32041 -2.3273304
32143 -2.7648187
32242 -2.9689305
32342 -3.0089624
32443 -2.2416909
32543 -1.6305375
32643 -1.3665547
32743 -0.591455
32844 0.13776016
32944 0.80441046
33044 1.6247253
33144 2.3396707
33245 2.543395
33345 2.7669668
33445 2.9277945
33546 2.9589868
33646 2.9336839
33747 2.8182096
33847 2.083828
33946 1.4264975
34047 0.37060976
34147 -0.48092556
34248 -1.5264919
34348 -2.123465
34449 -2.5969188
34549 -2.6659493
34649 -2.716117
34749 -2.6560323
34849 -2.434907
34949 -2.2466173
35049 -1.5784333
35150 -0.4700775
35250 0.26475048
35350 0.957397
35434 1.6060271
35535 2.1928225
35634 2.6923547
35735 2.9975424
35836 3.2853355
35935 3.342782
36035 3.209674
36136 3.0074968
36237 2.6945868
36336 2.1148806
36436 1.4912882
36537 0.53902864
36637 -0.19141674
36738 -0.74738646
36837 -1.0974526
36938 -1.7509849
37038 -1.8783219
37139 -1.7838669
37239 -1.6004186
37340 -1.458852
37440 -1.1775558
37539 -0.836781
37641 -0.24226809
37740 0.22577
37841 0.7126417
37941 0.9912214
38041 1.1698403
38141 1.4295478
38241 1.5680223
38341 1.6570029
38442 1.6728945
38543 1.5465937
38642 1.1377287
38743 0.48641396
38843 -0.45013094
38943 -1.0072207
39044 -1.5974102
39144 -1.9968472
39244 -2.3395894
39345 -2.3956594
39445 -2.424877
39545 -2.453438
39646 -2.4327586
39746 -2.1282172
39845 -1.5883739
39947 -0.8277712
40047 -0.26731396
40147 0.3327589
40246 0.85683584
40347 1.2698221
40448 1.4945946
40548 1.6355896
40648 1.6478143
40748 1.6693087
40849 1.6741586
40949 1.61763
41049 1.1266112
41150 0.60416746
41249 -0.18538141
41350 -0.69452953
41451 -1.1195831
41551 -1.7574124
41651 -2.1720245
41735 -2.4709532
41835 -2.666491
41935 -2.7113304
42035 -2.7016282
42135 -2.645728
42236 -2.3834531
42336 -1.6092174
42437 -1.0317407
42536 -0.2251401
42636 0.9607525
42737 1.5424757
42837 1.8709221
42937 2.174985
43037 2.3680944
43137 2.459015
43238 2.532411
43339 2.5563555
43439 2.5635185
43539 2.4228644
43640 1.5468893
43740 0.6732726
43840 -0.29397106
43940 -0.96051836
44041 -1.6371036
44141 -2.3911815
44241 -2.693643
44341 -2.838478
44442 -2.910378
44541 -2.9158998
44642 -2.8218336
44742 -2.4165158
44843 -1.7648139
44944 -1.1942475
45043 -0.6202402
45143 0.035925865
45244 0.5956259
45344 1.1856685
45445 1.8352652
45545 2.194419
45644 2.3264794
45745 2.4167237
45845 2.4403672
45945 2.4345293
46045 2.3010726
46146 1.7167101
46246 1.030736
46346 -0.16098881
46447 -0.95738125
46547 -1.5087979
46647 -2.0454779
46748 -2.4117465
46848 -2.6708198
46948 -2.6504273
47049 -2.560678
47148 -2.3358748
47249 -1.8407996
47349 -1.2230594
47450 -0.54856014
47549 0.24870682
47650 0.59053755
47751 1.0718994
47851 1.3540754
47935 1.5139785
48034 1.7808685
48135 1.8419886
48236 1.8043814
48335 1.7583761
48435 1.6774626
48535 1.059515
48636 -0.042817116
48736 -0.89317036
48837 -1.5888009
49154 -2.8473892
49254 -2.951049
49355 -2.9353206
49455 -2.760941
49555 -2.3552716
49655 -1.7752659
49756 -1.0183358
49856 -0.4058447
49956 0.044598103
50056 0.9744854
50157 1.6040907
50258 2.107975
50358 2.3460808
50457 2.502159
50557 2.5242682
50659 2.4408083
50759 2.141131
50859 1.5897126
50959 0.6811209
51059 -0.24902391
51160 -0.96820927
51259 -1.678091
51360 -2.2430813
51461 -2.8831677
51561 -3.230734
51661 -3.5175133
51744 -3.4857042
51844 -3.1933732
51944 -2.7281299
52046 -1.7125294
52146 -0.8013706
52246 -0.25195312
52346 0.5801916
52446 1.1716971
52547 1.7485862
52647 2.2528238
52748 2.3638868
52847 2.3247466
52948 2.329319
53048 2.3152094
53148 2.2482615
53248 1.9163795
53349 1.284307
53448 0.42493153
53549 -0.5847335
53649 -1.2303035
53749 -1.7616401
53850 -2.2487566
53950 -2.831448
54050 -3.1163805
54151 -3.179171
54251 -3.0085807
54352 -2.7232733
54452 -2.0210378
54552 -1.284739
54653 -0.669672
54753 -0.05357027
54852 0.61104155
54953 1.2922616
55053 1.9307985
55153 2.299531
55254 2.3723664
55354 2.415761
55454 2.424849
55554 2.4029908
55655 2.1455293
55755 1.3932548
55855 0.5227022
55956 -0.39349985
56056 -1.1518588
56156 -1.6750464
56256 -1.9094884
56357 -2.1196625
56456 -2.4893584
56558 -2.7382207
56658 -2.775073
56757 -2.7030787
56858 -2.15447
56958 -1.2985744
57058 -0.6665449
57158 0.10007858
57258 0.8719759
57359 1.4008446
57459 1.8791494
57559 2.1650848
57660 2.3891191
57761 2.466105
57860 2.5023584
57944 2.4819474
58044 2.313151
58144 1.5620437
58246 0.63695145
58346 -0.5641451
58446 -1.3717093
58546 -2.0468287
58645 -2.5491014
58746 -3.1562436
58846 -3.3620274
58948 -3.359092
59047 -3.2333117
59147 -2.5054793
59248 -1.7281075
59348 -1.1476455
59448 -0.4470129
59548 0.24904966
59648 0.92693853
59748 1.4596243
59850 1.7787399
59950 2.067247
60050 2.1779647
60151 2.220234
60250 2.243123
60351 2.2181802
60451 2.0173965
60552 1.378253
60651 0.5855074
60752 -0.063319206
60852 -0.9136019
60952 -1.5123429
61053 -1.875072
61153 -2.5695274
61254 -3.2312589
61353 -3.4154935
61454 -3.4016297
61554 -3.1479247
61654 -2.5652788
61755 -1.6781788
61855 -0.9497595
61955 -0.37824917
62055 0.33346653
62155 1.1724501
62256 1.8402319
62356 2.5100012
62457 3.1801682
62556 3.3037062
62657 3.0740528
62757 2.970048
62858 2.6046257
62958 1.9103265
63058 1.2030306
63158 0.2126832
63258 -0.77011967
63359 -1.3028629
63459 -1.9752607
63559 -2.4642944
63659 -2.6890574
63760 -2.6835556
63860 -2.610702
63961 -2.2422452
64061 -1.5071728
64161 -0.85425425
64244 -0.36046743
64344 -0.04351139
64444 0.32554722
64545 1.2797523
64646 1.5863442
64746 1.900238
64846 2.2331076
64947 2.4372735
65046 2.5175514
65147 2.5221825
65247 2.3233962
65347 1.8273597
65448 0.8356347
65548 0.042609215
65649 -0.9753189
65748 -1.7889354
65848 -2.0381312
65948 -2.6054158
66050 -3.0325615
66150 -3.1225228
66250 -3.0109022
66350 -2.6372736
66450 -2.2136853
66550 -1.2089958
66651 -0.08675051
66751 0.79045105
66851 1.6487975
66952 2.4206505
67051 2.9876213
67152 3.3948936
67252 3.6809273
67352 3.892233
67453 3.9724789
67554 3.8957424
67653 3.2274504
67753 2.618969
67854 1.8093023
67955 0.72015
68055 -0.19896412
68155 -1.1287563
68255 -2.1811576
68355 -2.965029
68455 -3.0277848
68555 -3.066553
68656 -2.8428862
68756 -2.4665663
68857 -1.4345059
68957 -0.42158985
69058 0.57732296
69158 1.4612136
69258 2.3360891
69358 2.921327
69458 2.811284
69558 3.3090801
69659 3.4789276
69759 3.5352144
69859 3.4808722
69960 3.1583824
70060 2.576539
70161 1.5739012
70260 0.77766323
70361 0.021347523
70444 -0.95387125
70544 -1.9495778
70645 -2.2173812
70746 -2.64728
70846 -2.713295
70946 -2.617784
71046 -2.3031182
71146 -1.6219361
71247 -0.7929306
71347 0.10224819
71446 0.9904032
71548 1.5962396
71648 2.1927323
71748 2.5941725
71848 2.9026237
71948 3.0828114
72048 3.138197
72148 3.1529932
72250 3.138339
72350 2.9499779
72450 2.3061013
72550 1.437913
72651 0.78119516
72750 -0.15501499
72850 -1.21879
72951 -2.1978934
73052 -2.6985555
73152 -3.199075
73251 -3.4211192
73353 -3.2685487
73453 -3.068767
73552 -2.6696556
73653 -1.7294235
73753 -0.49337816
73853 0.5544958
73954 0.93324757
74054 1.6944008
74154 2.4755769
74255 2.957067
74354 3.327938
74455 3.6329231
74556 3.7715359
74656 3.7491693
74755 3.6522045
74856 3.1378727
74956 2.0219526
