32 0.8943124
132 0.10644674
232 -0.6233196
332 -1.2712216
432 -1.7853055
532 -2.1121485
632 -2.4069917
732 -2.5890718
832 -2.7810588
932 -2.878223
1032 -2.8404622
1132 -2.055756
1232 -1.0576091
1332 0.058960438
1432 0.9841981
1532 1.7801981
1632 2.4217591
1732 2.8068604
1958 3.500187
2058 3.6853027
2158 3.7553196
2258 3.7047892
2358 2.8025503
2458 2.374776
2558 0.8369703
2658 -0.25177574
2758 -0.8076906
2858 -1.4226921
2958 -2.0338979
3058 -2.704846
3158 -2.9666386
3258 -3.088163
3473 -3.1722875
3573 -2.6915336
3673 -1.4213104
3773 -0.2817135
3873 0.872632
3973 1.6726456
4073 2.1496263
4173 2.6113405
4273 2.8245697
4373 2.945817
4473 3.0121288
4572 2.986113
4673 2.8238554
4773 2.1769152
4873 0.8673887
4973 -0.22922707
5073 -1.1428769
5173 -1.9284453
5273 -2.640736
5373 -3.2144952
5473 -3.4703197
5573 -3.527239
5673 -3.4875567
5773 -3.296375
5873 -2.6427999
5973 -1.9704156
6073 -0.22086811
6173 1.0217066
6273 1.9737692
6373 2.7315092
6473 3.1444912
6573 3.3621578
6673 3.4088345
6773 3.420926
6873 3.3077497
6973 2.3474565
7073 1.3056993
7173 0.27508545
7273 -0.5933523
7373 -1.1376472
7473 -1.7681224
7573 -2.386145
7673 -3.0035782
7773 -3.2063987
7874 -3.3100247
7973 -3.3570352
8073 -3.272011
8173 -2.377484
8273 -0.99445534
8373 0.17119694
8473 1.197782
8573 2.359645
8673 3.2048492
8773 3.5810776
8873 3.8379507
8973 3.893528
9073 3.7926807
9173 3.3364697
9273 2.1782699
9373 1.1319046
9473 0.18616438
9573 -0.7456498
9673 -1.4621139
9773 -2.1979737
9873 -2.604003
9973 -2.9856951
10073 -3.1182103
10173 -3.1425683
10273 -3.0251205
10373 -2.277574
10473 -1.0574799
10573 0.13878584
10673 1.2097788
10773 1.9865198
10873 2.5788589
10973 3.1143322
11073 3.6859722
11173 4.2144184
11273 4.3360443
11373 4.2706013
11473 3.0736542
11573 1.8633294
11673 0.7857299
11773 -0.24754095
11873 -0.8720274
11973 -1.3821785
12073 -1.7899051
12173 -2.13449
12273 -2.4513302
12373 -2.5890245
12473 -2.6035593
12573 -2.4785292
12673 -1.7498784
12773 -0.97579193
12873 0.11857653
12973 0.759398
13073 1.5078592
13173 2.2181664
13273 2.6508074
13373 2.8056426
13473 2.8139105
13573 2.713253
13673 2.0656686
13773 1.2159462
13873 0.46595383
13973 -0.17094326
14073 -0.81101847
14173 -1.2486138
14273 -1.625936
14373 -1.9481893
14473 -2.1921158
14573 -2.2736306
14673 -2.2832398
14773 -2.1066966
14873 -1.3258598
14973 -0.38031435
15073 0.78278446
15173 1.6148958
15278 2.509632
15378 3.0227451
15478 3.3517666
15578 3.591463
15678 3.6453524
15778 3.4335594
15878 2.6548486
15978 1.7597747
16078 0.8196101
16178 0.11638117
16278 -0.4301157
16378 -0.67683125
16478 -0.7522483
16577 -0.79578686
16678 -0.8130808
16778 -0.8168335
16878 -0.81141806
16978 -0.7871418
17078 -0.6567035
17178 0.008647442
17277 0.82838917
17378 1.2885623
17478 1.5799608
17578 1.8567352
17678 2.0979261
17778 2.2547655
17878 2.3372865
17978 2.376471
18078 2.3939261
18178 2.3895597
18278 2.221362
18378 1.7174215
18478 0.7845316
18578 0.15336514
18677 -0.45631504
18778 -0.99152994
18878 -1.246074
18978 -1.4503961
19078 -1.591397
19178 -1.6532257
19278 -1.7246983
19378 -1.7724738
19478 -1.7773881
19578 -1.6651733
19678 -1.1136436
19778 -0.3777814
19878 0.1310072
19978 0.7997165
20078 1.2757144
20178 1.7316041
20278 2.0623794
20378 2.3826742
20478 2.6726408
20579 2.8234835
20678 2.8530874
20778 2.8491354
20878 2.833024
20978 2.39431
21078 1.8520994
21178 1.1572218
21278 0.47264385
21378 -0.14908743
21478 -0.6797323
21577 -1.0089822
21678 -1.469064
21778 -1.8345797
21878 -1.9885652
21978 -2.0684485
22078 -2.1031332
22178 -2.0802672
22278 -1.8999352
22378 -1.4779792
22478 -0.73426485
22578 0.13187504
22678 0.989326
22778 1.5133042
22878 2.0282621
22978 2.5072737
23078 2.8988738
23178 3.1645184
23278 3.273346
23378 3.3338184
23478 3.3508282
23578 3.2841225
23678 3.057416
23778 1.6739616
23878 0.8162446
23978 0.15273523
24078 -0.43214417
24178 -0.96164894
24278 -1.3378367
24378 -1.7123077
24478 -1.9601367
24578 -2.1447167
24678 -2.2131057
24778 -2.261826
24878 -2.2648997
24978 -2.2175567
25078 -2.0346332
25178 -1.6206448
25278 -1.0077946
25378 -0.3986106
25478 0.5097461
25578 1.0716596
25678 1.5063505
25778 1.9245858
25878 2.2471113
25978 2.540925
26078 2.709651
26178 2.7734442
26278 2.7682443
26378 2.4296637
26477 1.1530962
26578 0.2833643
26678 -0.44002295
26778 -1.0971947
26878 -1.3466938
26979 -1.5466275
27078 -1.7057374
27178 -1.8198266
27278 -1.8921423
27377 -1.9483168
27478 -1.9957521
27578 -2.0329041
27678 -2.0533288
27778 -2.028689
27878 -1.3957543
27978 -0.34606266
28078 0.4456067
28178 1.1245241
28278 1.5856972
28378 2.039443
28478 2.201322
28578 2.3524656
28678 2.5496635
28778 2.638566
28878 2.6593504
28977 2.534552
29078 1.9902573
29178 0.82952404
29278 0.1348505
29377 -0.46371174
29478 -1.2218633
29578 -1.7224247
29678 -2.0803075
29778 -2.2632413
29878 -2.3771286
29978 -2.5669892
30078 -2.7348032
30178 -2.7918854
30278 -2.8190546
30378 -2.7552123
30478 -2.1745067
30578 -1.4038537
30678 -0.72254276
30778 -0.10546398
30878 0.37466574
30978 0.7561302
31078 1.107461
31178 1.4618807
31278 1.5888014
31378 1.8239441
31478 1.9776793
31578 2.03684
31678 2.051056
31778 1.5649633
31878 0.39169645
31978 -0.14070606
32078 -0.60521793
32178 -0.9710455
32278 -1.2458205
32378 -1.4249759
32478 -1.5795372
32578 -1.7299411
32678 -1.8766065
32778 -1.9712977
32878 -2.071878
32978 -2.15534
33078 -2.201427
33178 -2.173116
33277 -1.3918815
33378 -0.4569378
33478 0.20651484
33578 0.64867735
33678 1.0816531
33778 1.4969397
33878 1.8535957
33978 2.2632775
34078 2.4742746
34178 2.6197724
34278 2.7299738
34378 2.7914033
34478 2.8188734
34578 2.7820396
34678 2.373147
34778 1.5255723
34878 0.69183254
34978 0.08154583
35078 -0.5249038
35178 -1.0260696
35277 -1.4294543
35378 -1.6759715
35478 -1.7989566
35578 -1.9965072
35678 -2.176046
35778 -2.1889725
35878 -1.981705
35978 -0.96725273
36078 0.21033716
36178 0.6656065
36278 1.5060983
36378 2.0237122
36478 2.3311296
36578 2.675171
36678 3.035635
36778 3.16469
36878 3.309043
36978 3.367566
37078 3.238676
37178 2.924714
37278 2.2304316
37378 1.1481113
37479 0.28429747
37578 -0.3630414
37678 -0.8258214
37778 -1.4909673
37878 -1.9212804
37978 -2.2484186
38078 -2.4772973
38178 -2.6372066
38278 -2.7024167
38378 -2.6688962
38478 -2.4033742
38578 -1.8996251
38679 -1.2175946
38778 -0.31277657
38878 0.46225452
38978 1.2265406
39078 1.7815003
39178 2.2735682
39278 2.6052437
39378 2.7209792
39478 2.8683767
39578 2.940641
39678 2.9896421
39778 3.0173187
39878 3.0128422
39978 2.904561
40078 2.8312836
40178 2.5204315
40278 1.6339097
40378 0.9524927
40478 0.24311781
40578 -0.549253
40678 -1.2077699
40777 -1.6774323
40878 -2.043921
40978 -2.208488
41078 -2.2582474
41178 -2.2605467
41278 -2.1516716
41378 -1.80903
41478 -1.3579476
41578 -0.3747654
41678 0.24388313
41778 0.96120167
41878 1.5999031
41978 1.9079146
42078 2.5191984
42178 2.7965722
42278 2.937468
42378 2.9686928
42478 2.8319092
42578 2.8614717
42678 2.6602044
42778 2.3329468
42878 1.7484121
42978 1.0749998
43078 0.4112506
43178 -0.33337355
43278 -1.0470741
43378 -1.5256042
43478 -2.0218596
43578 -2.389766
43678 -2.4299765
43778 -2.4466658
43878 -2.4501002
43978 -2.4390566
44078 -2.285771
44178 -1.6098602
44278 -0.5507231
44378 0.23038864
44478 0.65101004
44578 0.9869108
44678 1.4635367
44778 1.9224882
44878 2.262063
44978 2.4169044
45078 2.8067474
45178 2.9668312
45278 2.9985185
45378 2.9554887
45478 2.7112489
45578 2.1708832
45678 1.546073
45778 0.5421572
45878 -0.23420238
45978 -0.9360733
46078 -1.5511627
46178 -2.0877051
46278 -2.371627
46378 -2.4777737
46478 -2.5139651
46578 -2.516914
46678 -2.4839983
46778 -2.2196202
46878 -1.5815895
46978 -0.56958914
47078 0.1796503
47178 1.0499763
47278 1.4473853
47378 2.06951
47478 2.446723
47578 2.6821723
47678 2.8576422
47778 2.8968086
47878 2.8947
47977 2.7387948
48078 1.9345069
48178 0.7531333
48278 -0.0747838
48378 -0.85574627
48478 -1.7112193
48578 -2.2006125
48678 -2.643339
48778 -2.874847
48878 -3.0047646
48978 -3.1020973
49078 -3.132211
49178 -2.8664093
49278 -2.1326318
49378 -1.4697354
49478 -0.41033983
49578 0.46304703
49678 1.0758638
49778 1.5059214
49878 2.1536918
49978 2.5145926
50078 2.7230325
50178 2.8252945
50278 2.85701
50378 2.7897215
50478 2.3080077
50578 1.1778917
50678 0.206038
50778 -0.8463664
50878 -1.5932803
50978 -2.1187892
51078 -2.5328531
51178 -2.562111
51278 -3.141892
51378 -3.2154799
51478 -3.0801332
51578 -2.4600801
51678 -1.3771
51778 -0.4489131
51878 0.6204691
51978 1.2751884
52078 1.7703943
52178 2.2578826
52278 2.575241
52378 2.8246813
52478 2.8672972
52578 2.6819406
52678 2.0533438
52778 1.1176729
52878 0.17125463
52978 -0.45201302
53078 -1.083601
53178 -1.5082633
53278 -1.960737
53378 -2.1881442
53478 -2.383236
53578 -2.5674722
53678 -2.643311
53778 -2.6656032
53878 -2.13596
53978 -1.0986073
54078 -0.08437395
54178 0.91424656
54278 1.283896
54378 1.862432
54478 2.4367752
54578 2.8070211
54678 2.9468126
54778 3.0068245
54878 3.0172768
54978 2.8876572
55078 2.279509
55178 1.2365785
55278 0.14228916
55378 -0.7003741
55478 -1.4899573
55578 -2.0599759
55678 -2.4694693
55778 -2.9054646
55878 -3.1030326
55978 -3.1407905
56078 -2.9743977
56178 -2.2549238
56278 -1.1452382
56378 -0.06929684
56478 0.99314976
56578 1.4606619
56678 2.130703
56778 2.4821754
56878 2.6274056
56978 2.6939
57078 2.7238235
57178 2.6606317
57278 2.0367365
57378 0.6379838
57478 -0.040025234
57578 -0.71310806
57678 -1.3169982
57778 -1.5435905
57878 -2.1702962
57978 -2.5010772
58078 -2.5987341
58178 -2.6073303
58278 -2.557798
58378 -1.7122548
58478 -0.77480364
58578 0.2092371
58678 0.90922594
58778 1.6241469
58878 2.1670365
58978 2.3989487
59078 2.588431
59178 2.6481957
59278 2.651496
59378 2.6414003
59478 2.3321242
59578 1.4527617
59678 0.15691757
59778 -0.47777367
59878 -1.3912826
59978 -1.9193208
60078 -2.4937274
60178 -2.7342534
60278 -2.9027238
60378 -2.95209
60478 -2.9143348
60578 -2.6257653
60678 -1.8610585
60778 -0.87204456
60878 0.10221958
60978 0.8801727
61078 1.8695679
61178 2.2698607
61278 2.6744003
61378 2.8237867
61478 2.8256621
61578 2.7117066
61678 2.3795419
61778 1.3624468
61878 0.4190588
61978 -0.7256279
62078 -1.4707992
62178 -1.9581914
62278 -2.4043894
62378 -2.7542284
62478 -2.9959815
62578 -3.0161684
62678 -2.8596601
62778 -2.2101705
62878 -1.4493032
62978 -0.7971988
63078 0.14870453
63178 1.1135216
63278 1.5370789
63378 2.202169
63478 2.601934
63578 2.7464852
63678 2.7905183
63778 2.6796608
63878 2.2759314
63978 1.0661159
64078 -0.019878864
64178 -0.93215466
64278 -1.6719947
64378 -2.2664282
64478 -2.6416578
64578 -2.8926632
64678 -2.9837995
64779 -2.961963
64878 -2.5260947
64978 -1.7183392
65078 -0.5747113
65178 0.37874413
65278 1.353322
65378 1.9977913
65478 2.5528793
65577 2.89359
65678 3.1427631
65778 3.207014
65878 3.188653
65978 2.4669662
66078 1.4746866
66178 0.21697283
66278 -0.8562608
66378 -1.6755834
66478 -2.5556607
66578 -3.095886
66678 -3.2809858
66778 -3.3408577
66878 -3.2231221
66978 -2.5054128
67078 -1.4567122
67178 -0.474288
67278 0.27224064
67378 1.3952994
67478 2.1353774
67578 2.5987296
67678 2.9578896
67778 2.9997544
67878 2.989564
67978 2.821208
68078 2.3249903
68178 1.2069817
68278 0.4224968
68378 -0.38541603
68478 -1.1790295
68578 -1.7383771
68678 -2.1503868
68777 -2.4409537
68878 -2.6506476
68978 -2.709669
69078 -2.6677468
69178 -2.440361
69278 -2.001968
69378 -0.9088774
69479 0.05911827
69578 0.73871374
69678 1.455378
69778 2.2800436
69878 2.6253748
69978 2.8262415
70078 2.912043
70178 2.8511305
70278 2.3370447
70378 1.3237495
70478 0.48826313
70578 -0.20069551
70678 -0.9788494
70778 -1.6370373
70878 -2.1590285
70978 -2.6063433
71078 -2.8371594
71178 -2.964283
71278 -2.9647584
71378 -2.8854856
71478 -2.5639575
71578 -1.8265958
71678 -0.953814
71778 0.124268055
71878 1.0030651
71978 1.8307123
72078 2.3402872
72178 2.658802
72278 2.7901015
72378 2.7972236
72478 2.5972838
72578 1.8994293
72678 0.82627106
72778 0.20735645
72878 -0.6206665
72978 -1.4895244
73078 -2.1960244
73178 -2.6585221
73278 -2.9779348
73378 -3.0464108
73478 -3.0403116
73578 -2.942243
73678 -2.2814333
73778 -1.7010136
73878 -0.6998019
73978 0.21973705
74078 1.0408468
74178 1.7859316
74278 2.3083649
74378 2.538601
74478 2.5877204
74578 2.4324427
74678 1.7623343
74778 0.9005332
74878 -0.031447887
74978 -0.7129116
