54 1.3679409
154 1.9017396
253 2.2593179
354 2.3408766
454 2.2866468
554 2.1578445
655 2.0208216
755 1.537055
855 0.76635647
1189 -1.45998
1289 -1.7956555
1389 -1.9667649
1489 -1.9531059
1589 -1.5897985
1689 -0.8460913
1790 0.0061597824
1872 0.67016125
1972 1.1991396
2072 1.671782
2173 1.9133277
2272 2.0084176
2372 2.0227418
2472 1.96029
2574 1.8209519
2675 1.5630045
2775 1.1161084
3092 -1.1627975
3191 -1.7322438
3292 -1.9933467
3393 -2.0385575
3492 -1.9975863
3592 -1.7975934
3692 -1.3406727
3793 -0.63408756
3894 0.14019299
3994 0.7962651
4094 1.2708259
4194 1.6020546
4294 1.8480959
4394 1.9384675
4494 1.9572668
4594 1.9331651
4912 0.16736126
5011 -0.39766788
5112 -1.0465477
5212 -1.5158889
5579 -1.9193077
5679 -1.5978112
5779 -1.0049114
5880 -0.344779
5980 0.13908052
6080 0.6352496
6180 0.99122334
6281 1.2471466
6381 1.3700423
6481 1.4184289
6581 1.4157844
6998 -0.38919497
7098 -0.8167033
7198 -1.2972894
7299 -1.522269
7398 -1.6112454
7499 -1.5941882
7599 -1.4626133
7700 -0.9773698
7799 -0.38814354
7900 0.50795794
8000 1.277009
8100 1.7346039
8200 2.0826774
8300 2.2020502
8400 2.1802115
8501 2.024778
8601 1.6895728
8701 1.1083865
8802 0.290236
8902 -0.41148424
9002 -1.1120734
9102 -1.704534
9202 -2.0742745
9302 -2.1646638
9402 -2.1190574
9503 -1.8836653
9602 -1.0188446
9702 -0.12211847
9803 0.8035736
9904 1.3651743
10003 1.6266036
10103 1.7121902
10204 1.7288141
10304 1.7319846
10404 1.6083946
10504 0.96971416
10604 0.048164845
10704 -0.56626606
10804 -1.0578258
10905 -1.2846789
11005 -1.4191425
11106 -1.4543285
11206 -1.3779855
11305 -1.164201
11406 -0.72497225
11506 -0.16217709
11606 0.6099291
11706 1.2480702
11807 1.7130766
11906 1.8812461
12007 1.9136863
12106 1.9221458
12207 1.9266853
12307 1.8870645
12407 1.6134386
12508 0.8457823
12607 0.064925194
12690 -0.3876438
12790 -0.8762722
12890 -1.3371658
12990 -1.7214069
13090 -1.9217429
13190 -1.9679987
13292 -1.8695519
13392 -1.2728138
13493 -0.62278223
13593 -0.07566643
13693 0.55399704
13793 1.1378946
13893 1.5058451
13994 1.6237898
14094 1.6276832
14194 1.5789437
14294 1.4377909
14394 0.9841337
14494 0.22912359
14595 -0.5484705
14694 -1.1490803
14795 -1.6308627
14895 -1.8563917
15212 -1.392606
15312 -0.65754986
15412 0.061751366
15512 0.74284554
15613 1.2978678
15712 1.5353432
15812 1.6583228
15913 1.6828384
16013 1.6838226
16114 1.6400056
16214 1.0452299
16314 -0.052509785
16413 -0.610548
16514 -1.1094201
16614 -1.4133182
16715 -1.524049
16814 -1.5137966
16915 -1.2994504
17015 -0.69320583
17116 0.061924934
17215 0.8339429
17315 1.3174891
17416 1.6350403
17515 1.8374338
17615 1.9399705
17716 1.9779329
17816 1.9976416
17917 2.0071282
18017 2.0065598
18117 1.9295974
18217 1.5225196
18317 0.5944419
18418 -0.12882566
18518 -0.5704365
18618 -0.88854885
18718 -1.235656
18818 -1.5456696
18919 -1.7091937
19019 -1.8054235
19118 -1.8469577
19219 -1.8512797
19319 -1.825207
19419 -1.6256454
19519 -1.3125293
19619 -0.8930483
19719 -0.3343234
19820 0.22324371
19920 0.80460644
20021 1.3076096
20121 1.6731172
20221 1.8828139
20321 2.0170364
20421 2.0738778
20520 2.1126761
20620 2.1354585
20721 2.1394415
20821 2.0407715
20921 1.4993086
21004 0.75599146
21104 0.16227818
21204 -0.20899057
21304 -0.41923475
21404 -0.70551157
21504 -0.9988127
21605 -1.248218
21706 -1.4321594
21807 -1.5557594
21907 -1.634131
22007 -1.6463025
22107 -1.650341
22207 -1.6396625
22307 -1.5758452
22408 -1.3959222
22508 -0.78582287
22608 0.0731225
22708 0.56854343
22808 0.95307016
22908 1.2597675
23008 1.5730715
23108 1.7334213
23209 1.8370123
23309 1.8995194
23409 1.9232354
23509 1.9269285
23609 1.8840342
23710 1.7709517
23810 1.6636343
23910 1.5311556
24010 1.2739882
24110 0.5265026
24210 -0.15559673
24310 -0.9385166
24411 -1.522569
24511 -1.9746723
24611 -2.2309668
24928 -2.219311
25028 -1.9998
25129 -1.2227216
25229 -0.26263046
25329 0.39963484
25429 1.0364027
25530 1.5843582
25630 1.9955292
25729 2.2944374
25829 2.5691786
25930 2.7127428
26030 2.800116
26130 2.8556838
26231 2.8667364
26330 2.7795496
26430 2.4647722
26531 1.8993287
26632 1.2903805
26732 0.73749256
26832 0.22519112
26931 -0.16096973
27032 -0.6390319
27132 -1.0095315
27231 -1.3696723
27333 -1.6523042
27432 -1.835897
27532 -1.8964884
27633 -1.8962107
27732 -1.7698712
27833 -0.93466616
27934 0.06732607
28034 0.73024035
28133 1.1783957
28233 1.4545698
28334 1.7634897
28433 1.9813104
28535 2.132492
28634 2.265462
28734 2.3915954
28835 2.5160508
28934 2.5778785
29035 2.6095824
29135 2.5998597
29236 2.3471274
29336 1.3411112
29418 0.37115812
29519 -0.40743923
29618 -0.9705982
29718 -1.2389381
29818 -1.3219395
29918 -1.3622842
30020 -1.3808815
30121 -1.3934574
30221 -1.3928287
30321 -1.0349693
30421 -0.121576786
30521 0.4251895
30621 0.6718564
30721 0.8726034
30822 1.3591838
30922 1.8371553
31022 2.240673
31122 2.4457793
31222 2.5963936
31322 2.7272825
31423 2.8620315
31523 2.9884253
31623 3.0728025
31723 3.1207447
31823 3.113369
31923 2.7436357
32023 1.8527312
32123 0.46152735
32224 -0.3629198
32324 -0.8975959
32424 -1.1486447
32524 -1.2388496
32624 -1.2829673
32724 -1.3365395
32825 -1.4278455
32925 -1.4743237
33025 -1.4072444
33125 -0.9513893
33225 -0.32829762
33325 0.088639736
33425 0.49700975
33526 0.9906597
33626 1.6632552
33727 2.4529142
33826 2.9524832
33927 3.3640842
34026 3.4835682
34128 3.52742
34227 3.5269423
34328 3.4169998
34427 3.0363636
34527 1.9551444
34628 1.017849
34727 0.33155537
34829 -0.10164118
34928 -0.43631077
35029 -0.8318167
35129 -1.2772765
35229 -1.6244767
35329 -1.7856197
35429 -1.9118333
35530 -2.0264165
35630 -2.0944512
35730 -2.1268945
35830 -2.019051
35930 -1.515625
36030 -0.92414
36131 -0.32888317
36230 0.26014328
36331 1.1074195
36431 1.8484077
36532 2.4098792
36631 2.9369864
36731 3.258646
36831 3.358529
36932 3.3633623
37032 3.3300447
37132 3.0914946
37232 2.2226171
37332 1.1982069
37433 0.38779354
37532 -0.4789195
37633 -1.0418854
37733 -1.3738258
37833 -1.7196336
37933 -1.9802198
38033 -2.1608868
38133 -2.2878985
38234 -2.3027673
38333 -2.3031485
38434 -2.2831354
38535 -2.1916378
38635 -1.9255509
38735 -1.1812077
38835 -0.09326649
38935 0.73528194
39036 1.3777142
39135 1.8155417
39236 2.2153258
39318 2.5235925
39418 2.883584
39518 3.0694056
39618 3.138383
39718 3.0605164
39818 2.6110168
39920 1.4112787
40020 0.6513996
40121 0.05137205
40221 -0.399889
40321 -0.6489191
40421 -0.97884655
40521 -1.309063
40621 -1.7190738
40722 -2.0941453
40822 -2.3269665
40922 -2.464949
41022 -2.5411098
41122 -2.5663218
41222 -2.5396855
41322 -2.3656898
41422 -1.9477875
41523 -1.0452442
41623 -0.21584415
41723 0.725513
41823 1.5052567
41924 2.0622263
42023 2.4345841
42123 2.716339
42223 2.8161688
42324 2.8591628
42424 2.8719506
42524 2.831912
42624 2.6081
42724 2.0640144
42825 1.3696108
42925 0.79816484
43025 0.19989014
43125 -0.39452457
43225 -0.89519453
43325 -1.1906929
43643 -2.068979
43743 -2.2746358
43843 -2.415751
43943 -2.5231853
44043 -2.5508232
44144 -2.543037
44244 -2.4554343
44344 -2.026091
44445 -0.9336424
44545 0.04920101
44645 0.8669481
44745 1.3954511
44845 1.7028046
44945 1.7792082
45045 1.7826028
45145 1.7530165
45246 1.6804085
45345 1.5991364
45445 1.3453994
45545 0.27616835
45646 -0.75651264
45747 -1.4421699
45847 -1.8639789
45947 -2.0671515
46047 -2.160997
46147 -2.244296
46247 -2.2938993
46347 -2.3389044
46447 -2.3326466
46548 -2.2714021
46647 -1.9928403
46748 -1.4929299
46848 -0.6100607
46949 -0.04575634
47048 0.480443
47149 1.0285444
47248 1.5959673
47348 1.931325
47449 2.1306891
47550 2.2117548
47649 2.2300568
47750 2.1695366
47849 1.9198732
47950 1.3609505
48050 0.61308527
48150 -0.02133131
48250 -0.595561
48351 -0.98629427
48450 -1.2845051
48550 -1.6182323
48651 -1.8510554
48752 -1.9631221
48851 -1.9142194
48934 -1.702977
49034 -1.2485771
49134 -0.6555853
49234 -0.06644726
49334 0.48549986
49434 1.0344048
49536 1.4691744
49637 1.7684975
49737 2.100356
49837 2.4533286
49937 2.8075423
50037 3.0306158
50137 3.105136
50237 3.075838
50337 2.9441924
50438 2.582652
50538 1.9905062
50638 1.345767
50738 0.8298178
50838 0.28032637
50938 -0.22083282
51038 -0.7822833
51139 -1.3580253
51239 -1.9281638
51339 -2.3305643
51439 -2.529629
51539 -2.554434
51639 -2.4500725
51740 -2.1574996
51840 -1.6116624
51940 -0.80827093
52040 -0.079297066
52140 0.50401497
52240 0.82381344
52340 1.0510435
52441 1.2775106
52541 1.4939919
52641 1.7885981
52741 2.0674057
52841 2.322463
52941 2.4898987
53042 2.5249114
53142 2.4439173
53242 1.8779778
53342 1.1782885
53442 0.65549326
53542 0.09849739
53643 -0.5435481
53743 -1.105336
53844 -1.6361089
53943 -2.0497122
54043 -2.2564015
54143 -2.335313
54244 -2.2436213
54344 -1.8255017
54445 -1.2380428
54544 -0.6207094
54644 -0.07265568
54745 0.5053649
54845 0.97438717
54945 1.2470503
55046 1.4422293
55145 1.6999044
55246 1.9578414
55346 2.045761
55446 2.0659037
55546 1.9661798
55646 1.7203965
55747 1.3292456
55846 0.93822384
55947 0.3787198
56046 -0.16707087
56147 -0.4741292
56247 -0.7154598
56348 -0.89537525
56447 -1.0062947
56548 -1.0394516
56648 -0.9801445
56748 -0.3610835
56849 0.23633194
56948 0.6953745
57048 1.047359
57148 1.258647
57249 1.4186163
57349 1.6844611
57449 1.9856415
57550 2.1435866
57650 2.2038674
57749 2.210125
57850 2.165563
57949 1.862298
58050 1.3408298
58150 0.892406
58251 0.5090704
58351 0.17453909
58450 -0.13475037
58551 -0.42143965
58651 -0.7088156
58752 -1.0006809
58834 -1.21595
58934 -1.3558965
59034 -1.4174461
59134 -1.4241576
59234 -1.3476386
59334 -0.5361328
59436 0.26440144
59536 0.810266
59636 1.1607256
59737 1.410903
59837 1.5715766
59937 1.7629409
60037 1.9494677
60137 2.0522552
60238 2.100934
60338 2.074758
60438 1.9657226
60538 1.7005186
60638 1.2042875
60738 0.64719915
60838 -0.11850691
60938 -0.5990553
61039 -0.9132285
61139 -1.1558006
61239 -1.2649486
61339 -1.295259
61439 -1.24053
61539 -0.7120161
61640 0.0297513
61740 0.6803832
61840 1.1648421
61940 1.55514
62040 1.8819671
62140 2.1399183
62240 2.3409414
62340 2.380784
62441 2.295671
62541 2.0329237
62641 1.4895182
62741 0.78454113
62841 0.11002779
62942 -0.50729895
63042 -0.9154725
63142 -1.4242623
63242 -1.7049918
63342 -1.891954
63442 -1.950361
63542 -1.9596469
63643 -1.9105535
63744 -1.5182705
63844 -0.641881
63944 0.0878706
64043 0.6896038
64144 1.167625
64244 1.486876
64344 1.7784424
64444 2.0867414
64544 2.332972
64645 2.4626226
64745 2.4625893
64845 2.2858987
64945 1.8505964
65045 1.230525
65145 0.46079206
65246 -0.14500093
65346 -0.67749786
65446 -1.0425496
65546 -1.503959
65647 -1.6861107
65747 -1.7251217
65847 -1.5300632
65947 -1.1623409
66047 -0.4962244
66148 0.29136467
66247 1.0123496
66348 1.5668182
66447 2.1743193
66548 2.4242234
66648 2.5012984
66748 2.4774718
66849 2.392395
66948 2.1932006
67049 1.6069207
67149 1.015234
67249 0.4803276
67350 0.008658409
67449 -0.32713127
67549 -0.68462706
67649 -1.0404255
67749 -1.5633729
67849 -1.855454
67950 -1.9995091
68050 -1.959008
68151 -1.6270766
68251 -0.8758893
68351 -0.1556139
68451 0.43785715
68551 0.7369909
68651 0.9935632
68751 1.1308365
68834 1.2459774
68934 1.3976021
69034 1.6312509
69134 1.7704687
69234 1.7986059
69334 1.6969757
69436 1.3906045
69536 1.0276742
69637 0.7334008
69986 -0.56718636
70087 -0.83066416
70187 -1.0109742
70287 -1.0942848
70387 -1.0882668
70487 -1.0358441
70588 -0.86933136
70688 -0.5259533
70788 -0.1502161
70888 0.23565292
70988 0.48854637
71088 0.7499242
71188 0.9778137
71288 1.1789141
71389 1.2868953
71489 1.3925352
71589 1.5882745
71689 1.9200058
71789 2.123179
71890 2.0731802
71990 1.3736048
72090 0.6427069
72190 -0.052775383
72291 -0.7041478
72391 -1.0511391
72492 -1.1796775
72591 -1.2000008
72692 -1.0153782
72791 -0.5590744
72891 -0.008330345
72992 0.50802135
73091 1.0947852
73192 1.5382891
73292 1.9097891
73393 2.0995913
73493 2.1646104
73593 2.1713943
73693 2.1633568
73794 2.130578
73893 2.031705
73993 1.6695733
74094 1.1736574
74194 0.6258688
74294 -0.022593975
74394 -0.5727787
74494 -0.8974762
74595 -1.2259126
74694 -1.4534619
74795 -1.5410511
74895 -1.5326896
74996 -1.3750749
