16 3.1486254
116 3.2299156
217 3.263914
318 3.2078047
417 3.0240269
518 2.4711761
619 1.3618441
717 -0.15771341
818 -1.5738583
918 -2.7420704
1018 -3.221784
1118 -3.3157945
1218 -2.5042274
1319 -1.2122188
1419 0.25727177
1518 1.4226189
1620 2.3308234
1719 2.9404297
1820 3.4966908
1919 3.8464375
2019 3.9448137
2119 3.86518
2204 3.8302517
2305 3.6782732
2404 2.950354
2505 1.5112252
2604 0.14913797
2705 -1.627187
2805 -3.370584
2905 -3.9675188
3005 -3.8770387
3122 -3.816341
3206 -3.161743
3305 -1.459137
3407 0.50129175
3505 1.7860413
3606 2.9565897
3706 3.8963585
3806 4.0477467
3906 4.0730076
4007 4.0830107
4108 3.877347
4207 3.0241995
4309 1.7441282
4407 0.63572407
4508 -0.4604597
4608 -1.5060139
4708 -2.328688
4808 -2.8429546
4908 -3.0455613
5009 -2.8047576
5109 -1.7340322
5209 -0.34790707
5308 0.8717623
5409 2.3191519
5509 3.1545334
5609 3.836258
5710 4.1481686
5810 4.20485
5910 4.282549
6010 4.0473547
6111 3.4993372
6210 2.1782012
6312 0.86551476
6411 -0.24958134
6511 -1.5129063
6611 -2.4889712
6711 -3.2695844
6812 -3.6539679
6912 -3.622496
7014 -3.5266347
7112 -3.12289
7214 -2.1914
7311 -1.0859566
7413 -0.0017843246
7513 1.2001104
7612 1.9458199
7712 2.5742064
7812 2.9881058
7913 3.2464037
8013 3.3005495
8114 3.2745647
8213 3.2638378
8314 3.0563335
8413 2.5727844
8514 1.3267021
8614 0.15381193
8714 -0.98178005
8814 -1.9278991
8914 -2.7680085
9015 -3.3307023
9115 -3.6066601
9216 -3.4673815
9315 -2.666234
9417 -1.3790479
9515 -0.20021725
9616 1.2803574
9716 2.4479103
9817 3.371005
9916 3.794775
10016 3.948783
10116 4.0075397
10217 3.7829638
10318 3.2671337
10417 2.7684875
10517 1.7067947
10617 0.6765108
10717 -0.6488657
10818 -1.9672694
10918 -2.8891883
11018 -3.4126072
11118 -4.019961
11220 -4.1048613
11318 -3.371738
11419 -1.7884247
11519 -0.5974884
11619 1.0139303
11719 2.4477997
11819 3.210803
11920 3.5767918
12020 3.7434406
12104 3.7546177
12205 3.6095514
12305 3.0959396
12404 2.087935
12521 1.1597252
12605 0.27326488
12721 -1.1990955
12804 -2.2216644
12921 -3.100359
13005 -3.548
13105 -3.7795794
13206 -3.6380992
13306 -2.8671527
13406 -1.6444848
13506 -0.374568
13606 0.8147516
13706 1.8185873
13806 2.8147416
13907 3.4511738
14006 3.6450644
14109 3.8669548
14206 3.9496098
14307 3.816702
14407 3.59128
14508 2.6114564
14608 1.3132348
14707 0.0418005
14808 -1.331567
14908 -2.590362
15392 -4.014368
15492 -2.3875766
15592 -0.94714355
15692 0.75727797
15792 1.5778008
15894 2.5892305
15993 3.0363808
16095 3.4841347
16193 3.7188292
16294 3.8468647
16394 3.841813
16494 3.7507992
16595 3.5822086
16695 2.9686804
16794 2.1734076
16895 1.3690653
16995 0.34721136
17094 -0.7852497
17196 -1.9059017
17295 -3.0248408
17396 -3.854425
17497 -4.4130497
17596 -4.580339
17696 -4.68723
17796 -4.1661987
17898 -3.2597928
17996 -2.4059546
18097 -1.5395641
18197 -0.8650923
18297 -0.0156002045
18396 0.46265125
18497 0.949914
18597 1.5105782
18698 2.342214
18797 2.9251814
18898 2.9811645
18998 2.9327788
19098 2.6122751
19199 1.7244363
19299 1.0604553
19399 -0.0218153
19498 -1.2980576
19599 -2.2889688
19699 -3.4546602
19800 -4.239931
19900 -4.5539947
19999 -4.575032
20101 -4.525688
20200 -3.6887622
20301 -2.5126595
20400 -1.4687581
20500 -0.49541283
20601 0.47590876
20701 1.4003205
20800 2.4076219
20900 2.9744616
21002 3.5181437
21101 3.7946253
21202 3.9044123
21302 3.6989765
21402 2.9955444
21502 1.9428535
21602 1.1163573
21703 0.22679424
21802 -0.6791253
21902 -1.9793887
22003 -3.0749087
22104 -4.206443
22204 -4.6505556
22304 -4.656542
22404 -3.969442
22504 -3.2559478
22603 -2.0261118
22704 -0.9817314
22804 0.3235836
22904 1.0950971
23005 2.35709
23104 3.1752481
23205 3.7686577
23305 3.9256792
23405 3.8774328
23505 3.339488
23606 2.5512786
23706 1.7071862
23806 0.729723
23907 -0.44502163
24006 -1.6685302
24107 -2.824526
24207 -3.8413486
24307 -4.453893
24407 -4.725278
24507 -4.7197905
24607 -4.6445975
24707 -3.8408158
24809 -2.5426946
24907 -1.4807312
25008 -0.29071617
25108 0.8789973
25208 1.8835464
25308 2.7627578
25409 3.2251291
25509 3.4061537
25609 3.262579
25693 3.1208544
25793 2.7606874
25893 1.9592881
26009 0.69399357
26094 -0.31781626
26193 -1.5587964
26293 -2.4988258
26394 -3.4054744
26510 -3.9197903
26595 -4.3004346
26694 -4.910822
26794 -5.0
26894 -5.0
26996 -5.0
27095 -3.9977682
27194 -2.5990868
27295 -1.2913234
27395 -0.33272743
27496 0.79049206
27595 1.6520166
27696 2.6454
27796 3.0581532
27897 3.359191
27997 3.4286861
28097 3.3828678
28196 3.1061192
28297 1.9425187
28397 0.6318307
28497 -0.5062313
28599 -1.6299267
28697 -2.4548016
28799 -3.2800288
28898 -4.000712
28998 -4.2751007
29098 -4.790702
29198 -4.888139
29299 -4.577512
29399 -3.8099992
29498 -2.742835
29599 -1.5029964
29700 -0.29668808
29799 0.47991562
29900 1.3933783
30000 2.3354921
30100 3.0327587
30200 3.4846878
30300 3.7892246
30400 3.6932955
30500 3.5212536
30601 3.134654
30700 2.254016
30802 1.1019983
30901 0.009489059
31002 -1.3354652
31102 -2.3686323
31202 -3.2001383
31302 -3.9090176
31402 -4.0997043
31501 -4.2622395
31603 -4.285008
31702 -4.261846
31802 -3.5090547
31903 -2.0014286
32003 -0.7781191
32103 0.132864
32204 0.80981445
32521 2.4594078
32620 2.6045165
32721 2.7232866
32822 2.703599
32921 2.5216227
33021 1.886323
33121 1.170475
33222 0.37170506
33321 -0.3825884
33422 -1.219605
33522 -2.0962508
33622 -3.0432043
33722 -4.0812182
33822 -4.549357
33923 -4.585444
34024 -4.66627
34123 -4.326898
34222 -3.0702486
34323 -1.6405308
34423 -0.3478427
34523 0.8443537
34624 1.6507196
34724 2.1869097
34825 2.7766008
34924 3.130764
35024 3.2896738
35124 3.2779331
35225 3.1950035
35324 2.7491493
35425 2.2688456
35525 1.657237
35626 0.8432069
35726 0.08897543
35825 -0.6791711
35927 -1.4437797
36026 -2.2342317
36126 -3.1442988
36227 -4.110567
36326 -4.6884413
36426 -4.8206973
36527 -4.8106713
36627 -3.854558
36727 -3.24408
36827 -2.1869574
36928 -1.2895522
37028 -0.32999802
37128 0.81353426
37228 1.5387354
37329 2.1576104
37428 2.766398
37528 2.9248304
37629 2.9402633
37728 2.737371
37829 2.5377197
37929 2.3882546
38029 2.0948668
38131 1.4908929
38229 0.48751497
38330 -0.9612789
38430 -2.219872
38530 -3.0148203
38629 -3.6915276
38731 -4.247155
38832 -4.635854
38931 -4.474924
39031 -3.9326136
39130 -2.5088022
39233 -1.19749
39331 0.04993105
39432 0.7407265
39532 1.5338821
39632 2.194459
39732 2.6386223
39832 2.9102998
39933 3.1444292
40032 3.2547722
40132 3.2668762
40233 3.245861
40333 3.0116844
40433 2.0954719
40533 0.90420294
40633 0.02214241
40734 -1.0087917
40818 -1.836427
40935 -3.0607502
41019 -3.8417494
41118 -4.373279
41218 -4.7031717
41318 -4.807352
41435 -4.235924
41519 -3.2965112
41636 -2.199971
41720 -1.3527589
41819 -0.505538
41920 0.40610933
42020 0.9423332
42120 1.5045662
42220 2.1432428
42320 2.3787546
42420 2.4477973
42520 2.4543815
42622 2.4488235
42737 2.3511682
42821 2.038919
42921 0.973299
43022 -0.18666744
43122 -1.2344799
43222 -2.364932
43322 -3.3742347
43422 -4.1272297
43522 -4.827494
43622 -4.946815
43722 -4.899109
43823 -4.431258
43924 -3.1930676
44022 -2.2195513
44123 -1.5428479
44224 -0.7823286
44323 0.002102375
44423 0.82093143
44523 1.4960861
44625 2.236186
44723 2.6240807
44825 2.7600708
44924 2.7576408
45025 2.5797248
45125 1.9706893
45225 1.4633379
45325 0.3892846
45424 -0.5465021
45525 -1.5734596
45625 -2.4759023
45727 -3.331873
45826 -3.6966112
45926 -4.063046
46026 -4.4959946
46126 -4.694031
46226 -4.7267847
46326 -3.8228521
46427 -2.2893126
46527 -1.123363
46628 0.28956223
46727 1.3594418
46828 2.1725516
46928 2.7130842
47027 3.0318985
47128 3.2792149
47228 3.2829762
47328 3.2282534
47429 2.873847
47528 1.8171792
47629 0.80351734
47730 -0.37064552
47828 -1.4973598
47929 -2.5115485
48029 -3.4441586
48130 -4.1464667
48230 -4.430741
48329 -4.608861
48429 -4.7002177
48530 -4.3459053
48630 -3.0913663
48730 -1.6184242
48831 -0.4418521
48931 0.39899206
49032 1.0997114
49131 2.0010734
49231 2.5846658
49331 2.9633203
49432 3.0616503
49532 3.0347157
49631 2.5817504
49733 1.6934676
49832 0.84709597
49933 -0.49088955
50033 -1.785625
50132 -2.6177158
50233 -3.3753495
50333 -3.9797115
50433 -4.1761827
50533 -4.043489
50633 -2.5473063
50734 -1.1738267
50835 0.22237968
50935 1.3479147
51034 2.1996574
51135 2.840724
51234 3.4383545
51334 3.5578737
51435 3.5657215
51520 3.4835796
51635 3.1157045
51720 2.7654076
51820 1.7946229
51919 0.737937
52019 -0.44701385
52119 -1.5364952
52219 -2.6638017
52336 -3.7080848
52421 -4.143409
52536 -4.3839345
52620 -4.356452
52720 -3.9546494
52821 -3.0595179
52920 -1.6670539
53021 -0.3596506
53120 0.81038666
53222 2.0609488
53321 3.062687
53422 3.6210585
53523 3.7429066
53622 3.6877794
53723 3.4969807
53823 3.0752811
53923 2.4350996
54023 1.110704
54123 0.07154226
54223 -1.3456516
54323 -2.492834
54426 -3.4271374
54523 -3.8823497
54625 -4.160767
54724 -4.181855
54826 -3.9403193
54923 -2.9281826
55024 -1.8573484
55124 -0.38274908
55224 0.8485751
55325 2.1577797
55425 3.1751652
55525 3.7513046
55625 4.1644144
55726 4.1058826
55825 4.0009537
55926 3.25352
56027 2.0786629
56126 1.1402321
56227 -0.2332735
56326 -1.4416013
56427 -2.8274531
56526 -3.9868853
56629 -4.7031903
56727 -4.872348
56827 -4.5096755
56928 -3.4552994
57028 -2.320547
57127 -1.092757
57228 -0.18413067
57328 1.2078581
57428 2.1964712
57528 3.0258503
57629 3.629239
57729 3.7533207
57828 3.7730045
57929 3.511179
58029 2.6929693
58129 1.7786074
58230 0.61458063
58330 -0.29112625
58430 -1.5788581
58530 -2.3430252
58631 -3.271596
58731 -3.823131
58831 -4.2382064
58931 -4.7318807
59031 -4.332323
59131 -3.2899015
59231 -1.8234265
59331 -0.48341084
59431 0.5055437
59531 1.862423
59631 2.6058898
59733 3.210207
59832 3.514348
59933 3.5864182
60032 3.4037218
60133 2.8067575
60233 2.1777396
60333 1.2838149
60432 0.046171665
60532 -0.81025887
60634 -2.1027548
60734 -2.877669
60835 -3.5036955
60934 -3.9437413
61034 -4.0242667
61134 -4.035617
61235 -3.9494529
61334 -2.591805
61434 -1.4362366
61536 -0.18422794
61635 0.9689522
61737 2.2924042
61835 3.0595999
61936 3.5479937
62035 3.840002
62136 3.9965382
62236 3.9790697
62337 3.5235815
62436 2.8309836
62536 2.0900664
62637 1.0439849
62720 0.34684658
62838 -0.94810534
62921 -1.862514
63038 -2.890684
63121 -3.6982698
63238 -4.2918262
63321 -4.3211946
63438 -4.345813
63522 -3.8844333
63621 -2.6197855
63722 -1.2818933
63821 -0.039608955
63922 1.1662431
64023 2.3568816
64122 3.0000582
64222 3.3120565
64322 3.3409557
64424 3.26011
64523 2.998639
64625 2.7285318
64724 2.2905707
64823 1.5780602
64924 0.5722151
65024 -0.7442541
65125 -1.8925371
65224 -2.617374
65324 -3.3079169
65424 -3.7060366
65525 -3.9670706
65625 -3.973737
65726 -3.4915903
65825 -2.3245149
65925 -1.0349746
66026 0.12656546
66126 1.407547
66226 2.7735205
66327 3.4303598
66426 3.7819576
66527 3.8791466
66627 3.7640724
66726 3.4573917
66827 2.940587
66927 1.9686546
67027 1.0525904
67127 0.12710094
67228 -0.8364072
67328 -1.9141159
67428 -2.735138
67530 -3.6469908
67628 -3.9346714
67729 -3.9774532
67828 -3.8801405
67929 -3.2454426
68029 -2.305347
68129 -1.3887489
68229 -0.30193186
68329 1.1333485
68431 2.4401217
68530 3.1563587
68631 3.4378185
68731 3.453745
68831 3.3426504
68930 3.060007
69030 2.6905198
69131 1.9635377
69231 1.0649514
69331 0.05606556
69431 -1.0904117
69532 -2.030958
69631 -2.7508337
69732 -3.4510236
69832 -3.6494625
69932 -3.6681027
70032 -3.5335526
70132 -3.33634
70232 -2.9610047
70333 -2.0600097
70432 -0.6514921
70533 0.4332757
70633 1.684474
70733 2.5571136
70834 2.961173
70933 3.1721973
71034 3.3317108
71134 3.324461
71234 3.1541214
71334 2.612967
71434 1.9041243
71534 1.0286283
71635 -0.47000408
71736 -1.5788422
71836 -2.516548
71936 -3.1789267
72035 -3.5811076
72136 -3.720612
72235 -3.5586054
72336 -3.085899
72435 -2.2914386
72537 -1.2028377
72636 -0.0038657188
72737 1.3754454
72837 2.5596924
72937 3.3989992
73038 3.8264294
73137 3.817793
73238 3.4446564
73337 2.787725
73439 1.9589224
73539 0.93901825
73639 -0.3838954
73739 -1.4386468
73839 -2.611851
73938 -3.4626212
74038 -4.259269
74139 -4.3591847
74240 -4.0611134
74323 -3.428753
74423 -1.9694917
74523 -0.8022466
74623 0.78743076
74723 2.2172346
74824 3.3285751
74923 3.9632702
