49 1.325954
149 1.4036741
250 1.4686928
350 1.4855499
450 1.4550819
550 1.2711515
650 0.6072173
750 -0.15655994
851 -0.69419193
951 -1.1192875
1051 -1.4935946
1151 -1.7437611
1251 -1.8613269
1351 -1.9283421
1451 -1.9892411
1552 -2.0767424
1652 -2.1132436
1752 -2.082344
1852 -1.5828738
1952 -0.71607256
2052 0.14280844
2370 1.3481755
2470 1.4412985
2570 1.4634056
2670 1.466258
2770 1.4665155
2871 1.4356651
2971 1.2122979
3071 0.113861084
3171 -0.99635696
3271 -1.774678
3371 -2.2707484
3471 -2.6126628
3571 -2.75427
3672 -2.7896543
3772 -2.7631907
3872 -2.7001991
3972 -2.5582273
4072 -2.1262217
4172 -1.3887744
4272 -0.68525124
4373 -0.053124428
4790 1.6811304
4890 1.731852
5308 1.6387739
5408 1.2556891
5508 0.27286768
5608 -0.6696782
5708 -1.5030403
5808 -1.909905
5909 -2.109259
6009 -2.159442
6108 -2.16569
6209 -2.1444442
6309 -2.0677562
6409 -1.8639321
6509 -1.1580577
6610 -0.14532852
6710 0.49873066
6810 1.0439396
6910 1.3226933
7010 1.493515
7111 1.57409
7210 1.6530418
7311 1.6647544
7411 1.4909506
7511 0.6979952
7611 -0.6485262
7712 -1.3806331
7812 -1.956634
8129 -2.6484497
8228 -2.6404548
8329 -2.6269279
8429 -2.587419
8529 -2.4178653
8630 -1.762492
8730 -0.26323366
8830 1.1092463
8930 2.0658827
9030 2.7110038
9130 2.9610772
9230 2.983407
9597 1.5697532
9698 0.67653894
9798 -0.6793847
9898 -2.0427868
9998 -3.0155854
10099 -3.3452802
10198 -3.3976276
10299 -3.3839955
10399 -3.2807195
10499 -2.6016483
10599 -1.6771324
10699 -0.91362906
10799 -0.3716135
10899 0.08042002
11000 0.685164
11100 1.2704668
11200 1.6945877
11300 1.8959084
11400 2.0202599
11500 2.0810118
11601 2.0873718
11701 1.7613649
11801 0.2256918
11901 -1.1026387
12002 -2.0805728
12102 -2.8197522
12202 -3.194894
12301 -3.4017
12402 -3.4381456
12502 -3.3978426
12602 -3.1780488
12703 -2.4896655
12802 -1.7340407
12903 -0.9428053
13003 -0.0595026
13104 0.80925083
13203 1.4046164
13304 1.8500695
13403 2.2099733
13503 2.337049
13587 2.394329
13687 2.446154
13786 2.451383
13886 1.8163443
13987 0.5666976
14087 -0.37911606
14187 -1.3788095
14288 -2.3076994
14388 -3.1119723
14489 -3.3882718
14589 -3.379224
14689 -3.4056928
14789 -3.3192296
14889 -3.1502824
14990 -2.3968182
15090 -1.4636123
15189 -0.59293795
15290 0.2149725
15406 1.0621624
15507 1.5590081
15607 1.8388076
15707 1.949009
15807 1.9915438
15907 2.006322
16007 1.9788451
16108 1.8835039
16208 1.7773504
16308 1.6849213
16408 1.5221405
16508 1.0099177
16608 0.23190403
16709 -0.34731102
16809 -0.64673615
16909 -0.9231076
17009 -1.1322532
17109 -1.2256153
17210 -1.219487
17309 -0.89466524
17627 0.8784971
17727 1.1503115
17827 1.2762651
17927 1.3379002
18028 1.3875365
18128 1.4083796
18228 1.4149871
18328 1.4188766
18429 1.4198275
18529 1.4198318
18628 1.3797407
18729 0.6899338
18829 -0.2574396
18929 -0.8431053
19029 -1.3257995
19129 -1.8832936
19229 -2.2014067
19329 -2.4044979
19430 -2.6130443
19529 -2.7287354
19630 -2.747831
19731 -2.7001748
19830 -2.249066
19931 -1.5000958
20247 1.0246649
20348 1.3962526
20448 1.4854712
20548 1.4694853
20648 1.4823241
20748 1.5215073
20849 1.5399346
20949 1.5496378
21049 1.5645423
21148 1.5656767
21249 1.5658903
21349 1.1727133
21449 0.037769794
21549 -0.71242523
21650 -1.4411716
21750 -2.0772424
21850 -2.6101077
21950 -2.901053
22050 -3.1659737
22151 -3.2766976
22251 -3.322648
22350 -3.3299737
22451 -3.330955
22551 -3.2913291
22651 -3.040199
22751 -2.4421191
22852 -1.533551
22951 -0.6765866
23052 -0.06396103
23152 0.4264555
23252 0.88144636
23352 1.4716568
23452 2.1580076
23553 2.7275405
23636 3.0402498
23736 3.1629076
23836 3.1646223
23936 3.116105
24036 2.906025
24136 1.4765062
24237 -0.22941351
24337 -1.539093
24437 -2.3884213
24538 -2.7977576
24638 -3.0518146
24738 -3.1929495
24838 -3.2359247
24938 -3.2282321
25038 -3.2061641
25139 -3.1287706
25239 -2.9731245
25339 -2.3812454
25439 -1.2065444
25539 -0.08475876
25639 0.7102704
25957 2.0795774
26057 2.304029
26390 2.446486
26491 2.4552445
26591 2.4164405
26691 1.8645449
26791 0.7727022
26891 -0.21902609
26991 -1.1849041
27092 -1.7757385
27192 -2.1246777
27292 -2.2890127
27392 -2.4757228
27492 -2.6200337
27592 -2.7087913
27692 -2.7451043
28026 -2.0200555
28127 -1.2627826
28226 -0.47340155
28327 0.10972309
28427 0.5875845
28527 0.9646354
28627 1.2655396
28728 1.6551118
29062 2.9078383
29162 3.0975008
29262 3.1956234
29362 3.2072048
29445 2.930501
29545 0.9317517
29645 -0.33794308
29745 -1.0262542
29845 -1.304126
29946 -1.4982352
30046 -1.6344445
30480 -2.0821085
30580 -2.1145673
30680 -2.1362162
30780 -2.15764
30881 -2.194738
30981 -2.2382815
31081 -2.2059722
31181 -1.1643608
31281 0.018679619
31381 1.0211554
31482 1.7095709
31582 1.9542465
31682 2.0737557
31782 2.208373
31883 2.3509455
31983 2.4390821
32083 2.358233
32183 0.9193673
32283 -0.12943459
32383 -0.8712063
32484 -1.2930481
32584 -1.5024807
32684 -1.7026227
32784 -1.9113574
32884 -2.0386643
32984 -2.080812
33085 -2.0751433
33184 -2.0299015
33285 -1.8367009
33385 -1.4136417
33485 -0.80067635
33585 -0.37253857
33685 0.038939476
33785 0.74777126
33886 1.5028505
33986 2.286374
34086 2.8717031
34186 3.4230042
34286 3.6720533
34386 3.7611742
34486 3.765585
34587 3.7653408
34687 3.6354704
34787 3.0219097
34887 1.6078215
35305 -1.4697633
35404 -1.8612084
35505 -2.1493561
35605 -2.4519157
35705 -2.6271844
35805 -2.694379
35905 -2.7087018
36006 -2.7024417
36106 -2.6524806
36205 -2.3773484
36639 0.9738488
36723 1.473526
36823 1.8808985
37223 2.583921
37324 2.742166
37424 2.8765001
37525 2.928369
37625 2.9812346
37725 3.01435
37825 3.0205555
37925 3.018077
38025 1.737503
38125 0.11639786
38226 -0.8186507
38326 -1.2417686
39294 -0.11983204
39394 0.6275749
39494 1.2796426
39595 1.6534472
39694 2.0177064
39795 2.2272196
39895 2.299502
39995 2.3541617
40095 2.4453783
40195 2.6486902
40295 2.8051176
40396 2.8537917
40496 2.369845
40596 0.58452797
40696 -0.9618621
40797 -2.060032
40896 -2.4543176
40997 -2.4328868
41096 -2.3590956
41197 -2.353977
41297 -2.356613
41397 -2.3510296
41497 -2.3078094
41598 -2.119288
41697 -1.3851364
41798 -0.3950758
41898 0.3996172
41998 1.0849457
42098 1.5921288
42198 2.2682228
42299 2.9796972
42399 3.7136173
42499 4.361432
42599 4.648631
42699 3.985363
42799 3.3748055
42900 3.211812
43000 3.7731342
43083 3.1528893
43183 2.01232
43283 0.49331427
43382 -0.56201124
43483 -1.4446576
43582 -2.0174823
43684 -2.377647
43785 -2.5676568
43884 -2.5352623
43985 -2.5463147
44319 -0.99057436
44418 0.13199282
44519 0.9110346
44619 1.4782434
44719 1.7632828
44820 2.1055222
44919 2.4378219
45020 2.7150564
45120 2.8690314
45220 2.9920478
45320 3.1574917
45420 3.2131567
45520 2.907136
45620 1.4265084
45721 0.38808727
45821 -0.5210066
45921 -1.2171078
46022 -1.7316818
46121 -1.9170575
46221 -1.9329076
46322 -1.9013209
46672 -1.1651466
46772 -0.05198908
46872 0.823884
46973 1.5150552
47056 1.7990379
47155 2.0240784
47255 2.521923
47356 2.8809485
47455 2.9252334
47773 1.8912382
47874 0.88121176
47974 -0.20842314
48075 -0.98798275
48175 -1.6250019
48275 -2.083309
48375 -2.3226414
48475 -2.4227881
48575 -2.4306657
48675 -2.3096528
48775 -1.7202694
48876 -0.6824417
48976 0.21672344
49075 1.0609999
49176 1.6520758
49276 2.0449667
49376 2.3111277
49477 2.4300385
49577 2.4438958
49677 2.427329
49777 2.2500458
49877 1.5795579
49977 0.3746128
50078 -0.57045317
50178 -1.3593953
50278 -1.8249118
50378 -1.9896498
50478 -2.0381026
50578 -2.049766
50678 -2.039085
50779 -1.9022491
50879 -1.0387664
50962 -0.31563234
51061 0.5464196
51162 1.403151
51262 1.8700495
51362 2.2626944
51462 2.451806
51563 2.5087423
51663 2.5097208
51764 2.4116983
51864 1.56214
51964 -0.1629324
52064 -1.1711457
52164 -1.8187163
52264 -2.2456343
52364 -2.4727669
52682 -2.6850326
52782 -2.500489
52882 -1.3015583
52982 -0.17456818
53082 0.49773932
53182 1.1282187
53282 1.4690299
53383 1.7481346
53482 1.9686136
53583 2.1306868
53683 2.2062058
53783 2.210597
53883 2.1112566
53983 1.6163673
54084 0.60140705
54184 -0.3702793
54284 -1.2814693
54384 -1.9000943
54484 -2.4041493
54584 -2.551374
54685 -2.5864882
54785 -2.5867448
54885 -2.5626493
54985 -2.4478033
55086 -1.6880107
55185 -0.5573993
55285 0.3644395
55385 1.1676493
55486 1.6883383
55586 2.1630492
55686 2.3810377
55786 2.523263
55887 2.6721153
55987 2.6138244
56087 2.0334845
56187 0.25527525
56288 -0.8874979
56387 -1.6090496
56487 -2.1715817
56587 -2.4537482
56671 -2.5361667
56770 -2.5391445
57106 -1.6229057
57205 -0.71565056
57305 0.24691677
57406 0.9887676
57506 1.4566107
57606 1.780632
57706 2.074314
57807 2.2716994
57906 2.4012146
58007 2.4747186
58107 2.495421
58206 2.486248
58307 2.3745584
58407 1.6192551
58507 0.30728006
58824 -2.0460641
58924 -2.1834347
59025 -2.270617
59124 -2.3404567
59225 -2.3810663
59559 -0.97353315
59659 0.0143995285
59759 0.9015064
59859 1.4417663
59959 1.7320414
60060 1.9394226
60160 2.0505714
60260 2.1353579
60360 2.2100954
60460 2.2581377
60560 2.2262168
60661 1.5179205
60761 0.19765568
60861 -0.87003803
60961 -1.5699716
61061 -1.9714236
61161 -2.104854
61261 -2.0923657
61362 -2.0317926
61462 -1.9894578
61562 -1.9185174
61662 -1.0193927
61763 0.19300461
61863 1.2138472
61963 1.897677
62063 2.579196
62163 3.011117
62263 3.1994705
62363 3.2228317
62464 3.2236433
62563 3.1912022
62664 2.8142395
62764 1.3749676
62864 -0.40270472
62964 -1.7690861
63064 -2.586646
63164 -2.7809937
63265 -2.7413554
63365 -2.6327238
63465 -2.4522405
63565 -2.26312
63665 -1.8965144
63765 -0.7496815
63866 0.32779074
63965 0.90746975
64066 1.2731724
64166 1.6409149
64266 2.1178641
64367 2.4254456
64466 2.5796766
64567 2.6651917
64667 2.687335
64767 2.5700502
64867 1.5412483
64968 -0.11505318
65067 -1.2726607
65168 -2.2154613
65268 -2.9091604
65368 -3.2180192
65468 -3.2536592
65569 -3.2182202
65669 -2.8636312
65769 -1.9695547
65869 -0.9433603
65969 0.021235943
66069 0.73162365
66169 1.3623757
66269 1.6790648
66369 1.8836823
66470 2.073987
66787 2.455748
66887 2.3856826
66987 1.2216749
67088 -0.16119337
67187 -1.1180344
67288 -1.7118938
67388 -1.9829059
67488 -2.071772
67588 -2.085814
67688 -2.1031597
67788 -2.0243607
67888 -0.84466314
67989 0.32730436
68089 1.2795234
68189 1.8510752
68289 2.2788253
68389 2.5558052
68489 2.6814399
68590 2.7248778
68689 2.7462869
68790 2.7521486
68890 2.6075873
68991 1.7312479
69090 0.48293304
69190 -0.44417095
69291 -1.3834577
69391 -2.237162
69491 -2.736078
69591 -3.0772479
69691 -3.290309
70009 -0.9268904
70108 0.06629658
70209 0.8590307
70309 1.5965614
70409 1.9666009
70509 2.2001877
70610 2.2735023
70709 2.2797866
70810 2.28088
70910 2.2832665
71010 2.273768
71110 1.575068
71210 0.33209705
71311 -0.70248747
71411 -1.929744
71511 -2.621215
71611 -2.973476
71711 -3.0626912
71811 -3.046145
71912 -2.8916607
72012 -1.921433
72112 -0.63413525
72212 0.43783474
72313 1.4092855
72412 2.1450872
72513 2.5229096
72613 2.7220984
72713 2.8284883
72813 2.835579
72913 2.74903
73013 2.173913
73113 0.8790865
73214 -0.40796375
73314 -1.3662117
73414 -1.995544
73514 -2.342896
73615 -2.4536538
73714 -2.4936986
73815 -2.4644904
73915 -2.4243245
74015 -2.352735
74115 -1.8625379
74215 -0.5339875
74316 0.35441303
74415 1.0477905
74733 2.3703842
74833 2.5108695
74933 2.5620337
