7 -4.1882014
107 -3.4026685
207 -1.8338628
307 -0.32685375
407 0.8637929
508 1.7510862
608 2.844592
708 3.522563
808 3.9941807
908 3.331109
1011 1.7503538
1111 0.6948304
1211 -0.5086117
1311 -1.4232037
1411 -2.0213256
1511 -2.4680257
1611 -2.7436304
1710 -3.2064528
1810 -2.9791152
1910 -2.721436
2010 -0.7164717
2110 0.756639
2211 1.97581
2314 2.403346
2411 2.5295029
2511 3.0506344
2614 3.4573536
2711 3.4592247
2813 3.037259
2912 2.392672
3012 1.6415901
3112 0.35802746
3212 -0.48232555
3312 -1.4548855
3413 -2.5733361
3513 -3.2448523
3613 -3.7916284
3713 -4.601333
3813 -4.59599
3914 -2.1348195
4015 -0.6921854
4116 0.26578808
4214 1.1256285
4314 1.6584778
4415 2.265171
4515 2.6740952
4614 2.7389207
4715 2.7487283
4815 2.7052584
4915 1.5529556
5015 0.13647604
5115 -0.76089
5216 -1.6056857
5316 -2.0814176
5416 -2.3941405
5516 -3.3328712
5617 -3.4548035
5716 -3.3836784
5817 -3.5606694
5917 -3.3167086
6017 -1.8166139
6117 -0.49973917
6217 0.7905016
6318 1.79989
6418 2.884027
6519 3.657071
6619 0.0
6718 0.0
6819 0.0
6919 0.0
7002 0.0
7103 -0.24366093
7203 -0.84493303
7303 -2.152246
7403 -2.525443
7503 -3.2280784
7603 -3.1954284
7704 -3.1363606
7804 -3.1323948
7904 -2.9945188
8003 -1.8505673
8104 -0.8094549
8204 0.44117165
8304 1.7888107
8404 2.4876494
8505 3.2013502
8604 3.5593615
8706 3.7354984
8805 4.0810547
8905 3.3004246
9006 1.6807504
9106 0.4482603
9206 -0.5302973
9306 -1.0758045
9406 -1.6535366
9509 -1.8886752
9609 -2.4736574
9709 -2.7718844
9809 -2.7214332
9909 -2.184204
10009 -0.8073778
10109 0.5600538
10209 1.481555
10308 2.3811216
10408 3.5844355
10509 4.4093904
10608 4.8303146
10708 4.89517
10809 4.572876
10909 3.894988
11009 2.8545694
11109 1.7132797
11210 0.7018018
11310 -0.15162897
11409 -1.0052593
11510 -1.9433842
11610 -2.5284102
11710 -2.8621235
11810 -2.9894595
11910 -3.0499973
12011 -2.9902995
12111 -1.3599439
12210 -0.15497732
12311 1.0003176
12414 2.0179682
12514 2.7410955
12611 3.5533924
12712 3.9145098
12812 3.8131256
12912 2.7687469
13013 1.3257713
13112 0.10486174
13213 -0.7691784
13313 -1.5358768
13413 -2.3247898
13513 -2.600059
13614 -3.0281587
13714 -3.4072616
13814 -3.560231
13914 -2.7872078
14014 -1.1413321
14114 0.24219847
14214 1.5759401
14314 2.3350296
14415 2.9136782
14515 3.3409653
14616 3.511218
14716 3.594328
14815 3.4488497
14916 1.7746367
15016 0.38237047
15150 -0.64364195
15250 -1.6639099
15350 -2.306092
15450 -3.1830368
15550 -3.8151839
15650 -4.090634
15750 -3.9938648
15850 -4.0091534
15950 -2.7576144
16051 -1.6394641
16151 -1.398515
16251 -1.2769234
16351 -0.82288074
16454 0.6882911
16552 1.5525131
16654 2.4194999
16754 3.1854763
16854 3.7226467
16954 3.8586836
17054 3.6598501
17153 3.1961498
17253 2.861135
17354 2.475966
17454 1.9801812
17553 1.346251
17653 1.2429266
17754 1.4614716
17854 1.7214355
17954 1.7612648
18056 1.7937417
18154 1.9299493
18256 2.0206995
18356 2.0273066
18456 1.9445143
18556 1.117629
18655 0.15661669
18755 -0.49644136
18855 -0.9287176
18956 -1.2377906
19056 -1.4550464
19156 -1.4820237
19256 -1.3670535
19359 -0.7674198
19456 -0.036355972
19556 0.7166271
19659 1.6068506
19759 2.4552336
19859 3.164113
19959 3.8128595
20058 4.286482
20158 4.5098457
20260 4.689414
20358 4.7355404
20459 4.730214
20558 4.5620413
20659 3.9924011
20759 3.2835045
20859 2.502974
20959 1.6117005
21059 0.57618046
21159 -0.20254087
21262 -0.7774267
21361 -1.3442109
21461 -1.8657124
21561 -2.1910572
21660 -2.4106014
21760 -2.9663386
21861 -3.367352
21961 -3.4228435
22061 -3.3643546
22161 -2.3667262
22261 -1.4650426
22362 -0.5188246
22463 0.56961584
22564 1.2991953
22662 1.8971391
22762 2.308097
22863 2.407322
22962 2.570714
23062 2.6129136
23163 2.5799766
23263 2.1960268
23363 1.8462486
23463 0.87993
23564 0.103079796
23664 -1.092432
23765 -1.981111
23864 -2.5166256
23948 -2.8288655
24048 -3.2400775
24148 -3.8774004
24248 -4.2125745
24348 -4.287941
24448 -4.2436433
24548 -3.7950015
24649 -2.961877
24749 -0.8319311
24849 0.07012987
24949 0.8161893
25049 1.5946074
25150 2.2321792
25250 2.803979
25350 3.040516
25450 3.2033472
25550 3.224656
25650 3.222701
25751 3.1163359
25851 2.3180861
25952 1.1164155
26052 0.20397282
26151 -0.58685017
26251 -1.198457
26354 -1.7205055
26454 -1.7894416
26554 -1.8518605
26652 -1.8839402
26752 -1.7049992
26852 -1.5881557
26952 -1.285708
27053 -0.33717966
27153 0.75152683
27253 1.5847564
27354 2.1882806
27453 2.9024177
27556 3.2223396
27656 3.3237305
27756 3.3825703
27856 3.429202
27956 3.468176
28056 3.471346
28157 3.189519
28257 2.2089148
28357 1.3328218
28457 0.35888577
28557 -0.46611452
28656 -1.0561757
28755 -1.5483203
28856 -1.9701111
28956 -2.4454534
29056 -2.708716
29156 -2.8926446
29256 -2.965263
29359 -2.8088865
29459 -1.5913632
29559 -0.3184743
29657 1.0091043
29758 1.8348436
29857 2.4194574
29958 2.7556496
30058 2.9153357
30158 2.9357462
30258 2.918167
30358 2.565341
30458 1.5115309
30559 -0.016123772
30659 -1.1066818
30759 -1.9730203
30860 -2.858845
30960 -3.3778253
31059 -4.39671
31160 -4.37592
31259 -4.381991
31360 -4.3934484
31460 -4.2102156
31560 -3.7011757
31660 -2.3224523
31760 -1.4072375
31863 -0.59163284
31961 0.43434906
32062 1.029675
32161 1.4365973
32261 1.6895089
32362 1.9562545
32462 2.1555886
32562 2.454421
32662 2.694777
32763 2.7403154
32862 2.4899168
32963 1.5376806
33063 0.27259207
33164 -1.078507
33264 -2.1799426
33365 -2.833686
33464 -3.132115
33564 -3.3196092
33648 -3.4302638
33748 -3.5115001
33848 -3.5205843
33948 -3.29386
34048 -2.9352412
34147 -1.7064252
34247 -0.7351098
34349 0.2821107
34449 1.129056
34549 1.6179633
34649 1.9143629
34748 2.0936408
34849 2.519886
34949 2.7715216
35050 2.8015146
35150 2.7875023
35250 2.5496483
35350 1.2459478
35450 -0.0031576157
35550 -1.0009575
35651 -1.8384118
35751 -2.3911831
35851 -3.0683372
35951 -3.537023
36054 -3.7327263
36154 -3.746305
36251 -3.395021
36351 -2.5306747
36454 -1.8433471
36554 -1.173589
36652 -0.3374133
36752 0.33275414
36853 0.8834696
36952 1.6330948
37053 1.9354339
37153 2.2188811
37253 2.6737504
37354 2.906011
37454 2.6389246
37557 1.7902412
37657 0.64908695
37754 -0.41708374
37857 -0.97523403
37957 -1.8047471
38057 -2.3637443
38157 -2.7131033
38257 -2.9198956
38357 -3.1951334
38456 -3.3741343
38557 -3.409321
38655 -3.4075265
38756 -3.4066284
38856 -3.3056889
38956 -2.2480874
39057 -0.58133984
39159 0.095103264
39259 0.9124789
39357 1.6670961
39459 2.2972288
39559 2.8044434
39657 3.111144
39758 3.1788807
39858 2.9277892
39958 2.0616837
40058 0.94407177
40158 0.034352303
40259 -0.7980523
40361 -1.7643962
40459 -2.6873412
40559 -3.2729464
40659 -3.7005026
40759 -3.7449577
40860 -3.793309
40959 -3.7867494
41060 -3.6720567
41160 -2.0156655
41260 -0.6236887
41360 0.2030096
41460 1.4072962
41562 2.3385763
41661 3.039833
41761 3.5551853
41861 3.8129597
41961 3.951521
42062 3.8221931
42161 3.3368893
42262 2.7411566
42362 2.3163424
42462 1.8863745
42562 0.9797125
42663 0.005956173
42763 -0.7318616
42863 -1.5602653
42963 -2.199336
43064 -2.7976127
43163 -3.0324368
43263 -3.1862998
43364 -3.224764
43464 -3.2098017
43547 -3.0235295
43647 -2.334281
43748 -1.8473248
43848 -0.82985544
43948 0.18337536
44048 0.9086633
44149 1.6322489
44248 2.2768717
44348 2.7431016
44449 2.9462194
44549 3.073598
44649 3.4395447
44749 3.7848873
44850 3.908967
44950 3.8784542
45050 2.3925576
45150 1.4986839
45250 0.25132084
45351 -0.37019825
45451 -1.1683102
45553 -1.7818513
45651 -2.2767956
45751 -2.5596077
45851 -2.926237
45951 -3.0258074
46269 -1.2522888
46368 0.101640224
46470 1.5657377
46570 2.7935562
46669 3.6785898
46770 4.2067356
46870 4.26295
46970 3.507681
47071 2.134542
47171 0.8618598
47270 -0.2307272
47370 -1.0325131
47471 -2.1945689
47571 -2.8794913
47671 -3.763309
47771 -4.0932364
47871 -3.8590808
47972 -2.8646317
48071 -1.4141903
48172 -0.2462492
48272 0.88781357
48372 1.7737236
48473 2.280448
48572 2.4870043
48672 2.5402222
48773 2.294951
48875 1.0705404
48973 -0.12861013
49073 -1.3412769
49174 -2.0221648
49274 -2.6176476
49374 -3.037762
49474 -3.332186
49574 -3.18374
49675 -2.5986395
49775 -1.0160713
49874 0.5017228
49977 1.6797638
50075 2.790722
50176 3.6171637
50275 3.5984268
50376 3.1672993
50476 2.5419326
50576 0.7999177
50675 -0.42619085
50776 -1.387254
50877 -2.3496222
50977 -3.180657
51077 -4.136043
51161 -4.255274
51261 -4.2156124
51361 -2.349052
51461 -0.9137621
51561 -0.0030412674
51661 1.154315
51761 1.9645514
51861 2.4990587
51962 3.0228443
52062 3.038128
52162 2.0608816
52262 0.9199095
52363 -0.26566982
52462 -1.2630048
52563 -1.9139016
52663 -2.1872
52763 -2.4868233
52863 -2.5764499
52964 -2.3893416
53063 -1.5420938
53163 0.20358706
53264 1.3079262
53364 2.0025263
53464 2.3706179
53567 2.4430375
53667 2.3301725
53764 1.5112371
53867 0.32969475
53967 -0.7605467
54067 -1.7577736
54167 -2.5125997
54266 -2.787724
54367 -3.1077328
54466 -3.5128846
54567 -3.552863
54666 -3.429835
54766 -2.2600656
54866 -0.87022114
54966 0.32594156
55069 1.3170824
55169 1.7278414
55269 1.9039259
55369 2.2343245
55469 2.315095
55569 2.008452
55668 0.46720982
55768 -0.52595425
55868 -1.2443383
55968 -1.521548
56068 -1.8994899
56168 -2.2608943
56269 -2.339886
56369 -2.2000022
56472 -0.5324278
56569 0.5355272
56670 1.466783
56770 2.3204818
56870 3.198164
56970 3.607561
57070 3.403164
57171 3.629202
57270 3.4913225
57371 2.4944458
57471 1.610415
57571 0.34536695
57672 -0.47689056
57771 -1.1536903
57871 -1.7152333
57972 -2.0405748
58072 -1.9252698
58172 -1.4067779
58272 -0.6558652
58372 0.69993687
58473 1.77566
58573 2.6205459
58673 3.4103212
58773 4.09352
58873 4.3893824
58973 4.3231544
59073 2.9907088
59174 1.8011694
59274 0.610837
59374 -0.80523396
59474 -2.0414245
59574 -3.1931703
59675 -3.4841866
59776 -3.467689
59876 -2.9094114
59975 -1.2776654
60075 -0.34624052
60175 1.156949
60276 2.0972939
60375 2.4153924
60476 2.615199
60576 2.3925085
60677 1.5512381
60778 0.1992383
60877 -1.5231507
60977 -2.5483174
61061 -3.223911
61161 -3.5488167
61261 -3.626869
61361 -3.284099
61461 -2.6387582
61561 -1.8064964
61661 -0.42703056
61762 0.79043627
61862 1.8417459
61962 2.936563
62062 3.2431717
62162 2.8767867
62262 1.4909196
62363 0.31631756
62462 -0.615644
62563 -1.7816463
62663 -2.4598613
62763 -2.9265945
62863 -3.4828784
62964 -3.7947016
63063 -3.8623123
63164 -3.3856988
63267 -1.907438
63367 -0.5336809
63464 0.54385805
63564 1.3749766
63667 1.9352503
63767 2.4007797
63864 2.4995446
63967 2.5763502
64067 2.5798898
64167 1.5821486
64267 0.48359108
64368 -0.6574807
64466 -1.9684558
64566 -2.710233
64666 -3.0383668
64766 -3.4036436
64867 -3.5306957
64967 -3.151621
65067 -1.9558282
65167 -0.9359474
65267 0.07314491
65367 0.7961798
65467 1.4882445
65568 2.1819715
65668 0.0
65768 0.0
65868 0.0
65969 0.0
66069 0.0
66169 0.0
66269 0.0
66369 0.0
66472 0.0
66572 0.0
66670 0.0
66770 0.0
66870 0.0
66971 0.0
67071 2.0855913
67171 3.3752499
67271 4.2103767
67371 4.2394238
67471 3.0253506
67571 1.6875343
67671 0.22479582
67771 -1.0954309
67872 -2.1483903
67972 -2.284805
68072 -2.6952715
68172 -2.9927087
68272 -2.997304
68372 -2.3794875
68472 -0.8754015
68573 0.7036867
68673 1.5561128
68773 2.312242
68873 2.9948301
68974 3.2982693
69075 3.2972212
69174 2.948771
69274 2.4536881
69375 0.4108739
69474 -0.64428663
69574 -1.6312015
69675 -2.554578
69775 -2.629791
69875 -2.6083856
69975 -2.635761
70076 -2.62148
70175 -1.4442601
70275 0.41200733
70377 1.5357146
70477 2.5278473
70576 3.369382
70677 3.942131
70777 4.1789656
70876 4.080391
70961 3.0620756
71061 1.4974251
71161 0.04203701
71261 -1.4863114
71361 -2.6575563
71461 -3.1174264
71561 -3.301
71661 -3.2787156
71761 -2.897702
71862 -1.8305814
71962 -0.4680791
72062 0.5270281
72162 1.4297218
72262 2.265798
72363 2.8249092
72463 3.177473
72563 3.2418404
72663 2.8089156
72763 1.86794
72863 0.5667715
72964 -0.7279997
73064 -1.7501056
73164 -2.7154245
73264 -3.8717525
73364 -4.5640635
73467 -4.1022778
73567 -3.5748332
73667 -1.7406483
73767 -0.5477886
73867 0.54401064
73967 1.5503683
74066 2.193296
74166 2.6812224
74266 2.7991753
74366 2.5734954
74466 1.659059
74566 -0.11553812
74667 -1.5976315
74767 -2.4773204
74867 -3.3617263
74967 -3.808129
