15 -0.23131561
115 -0.74252987
216 -1.5138226
315 -2.0726976
415 -2.252352
517 -2.2851944
617 -2.2555528
717 -1.8813381
817 -1.2743587
917 -0.71951103
1018 0.058031082
1117 0.9882207
1218 1.9234939
1319 2.709958
1418 3.0603065
1519 3.251957
1602 3.3557148
1702 3.358532
1803 3.2688427
1903 2.9346633
2003 2.206193
2103 1.3062563
2204 0.6148076
2305 -0.22355938
2405 -1.0905929
2504 -1.7577214
2605 -2.1245532
2706 -2.2270718
2805 -2.2006965
2906 -2.0328505
3007 -1.6843562
3107 -1.1676698
3207 -0.16499138
3307 0.58102846
3407 1.4985285
3507 2.211904
3607 2.5982141
3708 2.8318853
3809 3.024105
3909 2.9286819
4009 2.7475996
4109 2.3615227
4209 1.5645332
4310 0.6554723
4410 0.113368034
4511 -0.6231575
4610 -1.3735585
4711 -1.81897
4812 -2.1448815
4911 -2.3201594
5011 -2.3329031
5111 -2.1900945
5212 -1.5997295
5312 -0.880743
5413 -0.30832195
5513 0.26772976
5613 1.1201892
5714 1.8488898
5814 2.3777666
5915 2.8228502
6015 3.0705032
6115 3.174121
6215 3.1134052
6315 2.8621116
6416 2.0284119
6515 1.0819583
6615 0.35199404
6716 -0.7095518
6817 -1.3965259
6916 -2.027651
7017 -2.437039
7118 -2.6841872
7217 -2.8315487
7318 -2.7201438
7418 -2.3471992
7518 -1.5891216
7618 -0.52467775
7718 0.09010124
7802 0.73304844
7902 1.3383751
8004 2.295185
8103 2.8291306
8203 3.1613827
8303 3.2841606
8404 3.2128868
8505 2.8768334
8604 2.2787104
8705 1.282692
8806 0.33373165
8905 -0.5728617
9005 -1.3941631
9107 -2.2995129
9207 -2.7917972
9307 -2.9902606
9407 -2.87263
9507 -2.441105
9608 -1.8637567
9707 -1.0043826
9807 -0.01648426
9909 0.83120966
10009 1.604248
10108 2.2627563
10208 2.7900276
10309 3.1448002
10410 3.3841038
10509 3.436613
10660 3.247921
10761 2.7601776
10861 1.9347239
10960 0.9303069
11062 0.2521081
11162 -0.61860704
11262 -1.302882
11362 -1.7986302
11463 -2.1252909
11563 -2.1987174
11662 -2.102138
11763 -1.8525119
11864 -1.3596771
11964 -0.49751234
12064 0.62718105
12164 1.6007471
12264 2.270102
12365 2.8324876
12465 2.9509177
12566 2.9771843
12665 2.9289804
12766 2.4995766
12849 1.031744
12949 -0.06809664
13049 -0.9846535
13150 -1.5458591
13250 -2.0512
13350 -2.1028028
13450 -2.0456665
13551 -1.5755801
13652 -0.4378066
13752 0.58161926
13852 1.4263697
13952 2.3627677
14053 3.1408014
14153 3.294695
14253 3.2485676
14353 3.2013493
14454 3.0426283
14553 2.795909
14654 2.253335
14754 1.5786142
14855 0.6316366
14955 -0.09048796
15055 -0.8416052
15155 -1.5683944
15255 -1.9490888
15356 -2.3616993
15456 -2.49954
15556 -2.3333025
15656 -1.9002566
15974 0.052735806
16075 1.0032644
16175 1.6817741
16276 2.3217187
16375 2.6187668
16476 2.7025552
16575 2.6913147
16676 2.6399374
16776 2.5156393
17093 -0.21684551
17194 -1.1918283
17295 -1.7291927
17394 -2.0182812
17495 -2.2206798
17596 -2.2294707
17695 -2.1010451
17795 -1.766007
17896 -1.2145233
17996 -0.43921137
18097 0.6607671
18197 1.5374441
18297 2.2029657
18398 2.6502066
18498 2.8163185
18598 2.9047332
18698 2.9133058
18799 2.903891
18898 2.878035
18999 2.849691
19099 2.6186075
19199 1.7299094
19299 0.57506657
19400 -0.439075
19500 -1.5195777
19818 -2.569815
19919 -2.5630114
20019 -2.4742153
20119 -2.3648415
20219 -2.1610758
20320 -1.5017712
20419 -0.5383501
20520 0.29543114
20621 1.1300774
20720 1.9120545
20821 2.4343414
20921 2.5683951
21021 2.5873666
21122 2.5513077
21222 2.4785194
21321 2.3735456
21421 2.1784086
21523 1.5971537
21622 0.87789726
21723 0.27787447
21824 -0.71287537
21923 -1.5579982
22024 -2.1196427
22124 -2.2595634
22224 -2.280188
22324 -2.2501326
22425 -2.2206922
22525 -2.1990962
22626 -2.1742656
22725 -2.1543117
22826 -1.0662396
22926 0.23935223
23026 1.1829729
23127 1.8807969
23227 2.3772001
23327 2.6210985
23428 2.7419448
23528 2.785376
23628 2.7853994
23728 2.6214342
23828 1.7848687
23929 0.6082239
24029 -0.13289547
24130 -1.0070603
24229 -1.6111202
24330 -2.113986
24430 -2.265686
24531 -2.305346
24630 -2.2954335
24948 -0.3571353
25048 0.25024748
25149 1.2136989
25249 2.2035189
25350 2.7701826
25449 3.086444
25549 3.1246033
25650 3.0734158
25751 2.8236794
25851 2.5902267
25951 2.2280068
26051 1.6634417
26152 0.97928476
26251 -0.11230183
26352 -1.0009713
26452 -1.8840795
26553 -2.3457124
26652 -2.5850954
26753 -2.620369
26853 -2.5188534
26953 -2.410238
27053 -2.270767
27153 -1.6612659
27254 -0.687552
27354 0.11677456
27455 0.96992207
27538 1.5460968
27638 2.1681147
27739 2.6724977
27839 2.8667235
28157 2.948822
28257 2.839943
28358 2.6111627
28458 1.83956
28557 0.8940296
28658 0.0130319595
28758 -0.8026333
28859 -1.8166463
28958 -2.183045
29060 -2.4337804
29159 -2.5378175
29260 -2.546332
29359 -2.5217621
29461 -2.3943686
29561 -1.972126
29660 -1.1384003
29760 -0.32729435
29862 0.8745594
29962 1.6598678
30062 2.4901838
30162 2.8883352
30263 3.0668297
30363 3.1256008
30463 3.110898
30563 3.042943
30664 2.907991
30764 2.5497026
30864 1.780837
30965 0.44524622
31064 -0.57023335
31165 -1.3721173
31265 -1.9966967
31365 -2.173061
31466 -2.2187686
31566 -2.2180293
31666 -2.2043557
31766 -2.173436
31866 -2.1072392
31967 -1.8959861
32067 -1.1420612
32167 -0.5174289
32268 0.52882814
32368 1.5586677
32468 2.197793
32569 2.6572814
32668 2.950016
32769 3.1141415
32869 3.2022982
32970 3.2170162
33069 3.2009754
33170 3.1088886
33270 2.4538522
33371 1.3407855
33454 0.13672638
33554 -1.0567813
33654 -1.9093196
33756 -2.5553105
33856 -2.9063072
33956 -3.1718256
34055 -3.2036414
34156 -3.1766078
34257 -3.1286817
34574 -2.3550277
34675 -1.2942352
34775 -0.13124132
34874 0.9213519
34975 1.7575669
35076 2.4791083
35175 2.7399583
35275 2.846521
35376 2.9879065
35477 3.0255795
35576 2.9401293
35677 2.3218317
35778 1.1137686
35877 0.21991539
35978 -0.55312634
36077 -1.2128341
36179 -1.9514718
36496 -2.8475926
36596 -2.8520255
36697 -2.8267252
36797 -2.7056146
36897 -1.9348526
36997 -0.38358593
37097 0.77050304
37197 1.6725564
37297 2.307135
37398 2.6162047
37499 2.733335
37598 2.8470855
37699 2.9145994
37799 2.8820734
37900 2.4245162
38000 1.4842176
38100 0.4228983
38200 -0.4625988
38300 -1.4765816
38401 -2.3144908
38501 -2.8818784
38602 -3.0935318
38702 -3.13384
38802 -3.1397648
38903 -3.0877666
39002 -2.9290051
39103 -2.489245
39203 -1.3619962
39303 -0.43489456
39403 0.352108
39503 1.2865858
39604 2.1782556
39704 2.693142
39805 2.8590493
39905 2.9870567
40005 3.050356
40105 3.0645876
40205 3.0598135
40306 2.9558425
40406 2.6308565
40507 2.163752
40607 1.0298319
40707 -0.12979507
40807 -1.4163418
40907 -1.9935222
41008 -2.5632005
41109 -2.7276928
41209 -2.7338986
41309 -2.6922631
41409 -2.6117334
41509 -2.53155
41609 -2.3369718
41709 -1.661794
41810 -0.8651533
41910 0.021756649
42010 1.0288048
42111 1.9094758
42211 2.4406652
42294 2.7239542
42394 2.8060293
42495 2.801034
42596 2.768373
42695 2.7265253
42795 2.6587882
42896 2.4848166
42996 1.7107306
43097 0.18079996
43196 -0.48711157
43297 -1.3194547
43398 -1.85006
43498 -2.348184
43597 -2.6307616
43698 -2.6799169
43799 -2.6835446
43898 -2.6403902
43999 -2.4152064
44099 -2.0308998
44199 -1.1848495
44300 -0.41076088
44400 0.43511486
44501 1.5290108
44601 2.1098604
44701 2.2673292
44801 2.2946749
44901 2.3175874
45002 2.3483949
45103 2.352005
45202 2.016037
45302 0.8108454
45403 -0.50906944
45503 -1.3966744
45604 -2.1220982
45703 -2.5177333
45804 -2.6430054
45904 -2.5620027
46004 -2.4592087
46105 -2.3921733
46205 -2.2705114
46306 -1.6015072
46405 -0.20371342
46506 0.7826953
46606 1.7222991
46706 2.2864404
46807 2.7139559
46907 2.9170494
47007 2.9379106
47107 2.908348
47208 2.8244247
47308 2.45865
47409 1.9384279
47509 1.2486892
47609 0.45436192
47709 -0.48079777
47809 -1.2474449
47910 -2.0807493
48009 -2.4458117
48110 -2.8039
48211 -2.668341
48311 -2.3935513
48394 -2.1427097
48494 -1.2857482
48594 -0.3641963
48695 0.46042633
48795 1.2799425
48895 1.8138824
48996 2.3358574
49097 2.7694445
49197 2.9606085
49297 3.081462
49396 3.0893965
49497 2.9416885
49597 2.2707024
49697 1.693718
49798 1.1742125
49898 0.35627604
49999 -0.7162018
50099 -1.4622326
50199 -2.165668
50299 -2.380365
50400 -2.3452456
50500 -2.3453114
50601 -2.16118
50701 -1.4895275
50801 -0.7781558
50901 -0.015208244
51001 0.7006655
51102 1.3535819
51202 1.7046914
51303 2.100421
51403 2.3585944
51502 2.556447
51603 2.6312623
51703 2.622898
51804 2.441165
51904 1.7342591
52004 1.0072112
52104 0.14440823
52205 -0.6367693
52305 -1.4836712
52405 -2.486564
52506 -2.4098544
52605 -2.4425442
52706 -2.3724217
52805 -2.2896867
52907 -1.50969
53007 -0.5979419
53106 0.08332443
53206 0.84206295
53308 1.752739
53408 2.3645744
53507 2.824842
53609 3.1013813
53708 3.167532
53809 3.1617508
53908 2.9741096
54009 2.2989264
54109 1.6514664
54210 0.89826393
54310 -0.20173693
54411 -1.1701508
54511 -1.9576144
54610 -2.282788
54694 -2.4458196
54794 -2.722096
54894 -2.1382957
54995 -1.3276515
55095 -0.5757055
55196 0.15693855
55296 0.9611106
55396 1.3366551
55497 1.8205948
55597 2.2437263
55698 2.6605453
55797 2.8467202
55898 2.9086695
55997 2.8948212
56098 2.6107445
56199 1.5824327
56550 -1.5520611
56650 -2.2695675
56749 -2.833838
56851 -2.8836572
56951 -2.554
57051 -2.2624667
57150 -1.9812441
57251 -0.8162589
57351 0.012108326
57452 0.75010633
57552 1.7699709
57652 2.5488052
57752 3.0048218
57853 3.4218006
57937 3.5640583
58036 3.6425152
58136 3.650343
58237 3.6108742
58338 3.2198524
58438 2.1967711
58538 1.3456578
58639 0.15445185
58739 -1.1747749
58839 -1.9216437
58938 -2.5433652
59039 -3.0070615
59139 -3.1516132
59239 -3.08582
59341 -2.639829
59440 -1.9606369
59541 -0.92128086
59640 -0.008111
59741 0.7392359
59842 1.4092445
59941 2.098075
60042 2.7373505
60142 3.1860752
60243 3.3489857
60343 3.3656292
60443 3.2999048
60544 2.9745507
60643 2.480423
60744 1.5721488
60844 0.6467314
60945 -0.54024506
61044 -1.4434085
61145 -2.1391225
61245 -2.2826216
61346 -2.3310475
61446 -2.2235858
61546 -2.0050535
61646 -1.1277351
61747 0.028506279
61846 1.0505304
61947 2.0379066
62047 2.866239
62147 3.3762789
62249 3.638361
62348 3.6492329
62449 3.59334
62548 3.457633
62649 3.0884762
62749 2.0580544
62849 1.0223169
62950 0.047873497
63049 -1.1160455
63150 -1.8114102
63251 -2.3596945
63351 -2.6863987
63451 -2.863346
63551 -2.7396836
63651 -2.3994095
63752 -1.6027935
63852 -0.60998917
63952 0.48476982
64053 1.1216784
64152 1.8386283
64254 2.1742043
64354 2.4403353
64453 2.5221276
64537 2.5250878
64637 2.480342
64737 2.2245436
64839 1.3013926
64938 0.5440731
65039 -0.059264183
65139 -0.85379314
65239 -1.4068744
65340 -1.8755605
65440 -2.0621994
65540 -2.1082196
65640 -1.9729769
65741 -1.3764939
65841 -0.3832183
65941 0.44951534
66042 1.132329
66141 1.6828513
66242 2.3874764
66342 2.7965798
66443 3.0294304
66543 3.0462685
66643 2.9079285
66743 2.5932837
66843 1.8845243
66944 0.7796807
67043 -0.25653934
67145 -1.1145301
67249 -1.8417702
67345 -2.2330015
67445 -2.441258
67546 -2.4437814
67646 -2.3477824
67746 -2.1781795
67847 -1.8536961
67947 -0.94080067
68047 -0.15614986
68146 0.56219816
68248 1.3000507
68348 2.04984
68448 2.4838738
68548 2.9179292
68649 3.091879
68749 3.0323029
68849 2.678842
68949 2.038371
69050 1.0911655
69150 0.48815298
69250 -0.35342455
69350 -1.1412442
69451 -1.9662185
69550 -2.4651284
69651 -2.583239
69752 -2.590431
69852 -2.5190697
69952 -2.3189545
70052 -1.8316057
70152 -0.76187754
70253 -0.0399642
70353 0.8134055
70453 1.6819582
70620 2.9027467
70788 3.2349434
70905 3.2104664
71021 3.1056852
71155 2.5092764
71272 1.1652203
71388 0.28531933
71506 -0.8930464
71640 -2.078682
71757 -2.363541
72141 -2.348491
72325 -1.108316
72442 -0.16679144
72659 1.610054
72760 2.4323707
72877 2.6182327
72977 2.5986266
73077 2.7241478
73194 2.686183
73294 2.4329119
73395 1.8423882
73745 -1.7346025
73846 -2.0943856
73946 -1.9848018
74047 -2.0773008
74146 -2.1710873
74247 -2.1289265
74347 -1.8554301
74447 -1.5422101
74548 -0.71793413
74648 0.20400906
74748 0.96251965
74848 1.8746309
74949 2.4850364
