61 -1.3106034
161 0.40114117
259 1.9707336
359 3.1281013
461 3.7336788
559 3.0552645
660 1.7502022
760 0.34977293
860 -1.152586
960 -2.3778634
1060 -3.2600102
1161 -3.4959955
1263 -3.2457654
1363 -2.6702523
1461 -0.39238644
1561 1.5559402
1661 2.4936662
1761 2.9564195
1862 2.974514
1961 2.1568842
2062 0.62145233
2162 -0.84894514
2262 -2.2474422
2363 -3.107093
2463 -3.6943374
2563 -3.5008724
2663 -3.0468295
2763 -2.24662
2863 -0.6800375
2966 1.5406241
3066 3.1457558
3166 3.7737007
3266 3.5093737
3366 2.0577307
3466 0.011200428
3566 -1.6060917
3667 -2.950762
3766 -3.6329243
3866 -3.5476365
3966 -3.1320958
4066 -1.5913479
4165 -0.0030784607
4266 2.203752
4367 3.5627766
4467 4.1747227
4567 4.1059046
4668 3.1527224
4769 1.484838
4868 -0.44400835
4968 -2.0061195
5067 -3.170264
5167 -3.7246478
5268 -3.7454438
5368 -2.974525
5467 -1.2953937
5568 0.8369074
5668 2.51893
5768 3.6512327
5868 4.292819
5969 4.2621107
6069 3.1895418
6170 1.7369971
6270 -0.20729923
6370 -2.1401918
6470 -2.9666271
6570 -3.3801963
6671 -3.3015623
6770 -2.458566
6871 -0.9571533
6971 0.6047745
7070 2.0247965
7171 3.1585703
7271 3.7134867
7372 3.1772156
7471 1.2135458
7571 -0.90473795
7672 -2.4025214
7772 -3.0428705
7872 -3.372406
7973 -3.3801148
8073 -2.747825
8173 -0.9699855
8274 0.5601764
8375 1.9143691
8474 2.8715744
8574 3.2818766
8674 2.4207206
8773 0.8046198
8875 -0.73512316
8974 -2.003098
9075 -3.051852
9158 -3.454752
9257 -3.5230098
9358 -3.0830626
9458 -1.589428
9558 0.034877777
9658 1.4396605
9758 2.7916489
9858 3.5421324
9958 3.7650862
10061 3.3634129
10161 1.9084778
10261 0.39501715
10361 -0.8829155
10461 -2.1935558
10560 -2.798252
10660 -2.9562511
10760 -2.9603376
10860 -1.9091356
10961 -0.1865325
11061 1.2741671
11161 2.5243444
11263 3.4291515
11361 3.7182178
11461 3.3604994
11561 1.8266907
11664 0.060008526
11764 -1.289535
11864 -2.3692641
11964 -2.9875762
12064 -3.335092
12164 -3.1380944
12264 -1.6119771
12364 0.14830256
12463 1.6477447
12563 2.8077383
12663 3.4712763
12763 3.158167
12866 1.6456628
12964 -0.011815071
13064 -1.6220467
13166 -2.8091295
13266 -3.2587702
13366 -3.453262
13465 -3.0781207
13565 -1.7936378
13664 -0.6538124
13766 0.7544069
13866 2.1094146
13966 3.1799688
14066 3.3192348
14167 2.7828574
14267 1.2727003
14366 -0.6327143
14468 -2.0678127
14567 -2.927978
14667 -2.6079135
14768 -4.021483
14868 -3.6184897
14968 -2.8318152
15068 -1.5765183
15167 0.53155565
15269 2.49755
15368 3.2568722
15469 3.1483603
15570 1.7898927
15669 0.066066265
15769 -1.5448639
15870 -3.3811193
15970 -4.1560903
16069 -4.399096
16170 -4.37664
16270 -4.148414
16370 -1.1013572
16470 0.51621103
16570 1.7308741
16669 2.7670426
16772 3.4619417
16871 3.5229206
16971 2.3545632
17072 0.5322161
17172 -0.94252634
17271 -2.18395
17371 -2.5768905
17472 -2.8022733
17572 -2.7571669
17672 -2.6744037
17773 -2.347287
17874 -1.6012375
17973 -0.116060734
18072 1.3657942
18173 2.8310685
18273 3.5362911
18373 3.6929693
18473 3.6551304
18574 2.907032
18675 1.3562479
18774 -0.3271799
18874 -1.9154782
18958 -2.6824932
19058 -2.9448256
19158 -3.3272223
19258 -3.168804
19358 -2.6697967
19475 -1.730653
19558 -0.6205988
19658 0.9184046
19758 2.27712
19859 3.3858833
19959 3.9992638
20059 3.8192616
20159 2.863608
20259 1.441288
20361 -0.31195736
20461 -1.5737858
20561 -2.7703974
20661 -3.4697893
20762 -3.8392556
20862 -3.7878828
20961 -3.3755462
21061 -2.8468843
21163 -1.4103279
21262 -0.04489994
21363 1.4240446
21462 2.4285827
21561 2.9714952
21662 3.0733967
21762 2.7966104
21862 1.58851
21962 -0.08369541
22062 -1.2682934
22163 -2.1792893
22263 -2.7293766
22363 -3.07322
22463 -3.1548538
22563 -3.1568246
22664 -3.1604705
22764 -2.9993682
22863 -1.6580997
22966 -0.15749788
23066 1.566503
23166 2.4966002
23266 3.0396118
23366 3.3443909
23466 3.4458609
23566 3.0550756
23667 1.896215
23766 0.5388918
23866 -0.8533683
23966 -2.1227672
24067 -2.5764015
24167 -2.9778533
24267 -3.0549064
24367 -2.9554977
24467 -2.715488
24568 -0.6424875
24667 0.8589535
24768 2.012075
24867 3.0660057
24967 3.7976418
25068 3.9825382
25169 3.7141151
25269 2.758727
25368 1.1635656
25469 -0.42875385
25820 -3.2294154
25919 -3.4559593
26020 -3.5645075
26120 -3.524814
26220 -3.0311983
26320 -2.5650585
26420 -0.7535286
26504 0.36307144
26604 1.7404876
26704 2.5741148
26804 3.1665459
26904 3.4172935
27221 -0.058175087
27305 -1.1873136
27405 -2.338738
27505 -2.9774284
27605 -3.2977722
27704 -3.7891426
27806 -3.8566158
27906 -3.583279
28006 -2.6162436
28106 -1.2586446
28206 0.1283369
28306 1.5428658
28407 2.4877343
28506 3.260952
28607 3.6353474
28707 3.6167355
28807 2.5684648
28907 1.3367114
29007 -0.05708742
29108 -1.3120372
29208 -2.181149
29308 -2.508158
29408 -2.587869
29508 -3.0202413
29609 -3.1551425
29709 -3.1413276
29809 -2.0526032
29909 -0.34302044
30010 0.9713249
30109 2.2523985
30209 3.1501703
30312 3.6976366
30412 3.3706408
30512 1.8244095
30612 -0.1952076
30712 -1.5636299
30811 -2.4715016
30911 -2.7146783
31011 -2.6206229
31111 -2.8004916
31211 -2.6177762
31311 -2.5181499
31411 -2.1329117
31514 -0.23674631
31612 1.0855284
31712 2.4010262
31812 3.3288708
31912 3.8123522
32013 3.8374825
32113 3.5435696
32212 2.6919045
32313 1.6668444
32413 0.47523403
32514 -0.78832006
32614 -1.9882474
32714 -2.8650634
32814 -3.470123
32917 -3.5539303
33017 -3.4639897
33114 -2.9968963
33214 -1.8231833
33317 -0.26461124
33417 1.0484705
33515 2.1448722
33615 2.987142
33715 3.4395351
33815 3.3903103
33916 2.4961305
34015 0.87139034
34116 -0.50460196
34216 -1.7431157
34317 -2.8682773
34417 -3.594285
34517 -3.7388554
34617 -3.7495584
34717 -3.1852088
34818 -1.8855932
34917 -0.41955757
35018 0.9694357
35119 2.1661086
35218 3.057269
35319 3.5204754
35418 3.6982136
35519 3.441967
35619 1.6918135
35719 0.048636436
35819 -1.194653
35919 -2.2689471
36019 -3.0311916
36120 -3.4327574
36219 -3.6162634
36320 -3.6071138
36421 -3.410671
36520 -2.3778427
36620 -1.156528
36721 0.58930063
36821 2.0291862
36921 2.9386034
37021 3.601735
37105 3.7952633
37204 3.6783237
37305 2.8658495
37405 1.4008002
37505 -0.0030150414
37605 -1.136895
37706 -1.9897652
37805 -2.524328
37905 -2.6807413
38006 -2.7338939
38106 -2.6066267
38207 -1.8010659
38306 -0.51747465
38407 0.66434765
38506 1.8016996
38608 2.7299867
38707 3.526084
38807 3.863985
38907 3.5637426
39008 2.4024072
39108 0.9315281
39208 -0.28225088
39308 -1.5465858
39409 -2.6098309
39508 -3.0515006
39609 -3.1872013
39709 -3.0067494
39809 -1.9393313
39912 -0.3920431
40012 1.005074
40112 2.2338266
40212 3.15625
40311 3.613882
40411 3.4878702
40512 1.6379852
40610 -0.51367044
40711 -1.9855633
40811 -2.6893191
40911 -2.9989772
41012 -3.5670815
41112 -3.4758446
41211 -2.9594016
41314 -1.8361669
41414 -0.7090483
41514 -0.010651588
41612 1.144763
41712 2.1181855
41812 2.8221617
41913 3.157278
42013 3.1972408
42113 2.7450814
42214 1.7234726
42313 0.28774357
42413 -1.1868172
42513 -2.2240102
42613 -2.9544907
42714 -4.530769
42814 -4.758316
42914 -4.5765715
43014 -4.160838
43117 -3.089303
43217 -1.6439872
43317 0.2527151
43417 2.3032203
43517 3.3241863
43616 4.2696133
43715 4.344515
43816 3.6052551
43917 2.5227613
44016 0.8613634
44116 -0.552021
44216 -1.9631438
44317 -2.955533
44417 -3.229724
44517 -3.2421718
44619 -3.1396804
44719 -2.6012008
44818 -1.069799
44918 0.6000633
45018 2.0114532
45118 3.09976
45218 3.7901726
45319 4.010853
45419 3.7486763
45519 3.2093744
45619 2.188076
45719 0.71189547
45819 -0.69687176
45919 -1.9745383
46019 -2.9681046
46120 -3.5101004
46220 -3.5744848
46320 -2.9607837
46421 -1.2289574
46521 0.005650997
46621 1.407731
46721 2.5409255
46805 3.2606392
46905 3.7302656
47005 3.6631012
47105 2.7576818
47205 1.4560881
47305 0.2506585
47405 -1.1058345
47505 -2.5371697
47606 -3.4438624
47706 -3.4555557
47806 -3.4180224
47906 -2.6082764
48006 -0.94663
48107 0.2099576
48207 1.4486656
48307 2.5626497
48407 3.3629675
48507 3.7306795
48607 3.4530935
48707 2.0676622
48807 0.17717266
48907 -1.3609676
49008 -2.8003876
49108 -3.6923597
49208 -3.9816365
49311 -4.1471457
49411 -3.0709405
49509 -1.3385594
49611 0.24866962
49711 2.0676332
49811 3.0104733
49910 3.7694454
50011 3.7401028
50111 2.6659179
50211 0.9100332
50311 -0.81252813
50412 -2.283137
50510 -3.2834668
50614 -3.4650638
50711 -3.583636
50810 -3.5630884
50913 -3.5101526
51013 -2.8626766
51113 0.38385916
51213 1.9792585
51313 3.2493582
51413 4.3896303
51513 4.511427
51612 3.6754074
51712 2.3389883
51813 0.61543274
51913 -1.1675735
52013 -2.676219
52113 -3.5730624
52216 -3.9745824
52314 -3.6156301
52416 -2.5253236
52516 -1.1419487
52614 0.27254868
52714 1.5623751
52814 2.430326
52915 3.392869
53017 3.6382217
53115 3.144827
53215 1.9010859
53315 0.3736453
53415 -0.9292927
53516 -2.17662
53615 -3.0219953
53716 -3.4071534
53816 -3.2186303
53917 -2.39704
54017 -1.007276
54118 0.64343643
54218 2.1180239
54317 3.2047882
54418 3.8004875
54517 3.923417
54617 3.6092854
54718 1.8714027
54818 -0.4239359
54918 -2.1946034
55018 -2.8961499
55118 -3.2081883
55218 -3.4680371
55321 -3.585027
55420 -3.1108758
55520 -0.9336791
55621 0.5989151
55719 2.0595236
55820 3.1997585
55920 3.858654
56020 4.129671
56120 3.6183615
56220 2.06293
56321 0.11387205
56421 -1.4662945
56520 -2.4902
56622 -5.0
56721 -5.0
56805 -5.0
56905 -4.849908
57005 -3.168062
57105 -1.494204
57205 0.6643081
57305 2.727243
57406 3.459547
57506 4.0079927
57606 4.0906754
57706 3.332325
57806 1.4650335
57906 -0.4192438
58006 -1.8007655
58107 -2.850573
58207 -3.4881976
58307 -3.7099533
58407 -2.7892606
58507 -1.15097
58607 0.32968187
58708 1.8632517
58811 3.1646633
58908 3.9112644
59008 4.027831
59108 3.1010847
59211 1.1488256
59311 -0.54348946
59411 -1.587162
59511 -2.5060248
59609 -3.302941
59709 -3.6829123
59810 -3.608267
59909 -2.6637583
60010 -1.0143478
60110 0.74980736
60210 2.5222716
60310 3.598383
60413 4.0656223
60510 3.9025726
60610 2.4293404
60711 0.22889662
60813 -1.2414253
60913 -2.2610383
61013 -2.8630729
61114 -3.297452
61214 -3.2542512
61313 -3.084103
61414 -2.136257
61513 -0.36440182
61612 1.1810088
61712 2.3734026
61813 3.2845154
61913 3.790595
62016 3.9191437
62113 3.6250677
62213 2.3337603
62316 0.9253683
62416 -0.19719696
62516 -1.3147984
62615 -2.0823045
62714 -2.5927663
62815 -2.8975728
62915 -2.9749389
63015 -2.4037726
63115 -1.0344346
63215 0.27259398
63316 1.4159708
63416 2.217547
63516 3.1146946
63616 3.3221493
63718 2.7983246
63816 1.2383165
63917 -0.28495693
64017 -1.69277
64117 -2.7547622
64217 -3.7009816
64317 -4.0708504
64417 -4.1267433
64518 -3.544754
64618 -2.2277892
64717 -0.7057581
64818 0.8428502
64919 2.1494422
65018 3.328951
65119 4.0409365
65219 4.0941706
65319 3.3250408
65419 1.7280884
65519 -0.09418392
65619 -1.5579994
65720 -2.5563114
65820 -3.0841887
65920 -3.3684554
66020 -3.1696908
66120 -1.9054286
66221 -0.3809495
66320 1.1250644
66420 2.477426
66521 3.5358057
66605 3.950758
66705 3.8992443
66805 3.1871872
66905 1.8731475
67004 0.8273535
67105 -0.25879002
67206 -1.5270259
67306 -2.5175645
67406 -3.25788
67506 -3.5386775
67606 -3.2650685
67706 -2.1309202
67806 -0.6691313
67907 0.9694886
68007 2.4790564
68107 3.5787296
68207 4.225069
68307 4.119879
68408 2.8407845
68508 1.1879754
68608 -0.45320988
68708 -1.989049
68808 -3.077416
68908 -3.701933
69011 -3.735639
69111 -2.8844163
69208 -1.4345226
69308 0.098828316
69411 1.3609209
69511 2.385396
69609 3.1927366
69710 3.5398884
69809 3.5689068
69910 3.2102947
70010 2.1781454
70110 0.7480073
70213 -0.89331913
70310 -2.3526764
70411 -3.1373708
70514 -3.3381066
70611 -3.342029
70711 -3.0180535
70811 -1.8459029
70911 -0.507422
71012 0.80964947
71112 2.0701575
71212 2.9818916
71312 3.5751247
71412 3.7099113
71512 3.464939
71613 2.2998877
71713 0.7073164
71813 -0.9016504
71913 -2.1351686
72016 -2.9550614
72116 -3.3778546
72216 -3.1601713
72316 -2.9429188
72413 -1.973089
72516 -0.20971203
72615 1.1232791
72715 2.0405493
72815 2.8754358
72915 3.3652096
73015 3.521451
73115 3.044096
73216 1.1963515
73316 -0.9999342
73416 -2.6611104
73516 -3.302741
73616 -3.674346
73717 -3.6276488
73817 -2.7077801
73917 -0.99524784
74017 0.65549374
74117 2.149382
74217 3.1640368
74317 3.6640415
74418 3.5657969
74518 2.4014196
74618 0.8101578
74718 -0.99330044
74818 -2.273378
74919 -3.2393243
