1 -1.9601827
101 -2.559111
201 -2.7328782
301 -2.5397046
401 -1.513026
501 -0.3004446
601 0.86378
701 1.9305024
801 2.8613405
901 3.5194464
1001 3.7210445
1101 3.6037388
1201 2.6664872
1301 1.3535628
1401 0.15967035
1501 -0.8659029
1601 -1.7563148
1701 -2.4421897
1801 -2.7537484
1901 -2.700038
2001 -2.0424314
2101 -0.5530982
2201 0.7690344
2301 1.9959779
2401 2.9258819
2501 3.4670916
2600 3.5597973
2701 3.351575
2801 2.5686173
2901 1.522902
3001 0.31675816
3101 -0.5699153
3201 -1.59866
3301 -2.3947394
3401 -2.6413677
3501 -2.625215
3601 -1.7015622
3701 -0.3585677
3801 0.9611478
3901 2.3757706
4001 3.2823076
4101 3.535943
4201 3.4046917
4301 2.6721969
4401 1.5434365
4501 0.38402748
4601 -0.7102556
4701 -1.726376
4801 -2.442149
4901 -2.5704522
5001 -2.487767
5101 -1.456306
5201 -0.0411129
5301 1.234242
5401 2.3739333
5501 3.01729
5601 3.2648287
5702 3.2045898
5801 2.5912676
5901 1.5009222
6001 0.09094906
6101 -0.89984465
6201 -1.7311718
6301 -2.3678565
6401 -2.5745542
6501 -2.5281405
6601 -1.5921345
6701 -0.24746227
6801 1.0593572
6901 2.2081056
7001 3.010561
7101 3.2970448
7201 3.047247
7301 2.2963247
7401 1.0886979
7501 0.1590085
7601 -0.7913003
7701 -1.5666823
7801 -2.1550126
7901 -2.415238
8001 -2.3759046
8101 -1.6479557
8201 -0.06274223
8301 1.2389607
8401 2.4543166
8501 3.273862
8601 3.4119368
8701 3.0712929
8801 1.9736075
8901 0.66192436
9001 -0.4702015
9101 -1.4955642
9201 -2.5968242
9301 -3.235833
9401 -3.5834334
9501 -3.5440087
9601 -1.9360101
9701 0.09281254
9801 1.6529665
9901 2.7492752
10001 3.608451
10101 3.6813564
10201 3.2183323
10301 2.1793518
10401 0.9300537
10501 -0.17976952
10601 -1.166961
10701 -1.9183791
10801 -2.167424
10902 -1.9254646
11001 -0.9424162
11101 0.33307362
11201 1.6368079
11301 2.6413164
11401 3.4138584
11501 3.7367687
11601 3.4736319
11701 2.5150094
11801 1.297956
11901 0.27446985
12001 -0.9893484
12101 -2.2565577
12201 -2.825407
12301 -2.9517994
12401 -2.86891
12501 -2.2822204
12601 -0.45210123
12701 0.9100108
12801 2.0687208
12901 3.2567844
13001 3.3577862
13101 2.9729667
13201 1.727314
13301 0.5539937
13401 -0.36746025
13501 -1.150666
13601 -1.7746296
13701 -2.0393503
13801 -1.8606772
13901 -0.86755276
14001 0.4198041
14101 1.8604841
14201 2.7571716
14301 3.4344807
14401 3.658699
14501 3.3998804
14600 2.4267669
14701 1.2241812
14801 0.09084988
14901 -1.0569623
15001 -1.6151454
15101 -2.0593712
15201 -2.0286977
15301 -1.3069377
15401 -0.130795
15501 0.968009
15601 2.157485
15701 2.9678512
15801 3.5283518
15901 3.7333994
16001 3.7281895
16101 3.0164928
16201 1.6747131
16301 0.2660718
16401 -0.76560545
16501 -1.5114636
16601 -2.0034535
16701 -2.2413838
16801 -1.9875903
16901 -0.7784414
17001 0.7858987
17101 1.8156724
17201 2.4968095
17301 2.8662782
17401 2.9541984
17501 2.7181106
17601 1.7217703
17701 0.91476727
17801 0.73404837
17901 0.75235844
18001 0.9399538
18101 1.1613779
18201 1.512259
18301 1.9402618
18401 2.2139854
18501 2.290763
18601 2.289094
18701 2.226285
18801 1.7154679
18901 0.32902002
19002 -0.84268665
19101 -1.6699398
19201 -2.2738118
19301 -2.4041154
19401 -2.4160666
19501 -2.219233
19601 -1.1996326
19701 0.22407627
19801 1.4358263
19901 2.1401963
20001 2.5973625
20101 2.746933
20201 2.7324705
20301 2.4673333
20401 1.3450403
20501 0.118858814
20601 -0.83899593
20701 -1.6548042
20801 -2.2712884
20901 -2.5032
21001 -2.718745
21101 -2.2741227
21201 -1.0842957
21301 0.3127818
21401 1.4914427
21501 2.3956451
21601 2.7016249
21701 2.9187536
21801 2.9358954
21901 2.8033738
22001 2.2020912
22101 1.1511302
22201 0.2433672
22301 -0.5948229
22401 -1.2732818
22501 -1.6348
22601 -1.825397
22701 -1.907294
22801 -1.9189067
22901 -1.4255664
23001 -0.04996395
23101 1.2345991
23201 2.2919478
23301 2.8448477
23401 3.0984812
23501 3.1370106
23601 3.0533123
23701 2.6906571
23801 1.7052016
23901 0.67680645
24001 -0.264781
24101 -1.2315495
24201 -1.8189864
24301 -2.1264422
24401 -2.2595153
24501 -2.266171
24601 -2.0724998
24701 -0.99106884
24801 0.36509705
24901 1.3989701
25002 2.252046
25101 2.7644424
25201 2.9108963
25301 2.9202394
25401 2.5191345
25501 1.4148302
25601 0.3990345
25912 -1.9473917
26011 -2.1220458
26111 -2.189125
26212 -2.1990104
26311 -1.9046168
26411 -0.24242258
26511 1.289021
26611 2.283774
26711 2.706665
26811 2.8665757
26911 2.9008932
27011 2.8078866
27111 2.5819807
27211 1.863883
27311 0.6774926
27411 -0.21065664
27511 -1.0449853
27611 -1.6679108
27711 -2.1194115
27811 -2.3503509
27911 -2.375838
28011 -2.2613988
28111 -0.8750124
28211 0.46444988
28311 1.5316916
28411 2.436841
28511 3.0627518
28611 3.2886238
28711 3.2965345
28811 3.049162
28911 2.3399267
29011 1.3221865
29111 0.24552059
29211 -0.5753031
29311 -1.406496
29411 -1.8613815
29511 -2.1229446
29611 -2.1956704
29711 -2.207373
29811 -1.8047869
29911 -0.48280048
30011 1.0780301
30111 1.9407892
30211 2.6745882
30311 3.0354538
30411 3.244502
30511 3.3496342
30611 3.2860737
30711 2.940094
30811 1.9327612
30911 0.8092766
31011 -0.24745846
31111 -1.3699005
31211 -1.9683564
31311 -2.2952952
31411 -2.5481987
31510 -2.6123958
31611 -2.2919533
31711 -1.0256813
31811 0.69364214
31911 1.2807589
32011 2.1081672
32112 2.64857
32211 2.9024544
32311 2.9211082
32411 2.5613456
32511 1.8857942
32611 1.0833144
32711 0.16066074
32811 -0.5134592
32911 -0.9815874
33011 -1.5460453
33111 -2.0498238
33211 -2.2283533
33311 -2.1153636
33411 -1.1572392
33511 0.10923052
33611 1.2636185
33711 2.1380563
33811 2.6475801
33911 2.9884386
34011 3.105116
34111 3.0921593
34211 2.7455206
34311 2.0607667
34411 1.286128
34511 0.26403093
34611 -0.66080856
34711 -1.4399438
34811 -1.9704537
34911 -2.212888
35011 -2.152159
35111 -1.5193467
35211 -0.19049358
35311 1.0827532
35411 1.9372039
35511 2.4579911
35611 2.7320008
35711 2.790123
35811 2.6943865
35911 2.2633505
36011 1.1761541
36111 0.15432167
36211 -0.61218834
36311 -1.2043033
36411 -1.6289666
36511 -1.7989757
36611 -1.79016
36711 -1.5787463
36811 -0.38520622
36911 0.8943548
37012 1.7994184
37111 2.4531503
37211 2.9010863
37311 3.0742416
37411 3.0490437
37511 2.7314706
37611 1.9768014
37711 0.69758654
37811 -0.6047559
37911 -1.4542916
38011 -2.0481148
38111 -2.422089
38211 -2.6328635
38311 -2.589675
38411 -2.0377145
38511 -0.71121025
38611 0.5800948
38711 1.3574114
38811 1.9010496
38911 2.2898126
39011 2.566153
39112 2.6074324
39211 2.1150384
39311 0.7897706
39411 -0.24244499
39511 -1.0793006
39611 -1.8114862
39711 -2.2715776
39811 -2.4400558
39911 -2.3412833
40012 -1.6617806
40111 -0.33200598
40211 0.94784975
40311 1.8933778
40411 2.4324188
40511 2.65418
40611 2.6283636
40711 2.1051073
40811 0.717927
40911 -0.36398792
41011 -1.165437
41111 -1.8703663
41211 -2.4602218
41311 -2.6770444
41411 -2.7267241
41511 -2.2222269
41611 -0.91016674
41711 0.44771814
41811 1.3673887
41911 2.011734
42011 2.4301348
42111 2.5126786
42211 2.3642945
42311 1.7745361
42411 0.5409546
42511 -0.4282236
42611 -1.20028
42711 -1.9837008
42811 -2.4755387
42911 -2.659671
43011 -2.633162
43111 -2.283393
43211 -1.00913
43311 0.2959423
43411 1.3251181
43511 1.9331002
43611 2.2745233
43711 2.4218206
43811 2.4115715
43911 2.1580515
44011 1.3210149
44111 0.24860573
44211 -0.60529566
44311 -1.4533439
44411 -2.1232285
44511 -2.4197552
44611 -2.5637622
44711 -2.5535922
44811 -2.387077
44911 -1.510643
45012 -0.113842964
45111 0.71648264
45211 1.6766877
45311 2.3137026
45411 2.673894
45511 2.818873
45611 2.8520422
45711 2.612719
45811 1.6005087
45911 0.3956623
46011 -0.5062399
46111 -1.4929512
46211 -2.296449
46311 -2.7596183
46411 -2.902953
46511 -3.0495627
46611 -3.0318766
46711 -1.953223
46812 -0.25820827
46911 0.7445307
47011 1.4222512
47111 1.8948922
47211 2.108058
47311 2.1356077
47411 1.776236
47511 0.8700633
47611 -0.2223196
47711 -1.7671127
47811 -2.5677304
47911 -3.0826645
48011 -3.3411062
48111 -3.4668398
48211 -3.3075325
48311 -2.1096013
48411 -0.7639308
48511 0.45841312
48611 1.6308465
48711 2.3530035
48811 2.7577195
48911 2.7374725
49011 2.3074427
49111 1.1903548
49211 -0.15896559
49310 -1.034581
49411 -1.7919075
49511 -2.3442905
49611 -2.7259662
49711 -2.7715154
49811 -2.3227944
49911 -1.1141167
50011 0.19142675
50111 1.0778279
50211 1.936316
50311 3.183753
50411 3.4011784
50511 3.3067608
50611 2.7550535
50711 1.6871481
50811 0.5265913
50911 -0.5170393
51012 -1.2628417
51111 -1.8614101
51211 -2.1984324
51311 -2.199237
51411 -1.7635555
51511 -0.6298723
51611 0.7924347
51711 1.7399149
51811 2.3952613
51911 2.8656402
52011 3.0525274
52111 2.9587874
52211 2.1115403
52311 0.92075014
52411 -0.30746365
52511 -1.2170455
52611 -1.7720776
52711 -2.2243838
52811 -2.2447648
52911 -1.6349785
53011 -0.36668968
53111 0.9446144
53211 2.0018806
53311 2.914949
53411 3.4117575
53511 3.5976877
53611 3.4073782
53711 2.6026535
53811 1.4203959
53911 0.07036924
54011 -1.1256955
54111 -1.8813121
54211 -2.1236758
54311 -2.1654744
54411 -1.8327839
54511 -0.7872696
54611 0.86589193
54711 2.140275
54811 3.191101
54911 3.8395777
55011 3.871584
55112 3.244524
55211 2.216567
55311 0.89261913
55411 -0.35616016
55511 -1.2262554
55611 -1.9018588
55711 -2.4980094
55811 -2.824528
55911 -2.9158869
56011 -2.4473736
56111 -0.54509974
56211 0.99272394
56311 2.22957
56411 2.9145384
56511 3.2167778
56611 3.2084637
56711 2.709381
56811 1.1805978
56911 -0.2745266
57011 -1.2469132
57111 -2.1376777
57211 -2.6196756
57311 -2.7866278
57411 -2.4664354
57511 -1.5765901
57611 0.18957138
57711 1.5384383
57811 2.4885697
57911 3.135808
58011 3.4479656
58111 3.398014
58211 2.6795874
58311 1.3831973
58412 -0.04701519
58511 -1.1499588
58611 -2.1864228
58711 -2.9816046
58811 -3.3303332
58911 -3.1045141
59011 -2.1093073
59111 -0.4770522
59211 0.9642191
59311 1.9066033
59411 2.7255678
59511 3.0662727
59611 3.0702448
59711 2.6466165
59811 1.4855294
59911 -0.23569393
60011 -1.2115369
60111 -2.284549
60211 -2.9283187
60311 -3.1290946
60411 -2.9299636
60511 -2.011183
60611 -0.63056993
60711 0.5423002
60811 1.44207
60911 2.0842705
61011 2.1702676
61111 1.9363008
61211 0.692708
61311 -0.6285224
61411 -1.5090988
61511 -2.182321
61611 -2.5749538
61711 -2.7551148
61811 -2.5522733
61911 -1.5151169
62011 0.08897686
62111 1.3405576
62211 2.2725992
62311 3.0598707
62411 3.3970032
62511 3.302248
62611 2.3667846
62711 1.0467787
62811 -0.20012665
62911 -1.14399
63011 -2.074514
63111 -2.7385144
63211 -3.0505505
63311 -3.0939567
63411 -2.565845
63511 -0.9805646
63611 0.29440975
63711 1.1165609
63811 1.9364624
63911 2.5184455
64011 2.7935257
64111 2.6021605
64211 1.6876173
64311 0.27774525
64411 -0.86860704
64511 -1.6411386
64610 -2.3526883
64711 -2.8012376
64811 -2.9234133
64911 -2.4809337
65011 -1.109283
65111 0.26848078
65211 1.3864517
65311 2.3143067
65411 3.0080318
65511 3.3503933
65611 3.3090992
65711 2.7447562
65811 1.5765257
65911 0.42742014
66011 -0.67783165
66111 -1.8028572
66211 -2.7666898
66311 -3.1013384
66411 -3.1193995
66511 -2.4128184
66611 -1.032372
66711 0.29442787
66811 1.5100579
66911 2.666068
67011 3.2464962
67111 3.4625692
67211 3.3198948
67311 2.600801
67411 1.2389002
67511 0.05634737
67611 -0.94247055
67710 -1.7857566
67811 -2.5253465
67911 -2.7767797
68011 -2.930432
68111 -2.6162248
68211 -1.3267467
68311 -0.018517971
68411 1.086524
68511 2.1707482
68611 2.7693682
68711 3.1020212
68811 2.9052782
68911 2.0906706
69011 0.70797634
69111 -0.64881945
69211 -1.8675005
69311 -2.7319665
69411 -3.4409475
69511 -3.7702918
69611 -3.5324786
69711 -2.5193038
69811 -1.249043
69911 -0.046515465
70011 1.2130103
70111 2.2302232
70211 2.8808432
70311 3.3359642
70411 3.4632921
70511 3.23592
70611 2.4138846
70711 1.3706374
70811 0.13607979
70911 -0.7850599
71011 -1.3928275
71111 -2.0652351
71211 -2.3643851
71311 -2.414174
71411 -1.7163749
71511 -0.7567878
71611 0.61865616
71711 1.5489974
71812 2.4567213
71911 3.0024452
72011 3.2687187
72111 3.2378597
72211 2.6782393
72311 1.2980509
72411 -0.14773273
72511 -1.2618775
72611 -2.2444048
72711 -2.7856777
72811 -3.0433915
72911 -3.0141177
73011 -2.5688176
73111 -1.1563797
73211 0.33439445
73311 1.4950461
73411 2.4335527
73511 3.1549234
73611 3.4653502
73711 3.2567196
73811 2.4534698
73911 0.9705343
74011 -0.27971983
74111 -1.5442009
74211 -2.5386157
74311 -3.2802541
74411 -3.5230427
74511 -3.4672267
74611 -2.7060494
74711 -1.2209849
74811 0.8447871
74911 2.2177086
