56 2.3952293
157 2.5804167
257 2.586999
357 2.049632
457 0.1152792
557 -1.3855667
657 -2.4443278
758 -3.1169775
1107 -3.4192665
1207 -1.9724226
1308 -0.5595069
1408 0.44470596
1509 1.1162143
1609 1.3544512
1709 1.627698
1809 1.817697
1909 1.9580345
2009 1.9850073
2110 1.1527987
2210 -0.77196264
2310 -1.8585639
2410 -2.6174912
2510 -3.2070045
2610 -3.2312899
2710 -2.9295578
2810 -2.5495641
2911 -1.709523
3011 -0.5369272
3111 0.52113533
3211 1.2283559
3311 1.9291053
3412 2.0610604
3512 1.9510269
3612 1.6329193
3712 0.12157345
3812 -1.2952759
4130 -3.347684
4229 -3.1469836
4330 -2.911055
4430 -1.9741607
4530 -0.9343972
4630 0.080117226
4730 0.9529486
4831 1.675561
4931 1.8633232
5031 2.010085
5131 1.9396081
5231 1.1613531
5331 -0.33238697
5431 -1.3584125
5532 -2.3360317
5849 -3.5123422
5949 -3.3325388
6048 -2.739904
6149 -1.2603593
6249 0.14692593
6349 0.8764672
6450 1.4272561
6550 1.8557472
6650 1.9825516
6750 1.9102411
6850 1.2275062
6951 -0.41456604
7050 -1.9072175
7151 -2.6490612
7251 -3.1899447
7351 -3.6906507
7451 -3.779123
7551 -3.3263197
7652 -2.1195273
7752 -1.098474
7852 0.05605173
7952 0.7736082
8053 1.5150514
8152 1.7671189
8252 2.1316557
8353 2.2676148
8686 -0.91362476
8787 -2.2303157
8887 -3.365529
8987 -3.9581046
9087 -4.195369
9187 -3.8170004
9287 -3.0134063
9388 -2.016734
9488 -0.8635268
9588 0.1436615
9688 0.8147974
9788 1.4508944
9888 2.0581346
9988 2.4875093
10089 2.6093774
10406 -0.84913445
10506 -2.231916
10606 -3.2578206
10706 -3.6960413
10806 -3.784288
10907 -3.5383708
11007 -2.8476079
11107 -1.6786175
11207 -0.35051155
11307 0.79578304
11408 1.3986311
11508 1.9984779
11608 2.4246054
11708 2.5485854
11808 2.4192238
11908 1.4677134
12008 -0.1287198
12108 -1.5484459
12209 -2.6550622
12309 -3.6108723
12409 -3.5192635
12509 -3.5401757
12609 -3.4237223
12709 -2.0564377
12810 -1.252604
12909 -0.009536266
13010 1.0160899
13110 1.6594086
13210 2.04173
13310 2.2862062
13411 2.369072
13510 2.315609
13611 1.4913459
13711 -0.21401596
13811 -1.4608295
13911 -2.266593
14011 -2.9541938
14112 -3.1572604
14212 -2.9042907
14312 -2.2948499
14412 -1.3105907
14512 -0.25783873
14612 0.8548651
14713 1.6392746
14813 2.165854
14913 2.5231657
15013 2.6876955
15113 2.703477
15213 2.445334
15313 1.0578475
15414 -0.3514204
15514 -1.6434436
15614 -2.550868
15714 -3.037741
15814 -3.1582391
15915 -3.0889452
16015 -2.8232155
16115 -2.4413707
16215 -1.5696292
16315 -0.44462967
16415 0.62289333
16516 1.3525572
16615 2.038012
16716 2.4963531
17083 2.5270033
17183 0.6471324
17283 -0.77151966
17383 -1.7400517
17484 -2.3640168
17584 -2.716022
17683 -2.7942338
17784 -2.6427252
17884 -1.9945204
17985 -0.70738506
18084 0.6275916
18184 1.5900526
18285 2.413958
18602 3.2037792
18702 2.94178
18802 0.99683
18902 -1.3159668
19003 -2.6798904
19103 -3.2641692
19202 -3.157863
19303 -2.9093206
19403 -2.2201765
19503 -1.1758838
19604 -0.17107058
19704 0.8721342
19804 1.5811286
19904 2.2008185
20004 2.7184677
20104 3.0514078
20204 3.2135735
20305 3.148615
20405 1.2760777
20772 -3.2296154
20872 -2.9848502
20972 -2.7334392
21073 -2.4297628
21173 -1.6863308
21273 -0.5313215
21373 0.38003826
21473 1.4200583
21573 2.2815323
21674 2.8395858
21774 3.1288872
21873 3.169159
21974 2.4530005
22074 0.6109004
22174 -1.3560185
22491 -2.9721513
22591 -2.9189239
22692 -2.6900973
22792 -2.4948134
22892 -1.7880177
22992 -0.38219786
23092 0.6411967
23192 1.6445341
23293 2.411775
23393 2.9496017
23493 3.1764097
23593 3.1507893
23944 -2.3802028
24043 -3.0039663
24144 -3.688517
24244 -3.4072914
24344 -3.2016926
24445 -2.381047
24545 -0.8405671
24645 0.4877205
24745 1.9811463
24846 2.6658783
24945 3.0667858
25045 3.1674833
25145 3.1548376
25246 2.7503557
25346 0.9870081
25663 -2.8795173
25763 -2.8739748
25863 -2.8013024
25964 -2.5547128
26063 -2.1675296
26164 -1.0851669
26264 0.60831547
26364 1.6832924
26464 2.3531594
26564 2.7713585
26665 3.000308
26765 3.0144072
27115 -1.474545
27215 -2.9454634
27316 -3.4902158
27416 -3.7351391
27516 -3.8684065
27616 -3.6352155
27716 -2.233669
27816 -0.8662586
27916 0.48429298
28017 1.5455666
28116 2.3293815
28217 2.8014884
28317 3.0188904
28417 3.1266308
28518 3.1383286
28835 1.7702279
28935 -0.22741985
29035 -1.3724685
29135 -2.3125577
29235 -2.7447593
29335 -2.8224852
29436 -2.7667582
29535 -2.4901538
29636 -1.808466
29736 -0.4785471
29836 0.90378666
29936 1.8158121
30036 2.6206198
30137 3.0711145
30237 3.272192
30336 3.3121414
30704 0.9160538
30804 -0.8978224
30904 -2.0616171
31005 -2.6821094
31104 -2.7857723
31205 -2.7962718
31305 -2.76341
31405 -2.4964905
31822 2.5002928
31923 2.9802542
32023 3.1282558
32123 3.156416
32223 3.1550827
32324 3.0862484
32423 2.3590536
32523 0.19914436
32624 -1.4286537
32724 -2.2342508
32824 -2.413996
32924 -2.3482573
33025 -2.1403003
33124 -1.4574542
33225 -0.43952608
33325 1.1229897
33425 2.2793856
33525 2.8664713
33625 3.100668
33725 3.1624641
33826 2.9622903
33926 1.8948259
34026 -0.030694008
34344 -3.0961623
34443 -3.3704925
34543 -2.7973366
34644 -2.4767017
34744 -1.6372559
34844 -0.20744848
35211 3.2253933
35312 3.501419
35412 3.6389074
35512 3.455986
35612 1.2692833
35712 -0.77894306
35812 -1.8076653
35912 -2.2609334
36013 -2.321199
36113 -2.1407678
37047 3.3548088
37148 3.2996454
37248 1.663382
37348 -0.73014927
37749 -2.452516
37849 -2.3289702
37949 -2.2663662
38049 -2.1827157
38149 -0.742383
38249 0.9295683
38350 1.9718146
38700 2.855466
38783 2.8127136
38882 2.5958567
38983 1.4318061
39082 -0.043204308
39183 -1.2315826
39284 -2.0624135
39385 -2.7003074
39485 -3.2893498
39585 -3.0109034
39685 -2.3926358
39785 -1.429873
39885 -0.30514717
39985 0.80289364
40086 1.4966455
40186 2.0284934
40286 2.4115028
40386 2.651606
40486 2.7202277
40586 2.5601273
40687 1.1309643
41004 -2.5937235
41103 -2.7666607
41205 -2.3038297
41304 -1.6738484
41404 0.16606998
41504 1.5603728
41605 2.413034
41705 2.7849245
41805 3.0279007
41905 3.1289482
42005 2.9969912
42105 2.4098396
42206 0.68911266
42306 -0.7746172
42405 -1.5907199
42790 -2.0822976
42890 -1.9206836
42990 -1.0788963
43090 0.16117811
43190 1.4753275
43290 2.3957758
43391 2.8440995
43491 3.0899277
43591 3.1790447
43691 3.1689014
43791 2.7557592
43892 1.3564267
43992 -0.003663063
44092 -0.9227381
44192 -1.458241
44292 -1.7730718
44392 -1.9111819
44492 -1.9817364
44810 -1.6805115
44909 -0.27894974
45009 1.1249762
45110 2.3363457
45210 3.0246096
45310 3.3589754
45410 3.4128246
45511 3.0070477
45611 1.4770608
45711 -0.16461182
45812 -1.2353942
45911 -1.697094
46011 -1.9476943
46111 -1.9741988
46212 -1.7914486
46312 -1.4541259
46412 -0.7971411
46513 0.49482155
46613 1.880835
46713 2.6231475
46813 2.9030762
46913 2.975367
47013 2.8415732
47113 1.8725576
47214 -0.14864635
47313 -1.5518184
47414 -2.3858585
47514 -2.8507776
47614 -3.016253
47714 -2.72726
47814 -2.584283
47914 -2.063539
48015 -1.2201958
48115 0.0491724
48215 1.2894258
48315 2.2054505
48415 2.5986533
48515 2.7967415
48615 2.778409
48716 2.0080214
48816 -0.07615566
48916 -1.5941315
49016 -2.7419004
49116 -3.3980522
49216 -3.345847
49317 -2.9710934
49417 -2.4853446
49517 -1.733305
49617 -0.5723791
49717 0.73460674
49817 1.7754326
49918 2.4238281
50018 2.7285385
50118 2.7262373
50218 2.1863503
50318 -0.03332424
50418 -1.8180456
50519 -2.9628794
50619 -3.0349128
50719 -2.9157796
50802 -2.508429
50902 -1.7008729
51002 -0.75089884
51101 0.14004374
51201 1.1928463
51302 1.8736396
51402 2.4462295
51503 2.7131476
51604 2.8040037
51704 2.5809479
51804 1.468894
51904 0.028916359
52004 -1.3752723
52104 -2.7907574
52204 -3.563907
52304 -4.0559235
52405 -4.158349
52505 -3.2910957
52605 -1.6751144
52705 -0.33240128
52805 1.2996464
52906 2.282403
53006 2.791902
53106 3.2078114
53206 3.3632898
53306 3.120554
53406 2.094751
53507 0.0023226738
53606 -1.6085153
53707 -2.8150055
53807 -3.2982805
53907 -3.0453956
54007 -2.65511
54107 -1.5775788
54207 -0.37163973
54308 1.1457376
54408 1.9668531
54508 2.5903864
54608 2.9353018
54708 3.076356
54809 3.0082054
54909 2.1198745
55009 0.04135847
55109 -1.594974
55209 -2.6463265
55309 -2.9413521
55410 -2.732045
55509 -2.458099
55610 -1.7635448
55710 -0.5960598
55810 0.56587315
55910 1.6644721
56010 2.470595
56111 2.8945975
56211 2.940652
56311 2.750823
56411 1.4722567
56511 -0.8774586
56611 -2.015554
56711 -2.3082955
56812 -2.3367155
56912 -2.3015165
57011 -1.8815646
57112 -0.8380232
57212 0.67569256
57312 1.8065858
57413 2.5409636
57512 2.9156442
57613 3.0380087
57713 2.9090905
57813 1.842833
57913 -0.22966576
58014 -1.6278095
58114 -2.6277084
58431 -2.7384264
58531 -2.35774
58631 -1.1894231
58731 0.26907444
58831 1.8212447
58932 2.6414642
59032 2.8839202
59132 2.834096
59232 2.3325171
59333 0.4589262
59432 -1.3688545
59533 -2.7359884
59632 -3.899447
59733 -3.9087012
59833 -4.3206673
59933 -4.202622
60033 -1.8178213
60134 0.42719412
60234 1.8473711
60333 2.775608
60434 3.0396032
60534 3.013236
60634 2.3891497
60952 -2.3703601
61051 -2.8446324
61152 -2.89393
61251 -2.898073
61352 -2.8303246
61452 -1.89713
61552 -0.2357645
61653 1.2632251
61753 2.2699103
61853 2.6372323
61953 2.7348204
62054 2.6987634
62153 2.540999
62253 0.90537834
62354 -1.3464646
62454 -3.1301265
62554 -3.4280047
62654 -3.5131042
62754 -3.3044593
62854 -2.9400468
62955 -1.7914681
63055 -0.1760273
63155 1.3148594
63255 1.933238
63355 2.5674505
63456 2.8072767
63555 2.8124595
63656 2.48977
63756 0.9755297
63856 -1.0174174
63956 -2.2348742
64056 -2.4927542
64156 -2.5153546
64257 -2.4091148
64356 -1.9342401
64457 -1.1474957
64557 0.020079136
64658 1.353764
64757 2.0837736
64858 2.6108894
64958 2.8692946
65058 2.9153771
65158 2.6323304
65258 0.7357025
65575 -2.9587333
65676 -3.0946817
65776 -2.8809183
65876 -2.522355
65976 -1.9292445
66076 -0.81606007
66176 0.66135406
66277 1.8644562
66376 2.5833793
66476 2.9062805
66577 3.0248299
66677 2.6286135
66777 0.5919275
66878 -1.2700448
66977 -2.1311622
67078 -2.6804898
67178 -2.7129881
67278 -2.5895898
67378 -2.1915352
67478 -1.0383186
67578 0.7258439
67679 2.208972
67779 2.7656088
67879 2.8654222
67979 2.5822067
68079 1.5004258
68179 -0.4309864
68280 -1.8014925
68380 -2.6299307
68479 -3.1686854
68580 -3.106044
68680 -2.417334
68780 -1.297276
68880 0.23567486
68980 1.7150812
69081 2.3760781
69181 2.5376801
69282 2.3430915
69381 1.0868096
69481 -0.7456789
69581 -2.0040715
69682 -2.5347524
69782 -2.5972733
69882 -2.5437584
69982 -2.1664777
70082 -1.3422165
70182 0.5251665
70282 2.1826315
70365 2.7112808
70465 2.905613
70566 2.7635179
70665 2.038784
70765 -0.051203728
70866 -1.6516614
70967 -2.5133996
71067 -2.8242047
71167 -2.9060352
71268 -2.8060784
71368 -2.4354177
71468 -1.6490827
71568 0.055639744
71668 1.5612106
71768 2.4216247
71868 2.6400537
71969 2.6465049
72069 2.0583
72169 0.2802825
72269 -1.3045535
72369 -2.287525
72469 -2.6862595
72570 -2.657365
72670 -2.5774221
72770 -2.289192
72870 -1.661839
72970 -0.0465312
73070 1.4966002
73170 2.5099006
73270 3.153821
73371 3.5602932
73471 3.693965
73571 3.0225525
73672 1.2051558
73771 -0.7213526
73872 -1.9728243
73972 -2.6188705
74072 -2.8281772
74172 -2.67705
74272 -2.4418836
74372 -2.0610585
74472 -0.7659278
74573 0.8348594
74672 2.0460157
74773 2.7174225
74873 3.0130234
74974 2.9729257
