16 -1.1242518
114 -2.0914993
216 -2.8187149
315 -3.050577
415 -3.0075364
515 -2.6071162
616 -1.7783561
717 -0.31179333
816 0.7758212
916 1.9831061
1017 2.798977
1117 3.5143423
1217 3.6059856
1317 3.412859
1417 2.4573555
1517 1.5953369
1618 0.18941402
1717 -0.86747265
1820 -1.7992871
1918 -2.3194828
2019 -2.6006248
2119 -2.643427
2219 -2.4621158
2319 -1.9000361
2419 -0.882226
2519 0.37900066
2619 1.51893
2719 2.323247
2820 2.7704735
2922 2.7285004
3020 2.3090615
3121 1.0291395
3204 -0.36957264
3321 -1.8409734
3404 -2.6183648
3521 -3.0652683
3605 -3.1047943
3705 -2.9245896
3806 -2.2320023
3905 -1.2749653
4005 -0.065099716
4105 1.193356
4206 2.2415977
4305 3.1359005
4406 3.4732838
4505 3.3744602
4606 2.7665968
4707 1.5499878
4806 0.14609337
4927 -1.0930679
5006 -2.045526
5108 -2.8213658
5208 -3.1822343
5307 -3.3135853
5408 -3.3332305
5508 -3.0974588
5607 -2.363836
5708 -0.9018488
5808 0.779222
5908 2.0053306
6010 2.8962235
6109 3.1399517
6209 2.830874
6310 2.1249342
6410 0.7263398
6509 -0.7591119
6609 -1.8212972
6709 -2.572609
6810 -2.9570556
6911 -3.0258343
7010 -2.8722641
7110 -2.3723521
7210 -1.4291215
7311 -0.09587765
7410 1.1983013
7511 2.2732482
7612 3.2234154
7711 3.668334
7813 3.4697847
7912 2.8784003
8012 2.1547227
8112 0.82578754
8212 -0.43912745
8312 -1.5775638
8412 -2.4595175
8513 -2.9975712
8613 -3.1991868
8714 -3.230503
8813 -2.9661937
8914 -1.9659722
9013 -0.5686197
9113 0.9237013
9214 2.060914
9314 2.6983452
9414 2.8462014
9514 2.664483
9614 2.3991652
9714 1.3465066
9815 -0.1850276
9914 -1.4862456
10015 -2.398698
10115 -2.8717241
10215 -2.9297287
10315 -2.623222
10415 -2.0693927
10516 -1.0723495
10616 -0.00359869
10715 1.2081456
10816 2.1531882
10917 2.9658957
11016 3.4080372
11117 3.6076488
11217 3.3572483
11317 2.7795067
11417 1.723844
11518 0.31125736
11617 -1.0420449
11717 -2.0679443
11819 -2.8144188
11918 -3.1938536
12019 -3.304383
12118 -3.033735
12218 -2.4285014
12319 -1.5163703
12419 -0.44564295
12519 0.50661325
12619 1.5169525
12719 2.4591842
12820 3.1655598
12920 3.5750542
13020 3.5199814
13120 2.7413626
13220 1.9683671
13320 0.74303627
13420 -0.6160016
13520 -1.6532016
13622 -2.4163299
13721 -2.8569167
13821 -3.091955
13921 -3.04173
14022 -2.491552
14121 -1.2234578
14222 0.05393648
14322 1.5214934
14423 2.789125
14522 4.0190077
14690 4.32215
14789 3.5276518
14890 1.5394983
14990 -0.26168203
15090 -1.6097226
15190 -2.652083
15291 -3.3683448
15390 -3.4779587
15490 -3.137097
15592 -2.4274461
15692 -1.3151345
15791 0.10581875
15892 1.3319354
15992 2.47921
16091 3.3089924
16191 3.9369946
16292 4.181815
16392 3.9305105
16493 2.7598066
16592 1.2908545
16692 -0.29029274
16792 -1.3988369
16893 -2.5658274
16993 -3.3792436
17094 -3.736039
17193 -3.8171868
17293 -3.6024704
17393 -3.0636714
17494 -2.369097
17594 -1.2768548
17694 -0.31046247
17795 0.89233065
17895 1.75669
17995 2.3278222
18095 2.8429399
18195 3.1539516
18295 3.262621
18396 3.2944221
18496 3.2004642
18596 2.8898225
18696 2.18395
18796 0.8323908
18896 -0.25441074
18996 -1.2750607
19097 -2.041519
19197 -2.6331625
19297 -2.931561
19396 -3.0021386
19497 -2.8732324
19598 -2.3609748
19698 -1.2428219
19798 -0.09002304
19898 1.1673198
19998 1.965899
20098 2.5650072
20198 2.8470435
20300 2.7702675
20399 2.3886995
20500 1.7060928
20599 0.09807587
20699 -1.0850749
20800 -2.050706
20900 -2.773355
20999 -3.2625077
21099 -3.3362772
21199 -3.1890347
21300 -2.7855284
21400 -1.992657
21500 -0.93301344
21602 0.23980427
21700 1.5450249
21801 2.5046997
21901 3.128707
22002 3.1726007
22101 2.8334627
22202 2.4812994
22302 1.5088043
22401 0.13399982
22486 -0.95677185
22586 -2.00569
22687 -2.810538
22786 -3.1201637
22886 -3.1437106
22986 -2.815782
23103 -2.050243
23189 -1.1660295
23287 -0.021659851
23387 1.402204
23486 2.240718
23588 2.7849073
23687 2.9056487
23787 2.7639341
23888 2.4901109
23988 2.013709
24090 0.51520777
24188 -1.0727477
24290 -2.3172166
24388 -2.918093
24489 -3.1057422
24589 -3.0106568
24689 -2.5408444
24790 -1.562038
24889 -0.64874554
24990 0.8372464
25090 1.9375839
25190 2.8529038
25290 3.2016563
25390 3.1129904
25490 2.661016
25808 -0.32611322
25908 -1.5304611
26008 -2.3019493
26108 -2.8262825
26209 -2.9952888
26308 -3.0556605
26409 -2.9639916
26510 -2.1997085
26608 -1.2819519
26710 -0.12894869
26809 1.0554347
26910 1.9372239
27009 2.3678436
27110 2.5983095
27211 2.3786192
27310 1.7883911
27409 0.56658316
27510 -0.44612932
27611 -1.4168518
27711 -2.0532842
27811 -2.444539
27911 -2.6632485
28011 -2.6546738
28110 -2.351129
28211 -1.4771492
28311 -0.27836227
28411 0.8912816
28513 1.657907
28612 2.3191986
28712 2.7918024
28813 2.9307365
28913 2.8494086
29012 2.553276
29114 1.8864884
29213 0.6690502
29313 -0.7936702
29413 -1.7815671
29514 -2.38127
29614 -2.5575192
29714 -2.5656986
29814 -2.4906175
29914 -1.9984059
30014 -1.0066178
30115 0.4983034
30215 1.6010642
30315 2.231172
30415 2.395195
30500 2.6380181
30599 2.6809702
30700 2.568451
30799 1.9609818
30900 0.78588295
30999 -0.6955633
31117 -1.8790588
31201 -2.488072
31317 -2.8132095
31400 -2.860562
31500 -2.7618134
31601 -2.2846942
31701 -1.358773
31801 0.13796806
31900 1.3077283
32001 2.1867628
32104 2.6123185
32202 2.7786622
32304 2.6379333
32402 2.0904136
32502 1.4082766
32603 -0.24847364
32704 -1.5494797
32802 -2.3378463
32903 -2.879618
33003 -2.9480522
33104 -2.7035317
33205 -2.1297574
33303 -1.2025082
33405 0.07204723
33504 1.1714587
33604 2.248094
33704 2.9864464
33805 3.4117546
33904 3.4136972
34004 3.006857
34107 2.1133804
34205 0.7622261
34307 -0.43663883
34405 -1.3388324
34506 -2.1402392
34605 -2.5468163
34706 -2.76716
34806 -2.7574527
34906 -2.6495562
35007 -1.8714738
35106 -0.3298998
35208 0.75359154
35306 1.7228789
35408 2.3729334
35507 2.6585045
35607 2.7620382
35708 2.5997252
35808 2.1886826
35907 1.4246445
36007 0.16252851
36108 -0.9483805
36207 -1.9363837
36308 -2.5091872
36408 -2.844135
36509 -2.8923903
36609 -2.731195
36710 -2.3252158
36809 -1.5201721
36910 -0.36555243
37009 0.8053527
37110 1.8216262
37211 2.3104067
37310 2.5378594
37412 2.5296988
37511 2.368009
37611 2.008329
37711 1.1642337
37810 -0.1864276
37911 -1.4952312
38011 -2.325775
38113 -2.7391725
38211 -2.775904
38313 -2.7735271
38412 -2.4433465
38512 -1.6565578
38612 -0.6403394
38713 0.2956252
38812 1.3509717
38912 2.1044035
39013 2.6091757
39113 2.623497
39214 2.3278785
39313 1.967134
39415 1.3246927
39513 0.2915182
39614 -0.57974434
39714 -1.3207784
39814 -1.8315194
39914 -2.2652452
40014 -2.4211957
40115 -2.3497353
40215 -2.1443305
40314 -1.6716805
40414 -0.7235489
40515 0.1403122
40614 1.4356966
40716 2.0559106
40816 2.49364
40916 2.4980707
41016 2.1949234
41116 1.7002997
41217 1.0634189
41317 -0.32627392
41416 -1.3872361
41517 -2.2253776
41601 -2.601233
41702 -2.8814588
41817 -2.8571782
41918 -2.5554438
42017 -1.8587384
42101 -0.9456725
42201 0.3471322
42302 1.3506436
42401 2.1447287
42502 2.727037
42601 2.9579191
42702 2.460082
42802 2.0605454
42902 1.5164504
43002 0.18251133
43103 -1.0925021
43204 -2.3081112
43303 -3.1151824
43405 -3.425197
43503 -3.3619268
43604 -2.6823099
43704 -1.7757049
43803 -0.8012667
43904 0.08599901
44005 0.75073767
44105 1.3476276
44205 1.7753611
44306 2.1056318
44405 2.170466
44506 1.9257994
44606 1.0590439
44706 -0.026718616
44806 -0.98664665
44905 -1.6655445
45006 -2.3514562
45106 -2.7255423
45207 -2.858068
45307 -2.816725
45406 -2.6092114
45507 -1.9542058
45607 -1.0526798
45707 -0.27735758
45807 0.20947266
45907 0.7280669
46007 1.2342386
46107 1.938076
46208 1.6307058
46308 1.6430998
46408 1.6421089
46509 1.4386497
46609 0.8553333
46709 -0.29900074
46808 -1.4469504
47293 -1.5512295
47393 -0.59175587
47494 0.40795565
47594 1.2074385
47694 1.7479048
47793 1.8652091
47894 1.6875124
47994 1.2257776
48095 0.4316573
48194 -0.46682692
48295 -1.3584111
48395 -2.2310996
48495 -3.0261397
48594 -3.4182816
48695 -3.5570307
48795 -3.4209173
48895 -2.808247
48996 -1.5757813
49095 -0.530087
49196 0.48059368
49297 1.4765611
49398 1.9685493
49497 1.9382477
49597 1.539895
49696 0.6029582
49797 -0.5405288
49898 -1.767407
49997 -2.8742778
50098 -3.6744988
50198 -4.004585
50299 -3.926089
50398 -3.334851
50498 -2.0106068
50598 -0.35761642
50699 1.0521898
50799 2.3595533
50899 3.0394115
51001 3.2372026
51099 2.9398384
51201 2.0580168
51300 1.0247741
51400 -0.27477932
51500 -1.691061
51600 -2.652232
51700 -3.3927283
51801 -3.5946157
51900 -3.5387616
52000 -3.2074115
52102 -2.5213532
52201 -1.4936786
52301 -0.26229906
52402 0.86355925
52502 1.8703728
52602 2.5743523
52702 2.9390974
52802 3.1551447
52886 3.0073452
52987 2.3841386
53086 1.5571961
53186 0.49150753
53286 -0.5143323
53387 -1.7309716
53486 -2.8182263
53587 -3.4550188
53687 -3.7085683
53787 -3.6879156
53887 -3.1943288
53987 -2.2431512
54089 -0.9999156
54187 0.276536
54288 1.5877523
54388 2.4948683
54489 3.1196842
54589 3.3266764
54689 3.155015
54789 2.4937086
54888 1.7941613
54990 0.5439515
55089 -0.61232233
55190 -1.7370784
55290 -2.6540217
55390 -3.2291346
55490 -3.381146
55590 -3.3498588
55691 -3.209566
56007 -0.8462105
56107 0.39645815
56207 1.3350534
56309 2.1220107
56408 2.6616654
56508 3.206708
56842 2.2416472
56943 1.7383857
57042 0.4213977
57142 -0.7311921
57243 -1.8709254
57342 -2.6585796
57443 -3.4977686
57544 -3.7080631
57644 -3.6940668
57743 -3.4654164
57843 -2.717545
57944 -1.5978618
58044 -0.40210676
58144 0.91251135
58244 1.8827567
58347 2.6743064
58445 3.1388607
58546 3.0709114
58646 2.697825
58746 2.435061
58845 2.0985727
58945 1.4196358
59046 -0.038594246
59146 -1.2684276
59248 -2.2825441
59345 -2.8466902
59447 -3.1693091
59546 -3.2256188
59647 -3.0477533
59747 -2.4236763
59847 -1.4164543
59947 -0.070417404
60047 1.1886377
60147 2.0102243
60247 2.633336
60350 2.9384956
60448 2.9816008
60549 2.8195443
60648 2.284636
60749 1.5645118
60848 0.36770487
60949 -0.6749983
61049 -1.7316756
61149 -2.508969
61250 -3.0527432
61350 -3.2285903
61451 -3.159885
61550 -2.7737775
61650 -1.9442129
61750 -0.7967148
61851 0.137362
61951 1.2539072
62050 2.15373
62153 2.840899
62251 3.1376905
62352 2.9899406
62452 2.7250223
62552 2.4726334
62651 1.9814901
62753 0.7876005
62852 -0.38951778
62953 -1.3056743
63053 -2.2531922
63153 -2.915526
63253 -3.2932725
63353 -3.3358994
63437 -3.3050022
63537 -2.9781768
63637 -2.199918
63737 -0.88978004
63854 0.63174677
63937 1.7504792
64038 2.4778
64139 2.9934626
64238 3.0440168
64339 3.0480213
64437 2.827455
64539 2.1452012
64639 1.3145332
64739 0.41444874
64838 -0.8654127
64942 -1.7190888
65039 -2.6821969
65139 -3.1499522
65239 -3.205407
65340 -3.094755
65440 -2.452055
65539 -1.4550133
65641 0.10205364
65741 1.1562834
65840 2.0805702
65941 2.6461325
66058 2.7312746
66143 2.63548
66244 2.3626833
66344 1.7912445
66444 0.75524807
66544 -0.63280773
66646 -1.9505668
66744 -2.9797077
66845 -3.7976837
66945 -4.0377917
67044 -4.171916
67145 -3.9073455
67246 -3.3391607
67345 -2.0212257
67446 -0.55002546
67545 1.0404544
67646 2.169898
67746 3.33082
67847 3.6383152
67946 3.8374233
68047 3.02627
68147 1.778552
68247 0.2827444
68347 -1.0892968
68446 -2.2594037
68548 -2.9857662
68648 -3.2703397
68747 -3.2462404
68849 -2.8358984
68948 -1.7444508
69049 -0.5370493
69148 0.68137693
69248 1.872817
69349 2.859703
69449 3.4238434
69551 3.5605326
69649 3.464716
69749 2.8635597
69849 1.6763597
69951 -0.009068966
70049 -1.4124973
70150 -2.4929824
70250 -3.0946398
70351 -3.471067
70450 -3.4457784
70550 -3.1043906
70653 -2.0978954
70752 -0.58221674
70852 0.8742933
70952 1.9206762
71052 2.521459
71149 2.8115678
71250 2.8451066
71350 2.7151084
71451 2.3938012
71550 1.5252357
71650 0.1925869
71750 -0.9288397
71850 -1.796185
71951 -2.485209
72051 -2.777136
72151 -2.89487
72252 -2.8290668
72351 -2.4904304
72451 -1.7171814
72552 -0.44613647
72652 0.8011999
72752 1.7462873
72852 2.5360632
72952 2.9822845
73053 2.9858885
73153 2.740075
73254 2.4081545
73353 1.9801102
73452 0.8919654
73553 -0.27348614
73653 -1.3109097
73970 -2.6675057
74070 -2.678389
74171 -2.3892536
74270 -1.5199528
74373 -0.68796873
74471 0.18443823
74572 1.4243913
74671 2.3377657
74772 3.2895298
74872 3.4814625
74972 3.4754505
