18 -2.5428052
118 -1.8452675
219 -0.79664326
319 0.43204784
403 1.1083179
502 1.828208
602 2.080565
704 2.0859056
803 1.8294272
904 0.8248129
1004 -0.7812314
1105 -1.7748687
1205 -2.36508
1305 -2.5777664
1405 -2.551002
1506 -2.2603543
1606 -1.9106748
1705 -1.4179618
1807 0.037402153
1907 1.168354
2007 1.9910936
2107 2.0426736
2207 1.9997549
2308 1.4082375
2408 0.53809834
2508 -0.6389189
2609 -2.0395052
2708 -2.5694804
2809 -2.9248405
2909 -2.920298
3009 -2.6962545
3110 -2.1401849
3210 -1.3362288
3309 -0.229177
3411 0.9552169
3511 1.9487267
3612 2.447815
3712 2.6249108
3811 2.6060934
3912 2.0628662
4012 0.5483861
4113 -0.76656675
4213 -1.7052395
4313 -2.326765
4414 -2.6110375
4514 -2.6047187
4613 -2.2786798
4714 -1.7752311
4815 -0.83645964
4914 0.23183537
5015 1.274993
5115 2.1477957
5215 2.5763254
5316 2.3494635
5416 2.1893187
5516 1.5591063
5617 0.44020987
5717 -1.0160127
5816 -1.9711425
5918 -2.604604
6018 -3.320497
6118 -3.5613515
6218 -3.7640867
6318 -3.38312
6418 -1.4590919
6519 0.1510272
6603 1.3715639
6703 2.4576201
6803 2.9234276
6904 2.3957496
7003 2.0190482
7104 1.5603127
7204 0.41652584
7304 -0.64705753
7405 -1.5070355
7505 -2.0521836
7605 -2.5659904
7706 -2.7083862
7806 -2.5728536
7906 -1.8469129
8006 -0.6586714
8106 0.5915885
8207 1.5415945
8306 2.279973
8407 2.1344805
8508 2.0873632
8608 1.7049994
8708 0.7671528
8808 -0.4055195
8909 -1.3877044
9009 -2.1296964
9109 -2.7264905
9210 -3.1264274
9310 -3.1589413
9410 -2.7449627
9509 -1.9258716
9611 -0.9105005
9711 0.41633415
9811 1.603157
9911 2.3066711
10012 2.256742
10112 2.303762
10211 2.2517357
10312 1.715415
10412 0.24424458
10513 -1.0975366
10613 -1.9548299
10714 -2.478414
10814 -2.695366
10914 -2.7112193
11014 -2.59898
11115 -1.9063408
11215 -1.013478
11315 0.17384005
11415 1.1740255
11516 1.970633
11616 2.1572752
11716 2.1305642
11817 2.1189256
11917 1.3790274
12017 0.22547531
12116 -0.948514
12218 -2.071209
12318 -2.8413138
12418 -3.3521533
12518 -3.502708
12619 -3.4966435
12718 -2.760782
12819 -1.4388969
12902 -0.658391
13003 0.15052462
13102 1.0541081
13203 1.7482514
13304 1.9405632
13404 1.8588982
13504 1.4794478
13605 0.836545
13705 0.06293726
13805 -0.7530265
13905 -1.3196144
14006 -1.8998301
14106 -2.2470772
14206 -2.453749
14306 -2.46371
14407 -2.0692253
14523 -0.45527267
14624 0.55267096
14740 1.4238749
14841 1.7795916
14924 1.9082084
15024 1.9051118
15142 1.4809847
15242 0.4742074
15342 -0.58507395
15442 -1.3730285
15560 -2.0994282
15660 -2.67409
15760 -3.010625
15860 -3.0763187
15960 -2.9474375
16061 -2.1238413
16161 -1.2216058
16261 -0.11859989
16361 0.76556396
16462 1.508915
16579 2.0301208
16663 2.1550927
16780 2.1862092
16879 2.0912871
16980 1.5219498
17081 0.35153723
17181 -0.48034716
17280 -1.1947792
17398 -2.054497
17481 -2.722295
17599 -3.1833336
17699 -3.1640525
17799 -2.5033154
17899 -1.1483963
18033 0.42385817
18133 1.3341494
18233 1.8254862
18333 2.1501222
18434 2.1338243
18535 2.004912
18635 1.7317266
18735 0.93447447
18835 -0.0743494
18935 -0.84439373
19036 -1.6607025
19136 -2.228169
19236 -2.4789212
19337 -2.4996338
19437 -2.378237
19537 -1.465837
19637 -0.31877375
19738 0.7200079
19837 1.5509481
19938 2.1569672
20038 2.8852377
20139 3.0773697
20239 3.0500927
20339 2.338862
20439 0.9368863
20540 -0.36571264
20640 -1.4192944
20740 -2.0411787
20841 -2.3452258
20941 -2.419852
21041 -2.3139272
21141 -1.806308
21241 -0.64228916
21342 0.45156193
21425 1.4329438
21526 2.197638
21625 2.4477348
21726 2.5362267
21827 2.3920531
21926 2.2876558
22027 2.1606703
22127 1.0002155
22228 -0.90818167
22328 -2.3459392
22428 -3.0344439
22528 -3.2378838
22628 -3.1384602
22729 -2.494542
22828 -1.6618094
22930 -0.6477051
23029 0.37934637
23130 1.4114761
23231 1.8098626
23330 2.0257187
23431 2.2729654
23531 2.2101145
23631 1.7543321
23731 0.018256664
23832 -1.6287842
23931 -2.6623068
24032 -3.2929578
24133 -3.4034505
24233 -3.272356
24333 -3.1022186
24433 -2.7458763
24533 -1.9186311
24634 -0.5137582
24734 0.8562937
24835 1.8968849
24935 2.1472
25035 2.291047
25135 2.3037276
25236 2.1332426
25336 1.0671225
25436 -0.19817448
25537 -1.5388947
25888 -3.0013604
25970 -2.9063473
26071 -2.813345
26171 -2.8049145
26271 -2.6595411
26372 -2.0313485
26471 -0.57678986
26572 1.1177368
26673 1.9193602
26773 2.1651335
26874 2.2457452
26974 2.2040887
27074 1.9001093
27174 1.08776
27275 -0.3972292
27375 -1.3799567
27475 -2.0660105
27574 -2.6410067
27675 -2.9996023
27776 -3.0811114
27876 -2.9942074
27976 -2.4820054
28077 -1.2557158
28177 -0.055120945
28277 1.0681906
28378 1.9207993
28478 2.1915045
28578 2.5269141
28678 2.5639791
28779 2.4125137
28879 1.8588762
28978 0.9701791
29079 0.09855509
29179 -1.0386398
29280 -1.863931
29380 -2.5689237
29480 -3.02221
29580 -3.107923
29681 -2.9537752
29780 -2.240563
29881 -0.88614273
29981 0.27572536
30082 1.4592614
30182 2.286921
30282 2.8882627
30383 3.0096579
30483 3.0995846
30583 2.9026628
30683 1.9701872
30783 0.43040514
30884 -0.6901593
30984 -1.5769496
31084 -2.2905507
31185 -2.6451602
31285 -2.7793179
31385 -2.7702537
31486 -2.5374532
31586 -1.926055
31686 -0.39728642
31787 0.8325844
31887 1.7985435
31986 2.3989525
32070 2.7013903
32171 2.7489357
32271 2.5735865
32371 1.8403716
32471 0.509264
32572 -0.5579109
32671 -1.6823735
32773 -2.63441
32873 -3.026553
32973 -3.089867
33073 -3.0560021
33174 -2.8848758
33274 -2.1242008
33374 -0.7867384
33474 0.42833233
33575 1.6220932
33675 2.4260535
33774 2.8271055
33876 2.9129996
33976 2.877275
34075 2.735486
34176 1.7353234
34276 0.32086658
34377 -0.87629414
34476 -2.025457
34576 -2.7302508
34678 -3.0395892
34778 -3.0439272
34878 -2.8871663
34978 -2.2775586
35079 -1.0029118
35178 0.40039158
35278 1.6150732
35380 2.3824844
35480 2.672564
35580 2.7433076
35680 2.7623215
35781 2.6278849
35881 1.3403969
35981 -0.22349596
36081 -1.6388333
36182 -2.59631
36282 -2.9129
36382 -2.9192464
36483 -2.6970687
36583 -1.967088
36683 -0.7468672
36783 0.41380262
36883 1.4007044
36983 2.220189
37084 2.5599122
37184 2.6475892
37284 2.6232338
37385 2.4036722
37484 1.5382752
37585 -0.11403036
37685 -1.2428699
37786 -2.1895928
37886 -2.7999296
37986 -2.9242463
38087 -2.6547294
38187 -1.8163633
38287 -0.5842786
38370 0.5738058
38471 1.6564269
38572 2.3397408
38671 2.6602693
38772 2.7456293
38871 2.692234
38973 1.9726868
39073 0.8095331
39173 -0.30671024
39273 -1.3296256
39374 -2.1858993
39474 -2.9221704
39574 -3.2768712
39674 -3.2399106
39775 -2.734963
39875 -1.6535811
39975 -0.3982234
40076 0.7038212
40176 1.6812043
40276 2.3121347
40376 2.6281037
40476 2.6741395
40577 2.6572828
40677 2.411728
40777 1.5533676
40878 0.043999672
40978 -1.1695809
41077 -2.2065787
41178 -2.694646
41278 -2.8080897
41379 -2.6582355
41479 -2.100205
41578 -0.7639451
41679 0.45283556
41780 1.4956884
41880 2.1056328
41980 2.2747154
42080 2.255899
42180 1.9720826
42281 1.2380052
42382 0.33863592
42481 -0.77001476
42582 -1.7135205
42682 -2.5224137
42782 -2.9044185
42883 -2.9740548
42983 -2.83542
43083 -2.459344
43183 -1.6289363
43283 -0.38139343
43384 0.8133931
43484 1.8017912
43585 2.482459
43685 2.7115974
43785 2.7610803
43885 2.756246
43986 2.58423
44086 1.2139554
44186 -0.3764596
44286 -1.694598
44387 -2.5711792
44487 -2.9299066
44570 -2.9825895
44671 -2.9781322
44771 -2.9394214
44872 -2.6628582
44972 -1.4951911
45071 -0.007880688
45172 1.2395582
45273 2.3326159
45373 2.8223128
45473 2.9354758
45574 2.8738623
45673 2.767437
45773 2.262806
45874 0.7371874
45974 -0.5871515
46075 -1.8153796
46174 -2.6657827
46275 -3.085647
46376 -3.3108654
46476 -3.1627822
46576 -2.361483
46676 -1.3667984
46776 -0.09958935
46877 1.0309572
46977 1.9123564
47077 2.4567704
47178 2.5891075
47278 2.551425
47378 2.303141
47479 1.2081308
47578 -0.03700733
47679 -1.298635
47779 -2.2625887
47879 -2.7625556
47980 -3.061126
48080 -3.1014943
48180 -2.962548
48280 -2.3901436
48381 -1.2881503
48481 0.11762953
48581 1.2871952
48682 2.0916967
48782 2.4367423
48881 2.4923224
48982 2.2891006
49083 1.6849799
49183 0.48142672
49283 -0.83830214
49383 -1.8110387
49483 -2.5122225
49584 -2.8987136
49685 -3.0651011
49784 -3.0449643
49885 -2.7586348
49985 -1.8277287
50085 -0.578351
50186 0.47390842
50285 1.424655
50386 2.10679
50486 2.418048
50586 2.3912878
50686 2.0185647
50787 1.0939112
50871 0.35777712
50971 -0.9494791
51071 -2.2040966
51172 -3.205389
51271 -3.5637624
51372 -3.4644938
51472 -3.0134597
51573 -2.3983006
51673 -1.3313084
51772 0.20549488
51873 1.551889
51974 2.700976
52074 2.842618
52174 3.0481405
52275 3.0139608
52375 2.5946684
52475 0.9452567
52575 -0.94114304
52676 -2.0396779
52776 -2.6010313
52876 -2.9806962
52976 -3.0682807
53077 -2.9585283
53177 -2.6224003
53277 -1.8922393
53378 -1.0656815
53478 0.6690078
53578 1.9802046
53678 2.643303
53778 3.1203604
53878 2.9353218
53978 2.343337
54079 1.4605532
54179 -0.011701584
54280 -1.1504097
54380 -2.1709173
54480 -2.6405392
54581 -3.0069702
54680 -3.0930538
54781 -3.0068216
54881 -2.5188463
54982 -1.5931892
55082 -0.8315859
55182 0.05699396
55283 1.2839346
55382 2.21904
55483 2.589881
55583 2.4493637
55683 2.4545927
55784 1.980742
55884 0.74772406
55985 -0.2063055
56085 -1.3434117
56185 -2.394176
56285 -3.1092231
56385 -3.5838838
56485 -3.2433362
56586 -2.4408224
56686 -1.2430565
56786 0.5864644
56887 2.1889343
56986 3.1924171
57070 3.675272
57170 3.651761
57271 3.3110037
57372 2.2774773
57472 0.8336468
57572 -0.90894413
57673 -2.0981698
57773 -2.8968725
57873 -3.7824469
57973 -3.8988717
58073 -3.31784
58174 -2.1104789
58274 -1.2839527
58374 0.5554886
58475 1.9820542
58575 2.870894
58675 3.456995
58776 3.512888
58875 3.5038986
58976 2.3668761
59076 0.63712406
59177 -1.0514522
59276 -2.2226262
59377 -2.8962808
59477 -3.268711
59577 -3.588958
59678 -3.4942796
59778 -3.024387
59877 -2.4967494
59978 -0.8874879
60078 0.8605895
60179 1.956418
60279 2.7305617
60380 3.3296013
60480 3.4183674
60579 2.9794083
60680 1.9208093
60780 0.114929676
60881 -1.5426903
60981 -2.9923415
61081 -4.1238694
61181 -4.967934
61281 -4.7700877
61382 -3.881066
61483 -2.6517081
61583 -1.1575298
61683 0.42007542
61783 1.6776628
61883 2.3089304
61983 2.7985926
62084 2.870112
62184 2.3748717
62284 1.4661627
62385 -0.08133173
62485 -1.4559033
62586 -2.4243445
62686 -2.9406548
62785 -3.399927
62887 -3.6847296
62986 -3.1571841
63087 -2.2529476
63186 -1.2314994
63271 0.14412117
63370 1.6958303
63471 2.3263426
63572 2.7960901
63672 3.0641193
63772 3.073618
63871 2.6079712
63972 0.60021734
64073 -1.3708491
64173 -2.418428
64273 -3.524153
64374 -4.1900716
64474 -4.2258186
64574 -3.8373115
64675 -2.282416
64775 -0.6317649
64875 0.9768896
64974 1.975605
65076 2.28266
65175 2.5520325
65276 2.4749007
65376 1.6074805
65477 0.2791853
65577 -1.01846
65677 -1.9193676
65777 -2.6953557
65878 -3.3480785
65978 -3.5340123
66078 -3.0517077
66178 -1.9906824
66278 -0.5943918
66379 0.7971659
66479 1.9999418
66580 2.5179682
66680 2.6685095
66780 2.647715
66880 2.3962278
66981 1.1573048
67080 -0.24684286
67181 -1.5266235
67281 -2.0963504
67382 -2.7276607
67482 -3.0825229
67582 -3.1380506
67682 -2.674308
67782 -1.7222984
67882 -0.7829809
67983 0.3785467
68083 1.5008669
68183 2.0001364
68283 2.3374848
68384 2.3446145
68485 2.0700965
68585 0.68618965
68685 -0.68235874
68785 -1.5601876
68886 -2.081451
68985 -2.4956808
69085 -2.6566496
69186 -2.5971437
69287 -1.8384256
69386 -1.0772507
69470 -0.07667446
69570 1.090806
69671 1.8107138
69771 2.40774
69872 2.4781404
69971 2.489039
70071 1.9494452
70173 0.4145155
70272 -0.98649883
70373 -2.0885403
70472 -3.0246997
70574 -3.4463432
70674 -3.6141238
70774 -3.5977426
70873 -2.3895662
70975 -1.3465767
71075 -0.05140972
71175 1.3748198
71274 2.1807952
71376 2.7177153
71476 3.010622
71576 2.8479233
71676 2.1845808
71777 0.7679453
71877 -0.7891116
71977 -2.334947
72077 -4.048185
72178 -5.0
72278 -5.0
72378 -5.0
72479 -4.9653664
72579 -2.7433867
72679 -1.0295806
72778 0.10653257
72880 1.3995795
72980 1.9900751
73080 2.2033896
73181 2.2511816
73281 2.2558594
73381 1.980587
73481 0.49203968
73581 -0.81279755
73682 -1.945493
73782 -2.567801
73881 -2.8394096
73982 -2.8747327
74083 -2.5982118
74183 -1.0516415
74283 0.3420534
74383 1.565722
74483 2.2593703
74584 2.599543
74684 2.7351127
74784 2.6919022
74885 2.3586397
74985 0.7533369
