61 -1.3066344
162 -1.718898
261 -1.8109984
362 -1.6505573
462 -0.74073887
562 0.35197735
662 1.3266702
762 1.806634
863 1.9131975
963 1.7287798
1063 1.0395727
1164 -0.10786915
1263 -0.94976616
1364 -1.5014462
1464 -2.099387
1563 -2.2738385
1664 -2.2204967
1764 -1.8819396
1864 -0.77283716
1964 0.22910738
2065 1.1419916
2165 1.5750833
2265 1.756247
2365 1.7798386
2465 1.5856833
2565 0.701561
2665 -0.15570545
2766 -0.74451303
2866 -1.2515876
2967 -1.6570802
3067 -1.7456574
3167 -1.6577849
3266 -1.1650841
3366 -0.11381054
3466 0.96317625
3567 1.6267157
4000 1.2585034
4101 0.51909924
4201 -0.18244743
4302 -1.0924537
4402 -1.7823825
4502 -2.003718
4603 -2.0274234
4702 -1.8805842
4802 -1.088541
4903 0.20032978
5003 1.2345419
5103 2.028277
5203 2.3965087
5303 2.412139
5403 2.026979
5504 1.3603601
5604 0.3063159
5920 -1.8105779
6021 -1.9324164
6122 -1.8507259
6222 -1.4962585
6322 -0.7771144
6422 0.07013655
6522 1.1479411
6622 1.9326887
6723 2.3480124
6823 2.3788376
6923 2.000965
7023 1.1427913
7123 -0.27382088
7223 -1.181591
7323 -1.665762
7424 -1.8565488
7524 -1.8704643
7624 -1.7606835
7724 -1.3412919
7824 -0.14435863
7924 1.0112233
8025 1.8526993
8125 2.1888795
8225 2.223999
8325 1.8525848
8426 1.1087885
8525 0.18306541
8625 -0.6078472
8725 -1.2069023
8825 -1.6025271
8926 -1.7978623
9027 -1.8161578
9126 -1.6803703
9223 -1.088733
9326 0.12930775
9427 1.1673312
9528 1.8133087
9627 2.1639452
9727 2.1479888
9828 1.5854807
9927 0.63384724
10028 -0.2711711
10128 -1.2091117
10229 -1.9348245
10328 -2.3029952
10428 -2.4407752
10528 -2.3355918
10629 -2.035969
10729 -1.1114826
10829 -0.13953829
10930 0.82265425
11030 1.5048943
11129 1.8602781
11464 0.49007082
11564 -0.22411156
11664 -1.1351438
11764 -1.8693125
11864 -2.2188346
11965 -2.2726417
12064 -2.129167
12165 -1.8210142
12265 -0.8805976
12365 0.3438735
12465 1.2613649
12565 1.709115
12666 1.7538276
12766 1.2494936
12866 0.5621958
12966 -0.5149069
13067 -1.435039
13167 -2.0375524
13266 -2.383148
13349 -2.4840515
13449 -2.5007567
13549 -2.3918474
13649 -1.7110798
13749 -0.6452007
13849 0.41219997
13951 1.1073251
14051 1.4425993
14152 1.3596196
14252 0.86989117
14352 0.04704237
14452 -0.7927313
14552 -1.48508
14653 -1.8936222
14753 -2.0788455
14853 -2.0856078
14953 -1.8665488
15053 -1.4030538
15153 -0.42935467
15253 0.39609814
15354 0.9965482
15454 1.2548065
15554 1.2912297
15654 1.1645393
15755 0.62179756
15854 -0.4208908
15954 -1.3168292
16055 -1.9788611
16155 -2.360076
16255 -2.4868715
16355 -2.4724822
16455 -2.212342
16555 -1.0606048
16655 0.25238466
16756 1.2601824
16856 1.9848518
16956 2.327207
17056 2.2192612
17156 1.744317
17256 0.65249777
17357 -0.85848236
17674 -2.4929507
17774 -2.3933823
17874 -1.9944408
17974 -0.689868
18075 0.7331052
18175 1.7663031
18275 2.3447113
18375 2.4478712
18475 2.2554755
18576 1.7054853
18675 0.45387173
18776 -1.1628017
18876 -2.0179164
18976 -2.4090428
19076 -2.6187701
19176 -2.6434827
19277 -2.5772226
19376 -2.274038
19477 -1.2387924
19578 0.36705112
19677 1.6855278
19777 2.4557257
19877 2.841134
19978 2.966095
20079 2.7152314
20179 1.9139566
20279 0.34336805
20378 -0.87852
20479 -1.8703625
20579 -2.6072698
20679 -2.8724747
20779 -2.8512788
20880 -2.58472
20980 -2.0377095
21079 -1.2634106
21180 0.002711773
21280 1.3535299
21381 2.3660517
21481 3.0356064
21581 3.1411476
21681 3.1782513
21780 3.1882038
21882 3.0514584
21982 1.9758391
22081 0.46689987
22181 -0.55406475
22282 -1.2802193
22382 -1.9712982
22482 -2.3934665
22583 -2.4923244
22682 -2.3359263
22783 -1.8693409
22883 -0.7645683
22983 0.77743244
23083 1.6556778
23184 2.446228
23283 2.925292
23384 3.274931
23484 3.3723488
23584 3.3401089
23684 3.1412716
23784 2.3388138
23885 0.90541077
23985 -0.20825624
24085 -1.2714565
24185 -1.8916225
24285 -2.2360477
24386 -2.2936387
24485 -2.2883782
24586 -2.1719832
24686 -1.6138592
24786 -0.028510094
24886 1.0843968
24987 1.8880715
25086 2.3424711
25187 2.3886442
25269 2.2863784
25369 1.8553705
25469 0.6534643
25569 -0.6175642
25905 -2.2136035
26005 -2.323995
26104 -2.2990391
26204 -2.0101056
26305 -1.0930772
26405 0.22786474
26506 1.4568672
26605 2.1596322
26706 2.5377884
26806 2.599702
26907 2.510581
27007 2.1341796
27106 1.2496386
27207 0.073272705
27307 -0.8310728
27658 -2.60174
27757 -2.613302
27858 -2.4247282
27958 -1.9023445
28058 -0.5508151
28475 3.0221863
28574 3.4821062
28674 3.7116604
28774 3.7422848
28876 3.6702948
28976 2.5058455
29077 0.63041687
29177 -0.98328114
29277 -1.8597338
29377 -2.1133256
29477 -2.101994
29578 -1.8706298
29678 -1.3468151
29778 -0.45175648
29878 0.77416945
29978 1.8830366
30078 2.7163286
30178 3.184455
30278 3.3682985
30379 3.5084152
30479 3.4706478
30579 3.2147655
30679 2.413817
30779 1.1361322
30880 -0.17654371
30980 -1.599482
31080 -2.357316
31180 -2.5084593
31280 -2.3967106
31381 -1.8912437
31480 -0.12390375
31580 1.5986786
31681 2.8498
31781 3.189661
31881 3.135394
31981 2.875987
32081 2.3466072
32181 1.8329344
32281 0.7139268
32381 -0.6751995
32482 -1.6232383
32582 -2.3666725
32682 -2.8072674
32782 -3.0834322
33100 -2.898583
33200 -2.0509121
33300 -0.5429926
33400 0.967185
33501 2.0912538
33601 2.8149977
33700 3.2615776
33800 3.4064522
33901 3.234086
34001 2.9265366
34101 2.3638854
34202 1.3549972
34302 0.03279257
34402 -1.186111
34503 -2.2002354
34603 -2.662361
34703 -2.742172
34803 -2.4617581
34902 -1.9764957
35003 -1.0722661
35103 0.17350483
35204 1.7137322
35303 2.669465
35404 3.264058
35721 2.1838312
35821 1.2133894
35922 -0.23868465
36021 -1.4863286
36122 -2.30415
36222 -2.74489
36322 -2.8416696
36421 -2.6525311
36522 -2.0763843
36623 -1.0532753
36723 0.10658884
36823 1.3571262
36923 2.2976127
37023 3.0529556
37123 3.4756289
37224 3.6091719
37323 3.2945013
37424 2.235299
37524 1.0296855
37624 -0.35750198
37725 -1.6586215
37825 -2.4525638
37925 -2.8257675
38024 -2.853604
38125 -2.4608903
38225 -1.6558411
38326 -0.42302656
38643 2.777125
38742 3.1854038
38843 3.1950235
38943 3.029295
39044 2.255323
39143 1.2489552
39243 0.069889545
39343 -0.96097517
39444 -1.8718135
39845 -2.1431663
39944 -1.2053463
40045 -0.08398199
40145 1.321249
40245 2.41817
40346 3.039134
40445 3.0739174
40962 -2.2785373
41063 -2.8329186
41163 -3.0518498
41263 -3.0567183
41363 -2.9232483
41464 -2.641725
41564 -1.7797217
41664 -0.46402168
41764 0.85314274
41864 1.9855909
41964 2.3619285
42064 2.2962532
42165 1.6972337
42265 0.6410408
42365 -0.72152615
42466 -1.7638059
42565 -2.322296
42666 -2.5005717
42765 -2.5239828
42866 -2.41616
42966 -1.7879319
43066 -0.3316059
43166 1.2528925
43267 2.6671934
43366 3.3518677
43467 3.6571875
43567 3.4973402
43667 2.9794936
43768 2.2064924
43868 1.3728609
43967 0.3079667
44285 -2.6659875
44385 -2.8873537
44486 -2.94176
44586 -2.9073749
44686 -2.7802782
45070 1.8344202
45170 2.719325
45270 3.3544827
45370 3.5725555
45470 3.4044247
45570 2.8976912
45671 2.149901
45771 1.1726093
45871 0.13198614
45972 -0.87838936
46071 -1.3874271
46171 -1.5680122
46271 -1.5686519
46372 -1.1398735
46472 -0.3268633
46572 0.32223034
46672 0.73501253
46772 1.0959358
46872 1.27384
46972 1.2864609
47074 0.8798418
47174 0.3007636
47274 -0.3431859
47374 -0.59605265
47473 -0.5508456
47574 -0.20736122
47674 0.37891483
47774 0.8775687
47875 1.2537966
47975 1.5625024
48075 1.7688456
48174 1.8000917
48275 1.61167
48376 0.6345463
48475 -0.33069515
48576 -1.1200631
48676 -1.4936626
48776 -1.5787868
48876 -1.2700233
48977 -0.6417594
49077 -0.018461227
49176 0.52613354
49276 1.0002718
49377 1.4193268
49477 1.611125
49578 1.345871
49678 0.40289974
49778 -0.32727432
49878 -0.61697483
49977 -0.7137008
50079 -0.734849
50179 -0.67127085
50279 -0.042354107
50378 0.88815165
50479 1.671267
50579 2.211409
50679 2.440589
50780 2.4630647
50880 2.3731704
50980 1.5789161
51080 0.3458619
51180 -0.78526974
51281 -1.6391034
51381 -1.9597652
51480 -1.9562552
51581 -1.5178738
51680 -0.77113247
51781 0.09319401
51881 0.9111433
51982 1.643271
52081 2.1059542
52182 2.3642182
52264 2.3797774
52364 2.1210084
52464 1.3214769
52565 0.25392962
52664 -0.94126415
52764 -1.8465123
52866 -2.3218806
52966 -2.2213936
53067 -1.4311492
53167 -0.5488019
53267 0.21858835
53367 0.95704937
53467 1.806428
53567 2.3728027
53668 2.4900866
53768 1.9528542
53868 0.99862576
53968 -0.17650509
54068 -1.101836
54168 -1.8673542
54268 -2.1798463
54369 -2.062372
54469 -1.3725677
54569 -0.527936
54669 0.30704927
54769 1.0356097
54869 1.8158431
54970 2.2824187
55070 2.3342323
55170 1.7090731
55270 0.6523981
55370 -0.47393227
55471 -1.5475764
55571 -2.344747
55671 -2.7438998
55771 -2.7103744
55871 -2.1152406
55971 -1.2891946
56071 -0.54707146
56171 0.2118988
56271 0.9920416
56372 1.800097
56472 2.2260566
56572 2.19518
56672 1.3476434
56772 0.28911066
56872 -0.682703
56972 -1.3937657
57073 -1.6538205
57174 -1.328017
57273 -0.4560771
57374 0.45170307
57474 1.5378952
57573 2.2827387
57674 2.6416755
57774 2.5201783
57875 1.6707115
57975 0.58718157
58309 -1.5337036
58408 -1.6222293
58508 -1.4739056
58609 -0.8052139
58709 -0.050005913
58810 0.6690817
58909 1.0868645
59009 1.1943636
59109 1.1406398
59210 0.8601675
59310 0.31389332
59410 -0.36264515
59510 -1.1601062
59610 -1.6838527
59711 -1.9490247
59812 -1.9094863
59912 -1.4606032
60012 -0.61342716
60112 0.19019413
60212 1.0505037
60311 1.6262579
60412 1.8882155
60512 1.669519
60612 0.7304716
60713 -0.43701267
60813 -1.4554214
60913 -1.8264155
61014 -1.7999954
61114 -1.3093305
61214 -0.55062914
61314 0.3724308
61414 1.1792679
61513 1.8045015
61614 2.2011757
61714 2.2670403
61815 1.6237383
61915 0.6791425
62014 -0.3071394
62115 -1.0583282
62215 -1.4985242
62315 -1.6118069
62416 -1.5567646
62516 -1.1385517
62616 -0.025879383
62715 1.003808
62816 1.866868
62917 2.1761613
63017 1.904151
63117 0.8033762
63217 -0.16839647
63317 -0.9589138
63417 -1.2935128
63517 -1.4762471
63617 -1.4597325
63717 -1.0235143
63818 -0.33367634
63918 0.3317623
64018 0.9730425
64119 1.4052825
64219 1.5340729
64319 1.4287629
64419 0.66722107
64519 -0.13429117
64620 -0.9902849
64719 -1.542712
64819 -1.8128781
64920 -1.7794666
65002 -1.4267147
65102 -0.5559616
65202 0.15467882
65302 0.7515402
65402 1.1531839
65502 1.3214979
65604 1.1976886
65705 0.34113407
65805 -0.88151884
65905 -1.5233388
66005 -1.7586524
66105 -1.7790952
66205 -1.5373256
66306 -0.8661456
66405 -0.15706158
66506 0.5193758
66606 1.1951265
66706 1.6236739
66805 1.6567626
66906 0.98706245
67007 0.07335234
67107 -0.8679342
67207 -1.4502463
67307 -1.4908047
67407 -0.99236727
67507 -0.31948185
67607 0.3708439
67707 1.082098
67808 1.6271744
67908 1.7944131
68008 1.5401525
68108 0.9876108
68208 0.15565777
68308 -0.87178326
68408 -1.7148407
68509 -1.8979402
68609 -1.6041818
68709 -0.6537647
68809 0.39313078
68909 1.3640451
69009 1.9516778
69109 2.199926
69210 2.094977
69311 1.3775654
69410 0.7459154
69510 -0.018528938
69610 -0.7021365
69712 -1.1070907
69811 -1.121455
69911 -0.6947341
70012 0.20992279
70112 1.0070729
70212 1.7349691
70312 2.207119
70412 2.339569
70512 2.1653633
70613 1.7045937
70713 0.8740425
70813 0.04291773
70913 -0.8256006
71013 -1.2772357
71114 -1.2566962
71214 -0.6628413
71314 0.32819986
71413 1.2296057
71514 1.9979424
71614 2.4430785
71714 2.480363
71814 1.8372626
71915 0.9775424
72014 0.0910902
72115 -0.6002717
72216 -1.067339
72315 -1.1728511
72416 -0.89228296
72515 -0.1958518
72616 0.6911955
72716 1.4787369
72816 2.048181
72917 2.4344406
73016 2.431778
73117 1.8268218
73217 1.1168065
73316 0.47505856
73417 -0.23642921
73517 -1.1468964
73618 -1.5405641
73718 -1.4638743
73818 -0.76780987
73918 0.0387125
74019 0.83860207
74118 1.4357996
74219 1.9500694
74319 1.9906869
74419 1.59727
74519 0.89240074
74620 0.15431881
74719 -0.5556421
74820 -0.9388046
74902 -1.1369777
