7 -1.5769925
107 -0.39831638
208 0.7728119
307 1.7579169
407 2.7097268
508 3.368864
607 3.5741024
708 3.6006756
808 3.5055885
907 3.3289976
1008 2.521933
1109 1.0967383
1208 0.036272526
1309 -1.1873813
1408 -2.1651607
1509 -2.9896243
1608 -3.6189384
1710 -4.206054
1810 -4.3584204
1910 -4.185409
2009 -3.3874383
2110 -2.1364884
2210 -0.9562893
2310 0.0661788
2410 1.119173
2510 2.1403437
2611 3.3109255
2711 4.011651
2811 4.229394
2911 4.246065
3011 3.880064
3113 2.881414
3212 1.6868806
3312 0.4714942
3413 -0.6521282
3513 -1.6301334
3612 -2.603743
3712 -3.4342458
3812 -3.991985
3912 -4.119343
4013 -4.077201
4113 -3.547137
4213 -2.4351966
4313 -1.5088716
4414 -0.66637754
4514 0.47270107
4614 1.5158601
4713 2.5478516
4814 3.2676287
4917 3.7154903
5014 4.080368
5115 4.164877
5215 3.9211912
5317 3.3576431
5415 2.1082726
5516 0.82585764
5615 -0.26476288
5716 -1.2017169
5816 -2.2268403
5916 -3.0116918
6017 -3.7408113
6117 -4.0645514
6217 -4.1936107
6316 -4.0325675
6418 -3.0883937
6516 -1.8918142
6617 -0.97787476
6717 0.24120808
6818 1.4063673
6917 2.5371141
7018 3.226427
7118 3.7657318
7219 3.9560556
7318 4.0398636
7418 3.7545853
7518 2.6343741
7619 1.1390142
7719 -0.1636343
7819 -1.489821
7920 -2.4768329
8021 -3.3037
8119 -3.815578
8221 -4.2020683
8320 -4.2716446
8421 -4.133314
8521 -3.5233195
8621 -2.5615778
8704 -1.5556629
8821 -0.4692154
8921 0.7577729
9005 1.5290732
9105 2.4246879
9205 3.0409641
9306 3.300314
9406 3.2088356
9506 2.7295022
9605 2.020536
9706 0.9978986
9805 -0.106101036
9906 -1.1241727
10007 -2.1677945
10106 -3.0718646
10207 -3.724372
10306 -4.0771127
10407 -4.2244573
10506 -4.0289216
10608 -3.482026
10708 -2.501935
10807 -1.6749859
10908 -0.7838783
11008 0.33404255
11108 1.471694
11208 2.387145
11308 3.0936909
11409 3.4321327
11509 3.5140972
11609 3.4464626
11709 3.0125542
11809 1.7178297
11910 0.7169471
12010 -0.44385052
12109 -1.2768002
12211 -2.1455595
12311 -3.1754563
12410 -3.6702278
12510 -3.9905565
12611 -4.0977097
12711 -3.8012362
12810 -2.8781512
12910 -1.8488116
13011 -1.1193242
13111 -0.018654823
13212 1.0733447
13312 1.9436774
13412 2.6697745
13512 3.3005648
13612 3.7824545
13712 3.9368153
13812 3.8006907
13912 3.3580494
14012 2.1910996
14113 1.139915
14214 0.13746452
14314 -1.0068383
14413 -2.0088038
14513 -2.8369696
14614 -3.5081682
14714 -3.7504091
14814 -3.8355713
14915 -3.4654973
15014 -2.877708
15115 -1.8868268
15214 -1.2486272
15314 -0.2949586
15415 0.5768609
15515 1.6152296
15615 2.4242334
15715 2.8290496
15815 2.953311
15916 2.8553314
16018 2.1646729
16116 1.081511
16217 0.14421129
16317 -0.096102715
16417 0.07122755
16517 0.695436
16617 1.1091352
16717 1.0462484
16817 0.12990475
16917 -0.95044374
17018 -1.5984244
17118 -2.1178012
17218 -2.3131475
17319 -2.2083595
17418 -1.0147107
17518 0.42978382
17618 1.5697303
17719 2.2026153
17821 2.5821977
17919 2.6132493
18019 2.3118577
18119 1.3877044
18220 0.29781103
18320 -0.8162446
18420 -1.6082921
18520 -2.2404237
18620 -2.7855735
18721 -3.2686536
18821 -3.3642945
18923 -3.0840414
19020 -2.2170813
19121 -1.2451439
19222 -0.16816807
19321 0.9230814
19422 1.9987922
19522 2.7303648
19621 2.98976
19722 2.9826822
19822 2.4964805
19906 1.6244135
20007 0.4627385
20107 -0.71973515
20207 -1.6143212
20307 -2.5493102
20406 -3.2191355
20506 -3.5124774
20623 -3.4541998
20710 -3.1240182
20824 -2.268923
20908 -1.4515469
21007 -0.6148515
21109 0.4426298
21208 1.4285135
21308 2.2378263
21408 2.9357948
21508 3.2621336
21609 3.3101711
21709 3.2305822
21808 2.7541838
21909 1.5555663
22009 0.1460433
22111 -1.0323517
22210 -1.8479428
22310 -2.4642198
22410 -2.9486706
22510 -3.365961
22611 -3.5485616
22711 -3.4420052
22811 -2.6934435
22912 -1.3564391
23011 -0.26856136
23112 0.86067533
23211 1.6370544
23312 2.260713
23412 2.5289764
23512 2.6942153
23612 2.6743555
23712 2.2872024
23812 1.2665453
23912 -0.016589165
24013 -1.1838136
24113 -1.9935098
24214 -2.8928308
24313 -3.8030841
24414 -4.1958566
24513 -4.3762074
24614 -4.22231
24715 -3.208967
24814 -2.111916
24914 -0.8312912
25013 0.052502155
25115 1.2734647
25214 2.1438036
25314 2.8696318
25415 3.102522
25515 3.0675917
25615 2.648336
25716 1.7639303
25817 0.491652
25915 -0.7053671
26017 -1.608567
26116 -2.4629402
26217 -3.0218763
26317 -3.6738591
26417 -3.9945261
26516 -4.1236224
26617 -3.8200145
26716 -2.6928034
26817 -1.2961216
26918 -0.0140423775
27017 1.1220455
27119 2.1051688
27218 2.6423125
27319 2.792099
27418 2.69937
27518 2.0016465
27618 0.42985296
27719 -0.9955821
28036 -3.4509418
28136 -3.7112715
28237 -3.9326165
28337 -3.9393637
28438 -3.6522498
28537 -2.6252816
28638 -1.4300759
28736 -0.18300152
28838 0.78649616
28938 1.6509619
29038 2.1300135
29138 2.4692497
29237 2.4862356
29340 2.2778406
29437 1.7042389
29538 0.44915867
29639 -0.6285372
29738 -1.4161363
29841 -2.273339
29939 -3.0321507
30041 -3.6993756
30139 -3.884775
30241 -3.8291464
30340 -3.2555299
30440 -1.9846258
30540 -0.7104039
30641 0.36122322
30741 1.437017
30841 2.189107
30941 2.5377808
31041 2.7314668
31142 2.690567
31242 2.3502312
31342 1.2949514
31441 -0.46143723
31542 -1.4465213
31641 -2.3277426
31742 -3.0036995
31843 -3.4652946
31943 -3.8612418
32044 -3.829557
32143 -3.4054062
32243 -2.3865213
32343 -1.3581707
32443 -0.1713953
32544 0.95342445
32643 1.7510271
32743 2.3384566
32844 2.793036
32946 3.1256762
33044 3.2086906
33362 0.35624838
33461 -0.78257704
33562 -1.6410725
33662 -2.2790754
33762 -2.8086696
33864 -3.1822162
33963 -3.3026452
34063 -3.344804
34163 -3.1760406
34264 -1.8153615
34364 -0.5148721
34463 0.69642735
34563 1.6928301
34665 2.2036886
34763 2.4788384
34864 2.6421576
34965 2.757492
35065 2.694365
35165 2.1434965
35264 1.200448
35365 -0.07988548
35464 -1.0385354
35565 -1.7500389
35665 -2.671204
35766 -3.436768
35865 -3.8097074
35966 -3.8989148
36065 -3.7283013
36166 -3.2330453
36268 -2.414824
36366 -1.5089481
36467 -0.52656317
36566 0.61216116
36667 1.5488701
36767 2.2037606
36867 2.536612
36967 2.7163582
37067 2.7225585
37168 2.4957914
37267 1.3751078
37368 0.04544878
37468 -0.98075247
37569 -1.7214856
37668 -2.4856052
37769 -3.0154877
37869 -3.4887674
37969 -3.6441407
38069 -3.6146755
38169 -3.2653143
38271 -2.157627
38370 -1.1210523
38470 0.034508705
38570 1.0391641
38670 1.7972975
38770 2.5962386
38870 3.0486107
38971 3.1930199
39071 3.1588268
39173 2.7837915
39271 1.8174372
39371 0.6124296
39471 -0.53581905
39572 -1.3242233
39671 -2.099352
39772 -2.8614142
39872 -3.4626653
39972 -3.759638
40073 -3.8365164
40172 -3.5879502
40273 -2.6946564
40373 -1.7211692
40473 -0.8148036
40573 0.22018957
40674 1.1881037
40773 1.9199357
40874 2.463807
40974 2.8697228
41074 2.9687262
41174 2.948256
41275 2.5523758
41376 1.3611965
41474 0.024357796
41575 -1.0979607
41675 -2.0861459
41776 -2.9332669
41875 -3.6889236
41975 -3.9620376
42077 -4.008441
42160 -3.675217
42477 -0.73912334
42576 0.042103767
42677 0.7201543
42777 1.290319
42878 1.7861624
42977 2.2812529
43077 2.5522966
43178 2.6973867
43278 2.677968
43378 2.2024546
43479 0.9350152
43578 -0.08949375
43679 -1.1220818
43779 -1.9227822
43878 -2.8943195
43979 -3.6201246
44081 -4.1209025
44179 -4.260538
44279 -3.849465
44380 -3.0132947
44480 -2.044578
44580 -1.318171
44680 -0.4183159
44780 0.5748143
44880 1.3002439
44981 1.8479867
45081 2.1585336
45182 2.405313
45281 2.4730234
45382 2.3485298
45482 1.3012915
45582 -0.022504807
45682 -1.182312
45782 -1.9470835
45882 -2.716054
45982 -3.1505284
46083 -3.5603201
46182 -3.8471677
46283 -3.895176
46384 -3.675774
46484 -2.921307
46583 -1.7486947
46684 -0.75621605
46783 0.54581165
46884 1.7090592
46984 2.643117
47084 3.3259935
47183 3.5507355
47284 3.5871763
47385 3.521305
47485 2.5836802
47585 1.0846086
47685 -0.39926195
47785 -1.5064645
47886 -2.3799458
47985 -3.2373817
48086 -3.5710878
48186 -3.597868
48287 -3.421329
48387 -2.9880269
48487 -2.2513528
48586 -1.0707595
48686 -0.021784782
48787 1.0326881
48887 1.7966642
48987 2.4263854
49087 2.6032763
49187 2.5299597
49287 2.135377
49388 1.2254462
49488 0.10233259
49589 -1.0760281
49688 -2.1748526
49789 -2.8308692
49888 -3.3567233
49989 -3.5164065
50089 -3.4155407
50189 -2.7626305
50291 -1.6941705
50389 -0.78457165
50490 0.14699936
50590 1.153091
50690 1.8373466
50790 2.3325396
50890 2.6282983
50975 2.9162498
51074 3.0578785
51175 2.9531927
51275 2.5000138
51375 1.4027586
51474 0.43310928
51575 -0.7295346
51674 -1.626615
51791 -2.6679666
51878 -3.2124076
51992 -3.5359657
52076 -3.5871758
52176 -3.55426
52277 -3.1220605
52377 -2.1197488
52477 -1.3065486
52577 -0.04835701
52677 1.2566748
52777 2.4009361
52877 3.3313684
52980 3.828784
53078 4.074647
53178 4.037978
53277 3.7453566
53378 2.9282966
53479 1.5183206
53579 0.38644028
53678 -0.88880014
53778 -2.1452057
53880 -3.223215
53979 -3.6993906
54079 -4.182455
54179 -4.3858266
54280 -4.308521
54380 -3.8381987
54479 -2.8901334
54580 -1.7505283
54680 -0.78541136
54780 0.50326586
54880 1.5253768
54981 2.354844
55081 2.924193
55181 3.2127666
55281 3.2149315
55381 2.8702874
55481 1.9868727
55582 0.88835716
55681 -0.3394003
55782 -1.3765285
55883 -2.4263413
55981 -3.2844288
56083 -4.1708136
56182 -4.2969074
56283 -4.501231
56383 -4.4725695
56483 -4.0811415
56583 -2.7115743
56684 -1.3241246
56783 -0.045230865
56884 1.0800023
56985 2.1572752
57084 2.894853
57184 3.582672
57284 4.024084
57384 4.149542
57485 3.8817196
57584 3.323145
57684 2.138968
57785 0.9096327
57885 -0.3074379
57986 -1.4302955
58086 -2.494082
58186 -3.4834409
58287 -4.4090133
58385 -4.5724955
58487 -4.41138
58586 -4.1236005
58686 -3.306942
58787 -2.5350032
58887 -1.6154861
58986 -0.47571087
59087 0.6898904
59188 1.8981996
59288 2.8340654
59388 3.4559927
59487 3.7863579
59588 3.8961
59687 3.7661161
59789 3.3667889
59891 2.3035498
59989 1.0225964
60090 -0.12539244
60189 -1.127706
60289 -1.9893131
60389 -2.9610026
60490 -3.597601
60590 -4.0116115
60690 -4.0702105
60790 -4.0027537
60890 -3.485721
60992 -2.223744
61091 -1.1065056
61191 -0.08201122
61291 0.98915625
61392 2.1029978
61491 3.1427202
61591 3.808134
61691 4.1804323
61791 4.143545
61876 3.70751
61976 3.2462463
62077 2.3490348
62175 1.3123279
62276 0.044272423
62376 -1.018008
62476 -1.9415145
62577 -2.7747028
62677 -3.536732
62777 -4.184782
62877 -4.4185014
62979 -4.4159374
63077 -4.0900702
63178 -3.3133748
63277 -2.282336
63378 -1.3652058
63478 -0.46592522
63578 0.40484858
63678 1.4624419
63779 2.3204126
63880 3.1592484
63978 3.4397984
64079 3.5731792
64179 3.4753475
64280 3.0640879
64380 2.4392576
64480 1.4209876
64579 0.059212685
64680 -1.0026474
64782 -1.9213772
64880 -2.5748048
64981 -3.2061505
65080 -3.6439464
65181 -3.8850408
65281 -3.7064846
65381 -3.1632545
65481 -2.4274232
65582 -1.6182251
65681 -0.5876913
65781 0.52546597
65884 1.6581011
65982 2.5595732
66082 3.2632961
66182 3.4237957
66283 3.2834454
66382 2.8376493
66483 1.9269514
66583 0.89591503
66683 -0.14605951
66783 -1.159167
66883 -2.0512767
66984 -2.853704
67083 -3.4604337
67185 -3.867755
67284 -3.9949477
67384 -3.9211724
67484 -3.4721544
67584 -2.6648626
67686 -1.6847394
67785 -0.91149426
67886 0.2066822
67986 1.0533228
68086 1.9042916
68186 2.5484366
68287 2.9331985
68386 3.0999527
68486 3.0896854
68586 2.788087
68686 2.2188005
68786 0.9769025
68886 0.12138462
68988 -0.7510929
69087 -1.5256276
69187 -2.1390836
69287 -2.726009
69388 -3.1027021
69487 -3.2837996
69588 -3.3080816
69688 -3.0761142
69788 -2.2814834
69888 -1.3828895
69988 -0.5588112
70089 0.4584651
70189 1.3982701
70289 2.2052774
70389 3.0322065
70490 3.523117
70589 3.769537
70690 3.8965044
70790 3.5994892
70891 2.9665399
70991 2.2450485
71091 0.8604975
71191 0.06856394
71290 -0.9139862
71391 -1.5908751
71491 -2.4447684
71592 -3.1599102
71691 -3.6396317
71792 -3.7655895
71891 -3.5779355
71991 -3.058382
72093 -2.1995142
72192 -1.274596
72292 -0.3258772
72392 0.7269702
72493 1.7116127
72576 2.4205666
72693 3.4001188
72777 3.686473
72877 3.8422756
72977 3.848176
73077 3.6911077
73177 2.9501953
73277 1.4135537
73377 0.1757927
73477 -0.8727474
73577 -1.8140178
73680 -2.842883
73794 -3.553936
73879 -3.8200126
73978 -3.9133804
74079 -3.8647428
74179 -3.434817
74280 -2.5970743
74379 -1.4772439
74480 -0.56429005
74580 0.70527697
74679 1.9133692
74781 2.8798685
74880 3.437786
74980 4.021635
