7 -3.7375746
107 -3.2340426
207 -2.3656337
307 -1.4795284
408 -0.7147207
508 0.1796999
608 1.1346445
708 2.0952287
808 2.8078017
908 3.2494936
1008 3.5022945
1108 3.5561771
1209 3.5375137
1308 3.405755
1410 3.097742
1510 2.5803175
1610 1.7200518
1709 0.8912902
1810 0.10094738
1910 -0.6787963
2010 -1.347672
2111 -1.9842472
2210 -2.5154233
2311 -3.1349418
2411 -3.5482736
2511 -3.6957083
2611 -3.726603
2711 -3.6900957
2812 -3.4427545
2911 -2.8683622
3012 -2.0027244
3112 -1.1303585
3213 -0.24280739
3312 0.49348545
3412 1.1616755
3513 1.6043558
3613 2.1325593
3713 2.5236764
3813 2.7962837
3914 3.0041924
4014 3.080719
4114 3.073555
4214 2.9041848
4314 2.301468
4415 1.5602279
4515 0.7805052
4615 0.023883343
4715 -0.76903296
4814 -1.4853864
4915 -2.1350393
5016 -2.9007301
5115 -3.4734454
5216 -3.8251905
5315 -3.9742558
5415 -3.9993794
5516 -3.988177
5616 -3.7827616
5717 -3.175616
5816 -2.2365403
5917 -1.330574
6017 -0.63346577
6118 0.26674986
6217 1.0240912
6318 1.7313309
6417 2.2628388
6500 2.7110467
6600 3.1477919
6700 3.5023785
6800 3.6321306
6900 3.6521149
7000 3.561327
7102 3.1813793
7203 2.4780068
7303 1.7433214
7403 0.93027115
7503 0.18570423
7603 -0.6623249
7703 -1.398499
7804 -2.0957217
7904 -2.6981013
8004 -3.1863215
8104 -3.466681
8204 -3.512281
8304 -3.4896758
8405 -3.3325398
8505 -2.9160223
8605 -2.308226
8705 -1.3342171
8805 -0.39791584
8905 0.36235142
9005 1.1249328
9105 1.7645845
9206 2.4372392
9306 2.8767166
9406 3.2197037
9506 3.3736858
9606 3.435276
9706 3.4492645
9806 3.4246674
9906 3.071353
10007 2.3828325
10107 1.4744616
10207 0.6775446
10307 -0.01891756
10407 -0.7145982
10507 -1.3478122
10607 -1.8199315
10708 -2.2953854
10808 -2.7466278
10909 -3.0727854
11008 -3.2582192
11109 -3.3291297
11209 -3.3457663
11309 -3.2414577
11410 -2.7881775
11509 -1.9617419
11610 -1.135575
11709 -0.3960991
11810 0.27902508
11910 1.0315175
12010 1.7980027
12111 2.570665
12210 2.9990911
12311 3.2367344
12411 3.3209896
12512 3.3327389
12612 3.2296028
12711 2.921752
12812 2.2701797
12912 1.5806022
13012 0.83601093
13112 0.22549295
13213 -0.53096867
13312 -1.2529213
13413 -2.0041118
13512 -2.6523757
13613 -3.3171134
13714 -3.773469
13813 -3.8962417
13914 -3.8652046
14014 -3.6762683
14114 -3.2184415
14214 -2.4885259
14314 -1.54355
14414 -0.69843674
14515 0.23166132
14614 1.0444388
14715 1.6651015
14815 2.3043647
14915 2.793107
15015 3.2599354
15115 3.515605
15216 3.6273527
15316 3.638157
15415 3.5660229
15516 3.3062782
15617 2.6153936
15717 1.6897154
15816 0.813035
15917 -0.035509586
16017 -0.7831702
16117 -1.4784031
16217 -2.0568795
16318 -2.5742514
16417 -2.9331641
16500 -3.1099696
16600 -3.2566593
16700 -3.3103197
16800 -3.319477
16901 -3.113738
17000 -2.250737
17102 -1.38989
17202 -0.5123048
17303 0.32924652
17403 1.0682783
17503 1.7788992
17603 2.3830252
17703 2.8581963
17803 3.1052523
17904 3.2224865
18004 3.2476683
18104 3.185934
18204 2.8958168
18304 2.1091242
18404 1.2711787
18505 0.26630306
18604 -0.68088055
18705 -1.4314933
18805 -2.1157355
18906 -2.6689963
19005 -3.1533866
19105 -3.4122918
19206 -3.4613488
19306 -3.4014134
19406 -3.0933268
19506 -2.4096394
19606 -1.7042396
19707 -0.94719267
19806 -0.2568097
19906 0.51653576
20007 1.2144966
20107 1.9276552
20207 2.5854921
20307 3.067912
20407 3.3227825
20508 3.424038
20608 3.4169178
20708 3.175871
20808 2.45674
20908 1.632122
21008 0.76345015
21108 -0.060248375
21208 -0.88166857
21309 -1.5228953
21410 -2.1525156
21509 -2.7855828
21609 -3.2451556
21710 -3.802621
21810 -4.0098963
21910 -4.0741043
22010 -4.062625
22110 -3.8455691
22211 -3.3769238
22310 -2.6724665
22411 -2.0067132
22511 -1.2132497
22612 -0.48336983
22712 0.19683552
22812 0.88996124
22912 1.4846163
23012 2.158512
23113 2.732419
23212 3.1749573
23312 3.3948364
23413 3.4568949
23514 3.4336758
23613 3.0944538
23714 2.193808
23814 1.2241278
23914 0.26680613
24014 -0.5762868
24114 -1.416275
24214 -2.1625032
24314 -2.7826135
24415 -3.1991494
24515 -3.3749382
24615 -3.5871632
24715 -3.5442069
24815 -3.2476363
24916 -2.663
25016 -1.8401303
25115 -1.2308621
25216 -0.6301913
25315 0.0187006
25416 0.68890476
25516 1.3171706
25616 1.8140001
25716 2.2819815
25817 2.5954247
25917 2.868804
26017 3.086976
26117 3.2411098
26217 3.266017
26318 3.0484028
26417 2.2358475
26500 1.3872995
26600 0.5498533
26700 -0.16411495
26800 -0.8930502
26900 -1.4269004
27000 -1.9850106
27102 -2.4363337
27203 -2.8453963
27303 -3.1274314
27403 -3.3522854
27503 -3.494042
27603 -3.5096474
27703 -3.3081908
27803 -2.7923975
27904 -1.8819966
28004 -1.2567711
28104 -0.49282932
28204 0.253026
28304 0.84748507
28404 1.3753805
28505 1.905304
28605 2.426136
28705 2.7645364
28805 3.0376291
28905 3.2404041
29005 3.3374548
29106 3.3380032
29206 3.161726
29306 2.4285393
29406 1.6064248
29506 0.7433734
29606 -0.0068306923
29706 -0.8609123
29806 -1.5601983
29907 -2.1992526
30007 -2.7271378
30107 -3.093371
30208 -3.367454
30307 -3.4352357
30407 -3.4104903
30507 -3.1912763
30608 -2.5783753
30708 -1.8505399
30809 -1.082932
30908 -0.34917927
31008 0.4351015
31109 1.0670438
31209 1.6604271
31310 2.2793746
31409 2.7342005
31510 3.1973286
31609 3.4395285
31710 3.507328
31810 3.4771576
31910 3.1795626
32011 2.4835258
32111 1.6874046
32210 0.97085094
32311 0.29031134
32411 -0.4196949
32511 -1.1409316
32612 -1.8976798
32712 -2.4943967
32812 -2.9264946
32911 -3.2285247
33012 -3.5173585
33112 -3.6195252
33212 -3.5378175
33313 -3.1287174
33413 -2.7728183
33513 -1.75232
33613 -0.94637203
33713 -0.105686665
33814 0.6727624
33914 1.4253492
34014 1.8583045
34114 2.4583406
34214 3.117795
34315 3.56563
34415 3.7033234
34515 3.699441
34615 3.5236292
34715 3.0851812
34815 2.4075155
34915 1.7367706
35016 1.0056314
35116 0.34179497
35216 -0.39858913
35315 -1.0338435
35416 -1.6230254
35517 -2.2251098
35617 -2.7609627
35717 -3.2687144
35816 -3.5995858
35917 -3.8489225
36017 -3.8062987
36118 -3.4439483
36217 -2.621934
36317 -1.8392763
36400 -1.1928592
36500 -0.52263165
36600 0.16196156
36700 0.7405386
36800 1.4096384
36900 1.9947844
37000 2.4866157
37102 2.8481894
37203 3.092085
37303 3.2146502
37403 3.2187672
37503 2.9564524
37603 2.239541
37703 1.3818836
37804 0.6968641
37904 -0.16155672
38004 -0.96572256
38104 -1.6191502
38204 -2.3996246
38304 -2.9858851
38404 -3.4217744
38505 -3.63128
38605 -3.6802177
38705 -3.60108
38805 -3.236733
38905 -2.642508
39005 -1.8561368
39106 -1.0197322
39206 -0.11689043
39306 0.85706615
39406 1.6583338
39506 2.5019197
39606 3.1362276
39706 3.65312
39807 3.8957272
39907 3.9384985
40007 3.8289871
40107 3.5953646
40207 3.1182785
40307 2.3453393
40408 1.3861942
40508 0.6903353
40608 -0.072598934
40708 -0.7745638
40808 -1.3658149
40908 -1.9105573
41008 -2.5101798
41108 -2.8790407
41209 -3.0711403
41310 -3.1209636
41410 -3.0395646
41509 -2.7037601
41609 -2.1543908
41709 -1.4934978
41810 -0.8213482
41911 -0.11245537
42011 0.5624356
42110 1.1590219
42210 1.6678581
42311 2.2196465
42412 2.7858162
42511 3.2480106
42611 3.5236225
42712 3.5972805
42811 3.5698652
42911 3.2221928
43012 2.4889169
43113 1.6314788
43212 0.9413061
43313 0.21985912
43413 -0.39556694
43513 -1.031234
43613 -1.5872486
43713 -2.1714978
43813 -2.784732
43914 -3.04911
44014 -3.1927717
44114 -3.243361
44214 -3.0877244
44315 -2.5410001
44415 -1.5895584
44514 -0.77581406
44615 0.06454992
44715 0.74324846
44815 1.4166818
44915 2.0085993
45016 2.5957656
45116 3.1593723
45216 3.5744858
45316 3.7979813
45416 3.8365192
45517 3.7266483
45617 3.3940334
45717 2.6144347
45816 1.7156205
45917 0.8839998
46017 0.03795719
46118 -0.6717596
46217 -1.3467553
46318 -1.9935617
46418 -2.6169405
46500 -2.8847747
46600 -3.4052525
46700 -3.6107812
46800 -3.7018971
46900 -3.7090068
47002 -3.583683
47103 -3.0129473
47203 -2.2109864
47303 -1.4807286
47403 -0.8672223
47503 -0.11515713
47603 0.58173513
47704 1.2326198
47804 1.7372499
47904 2.2748046
48004 2.8145852
48104 3.1760464
48204 3.4402761
48304 3.51365
48404 3.513444
48505 3.4160633
48605 3.0525684
48705 2.4389062
48805 1.7030602
48906 0.92493725
49005 0.18337488
49106 -0.5826602
49206 -1.3268318
49306 -2.0890214
49406 -2.6289597
49506 -3.0502007
49606 -3.304097
49707 -3.6340792
49807 -3.713353
49907 -3.6520536
50007 -3.2762218
50107 -2.5938442
50207 -1.7124677
50307 -1.0922604
50408 -0.24123096
50508 0.50859547
50608 1.3342075
50709 2.1332998
50809 2.7799659
50908 3.177126
51008 3.4867573
51108 3.627532
51210 3.656682
51309 3.6046524
51410 3.3500051
51510 2.7542372
51610 1.9922333
51710 1.1856203
51810 0.4144311
51910 -0.3392024
52011 -1.0116215
52111 -1.5848339
52211 -2.18224
52311 -2.6616821
52411 -3.2350357
52512 -3.583866
52612 -3.7916682
52712 -3.87302
52812 -3.7228231
52912 -3.209301
53013 -2.4588246
53113 -1.5190163
53212 -0.72066116
53313 0.038292885
53413 0.67044353
53512 1.378993
53614 2.031755
53714 2.6284475
53814 3.2013836
53914 3.5892353
54013 3.8419247
54114 3.929265
54214 3.9165049
54314 3.7398043
54415 3.2401562
54514 2.5402474
54615 1.6149635
54715 0.8853245
54815 0.07001543
54916 -0.7568903
55016 -1.4293747
55116 -2.1887853
55216 -2.83351
55316 -3.3135223
55416 -3.6322782
55517 -3.961782
55616 -4.046692
55716 -4.0171695
55817 -3.831933
55917 -3.4458158
56017 -2.7740374
56118 -1.880482
56218 -1.0367599
56317 -0.3411665
56400 0.3248005
56500 1.0368772
56600 1.7369146
56700 2.3130507
56800 2.7443924
56900 3.020524
57002 3.3440952
57103 3.601492
57203 3.7410393
57303 3.7930908
57403 3.7343388
57503 3.256565
57603 2.4692335
57703 1.455317
57804 0.6955433
57904 0.017838001
58004 -0.78116894
58104 -1.3986516
58204 -2.0869853
58304 -2.6111205
58405 -3.0019593
58505 -3.4369419
58605 -3.7816064
58705 -3.8301268
58805 -3.765764
58905 -3.3225882
59005 -2.7317057
59105 -1.8194194
59206 -1.0592415
59306 -0.3258996
59406 0.35758305
59506 1.07269
59606 1.6623917
59706 2.3231263
59806 2.842997
59907 3.2337446
60007 3.5524597
60107 3.7062168
60207 3.7550564
60307 3.7575245
60407 3.6758213
60508 3.2653275
60608 2.5893378
60708 1.6510582
60808 0.9920225
60908 0.3039751
61009 -0.3340025
61109 -0.98795176
61209 -1.498877
61310 -2.1989744
61409 -2.7701888
61509 -3.1892958
61609 -3.4441304
61710 -3.5814064
61810 -3.697385
61910 -3.6192923
62011 -3.152933
62110 -2.3358028
62211 -1.3655314
62310 -0.66762304
62412 0.02004385
62512 0.63550425
62612 1.2439895
62712 1.7898269
62812 2.3290358
62912 2.8757896
63012 3.3231297
63113 3.6078749
63212 3.7108898
63313 3.7229214
63413 3.6334848
63513 3.2797403
63614 2.6374145
63713 1.812705
63814 0.98638296
63913 0.21505356
64014 -0.48932266
64114 -1.183847
64215 -1.8804798
64314 -2.586413
64414 -3.0610933
64515 -3.3706155
64615 -3.4393935
64714 -3.4803336
64815 -3.4822059
64915 -3.1473231
65016 -2.4111562
65115 -1.5381713
65216 -0.6914892
65315 0.07494211
65416 0.80382633
65516 1.5394073
65616 2.2645783
65717 2.811853
65817 3.2474709
65917 3.560215
66017 3.8145351
66118 3.8990974
66218 3.886221
66318 3.7261162
66400 3.4215612
66500 2.6362062
66601 2.0256944
66700 1.0994635
66801 0.19288063
66900 -0.84787035
67002 -1.6839092
67102 -2.6256907
67203 -3.2912498
67303 -3.7144864
67403 -4.0336194
67503 -4.1582317
67603 -4.1467056
67703 -4.136805
67804 -3.7495134
67904 -2.9090345
68004 -1.8783162
68104 -1.1821644
68204 -0.40100718
68304 0.30857563
68405 0.99893045
68505 1.5802412
68605 2.0941262
68705 2.5261889
68805 2.8340507
68906 3.228075
69005 3.4781837
69107 3.6272259
69206 3.6865978
69306 3.6973982
69406 3.5937185
69506 3.0476837
69606 2.1399179
69707 1.400382
69807 0.6361799
69907 0.029192924
70007 -0.87530804
70107 -1.5291386
70207 -2.3454561
70307 -2.8311863
70408 -3.3517947
70508 -3.7284336
70608 -3.8868504
70708 -3.8924394
70808 -3.7626595
70909 -3.275747
71009 -2.6147215
71110 -1.3455405
71210 -0.30894852
71309 0.5255842
71410 1.3881407
71509 2.0727015
71610 2.6468344
71710 2.993164
71811 3.2790928
71910 3.5751162
72011 3.9156704
72110 4.11561
72211 4.255312
72310 4.2502174
72411 4.1122684
72512 3.6503468
72611 3.083683
72712 2.358307
72812 1.5867662
72912 0.8302107
73012 0.08780241
73112 -0.7147865
73213 -1.2334938
73313 -1.9496477
73413 -2.5936139
73513 -2.900374
73614 -3.2240517
73714 -3.4617784
73814 -3.5587149
73914 -3.5732303
74014 -3.516589
74115 -3.2164454
74214 -2.6014836
74315 -1.6461163
74415 -1.0097587
74514 -0.2811346
74615 0.34046173
74715 1.0290518
74816 1.5618372
74915 2.2187653
75016 2.7188096
