30 0.0
131 0.0
230 0.0
330 0.0
431 0.0
747 0.571857
850 1.4074831
950 -0.522367
1050 -2.7802305
1151 -2.7001805
1250 -0.93993664
1350 0.51474905
1450 1.5727959
1550 1.8550668
1650 1.6461058
1751 0.96124744
1850 -0.7925081
1950 -1.7008774
2051 -1.7623882
2150 -1.2280669
2250 -0.9330416
2350 0.0
2450 0.0
2551 0.0
2650 0.0
2751 0.0
2851 0.0
2951 0.0
3051 0.0
3385 0.0
3485 -0.3063469
3585 -0.15622377
3685 -0.14977217
3787 -0.18681288
3886 0.8663254
3986 1.4471145
4069 1.579217
4171 1.4909525
4270 0.8432789
4370 -0.16685724
4471 -0.9356723
4571 -1.216645
4671 -1.3613827
4771 -1.3526645
4870 -0.9842162
4971 -0.65734863
5071 -0.4795308
5172 0.086821556
5272 0.92148113
5371 1.2813578
5472 1.449604
5572 1.5486403
5675 0.7403517
5773 1.1034265
5875 0.4841256
5975 -0.40833282
6073 -0.6775899
6173 -1.4547257
6273 -2.1027398
6374 -2.3137383
6474 -2.0612454
6574 -1.373776
6674 -0.67608166
6774 0.0
6875 0.0
6975 0.0
7075 0.0
7175 0.0
7274 0.0
7375 0.0
7478 0.0
7577 0.0
7677 0.0
7777 0.0
7877 0.0
7978 0.0
8076 0.0
8177 0.0
8276 0.0
8376 0.0
8477 0.0
8577 0.0
8677 0.0
8780 0.0
8877 -0.36814165
8980 0.5049124
9080 0.44496536
9181 -1.2284546
9280 -2.4812486
9380 -2.18439
9480 -1.275444
9579 -0.4419217
9679 0.3392496
9780 1.2434473
9880 2.0989294
9979 2.6750956
10080 2.893538
10179 2.788855
10281 1.9758263
10381 1.1769915
10481 0.013293266
10581 -0.7922101
10680 -1.4706275
10782 -1.9906292
10881 -2.3593993
10982 -2.23838
11081 -1.6643703
11181 -0.94367695
11283 -0.081064224
11382 0.9276943
11481 1.698062
11582 2.3432531
11683 2.6969233
11782 2.8556528
11883 2.8684502
11983 2.61202
12082 2.2371292
12183 1.3492541
12284 0.40695906
12385 -0.7054553
12484 -1.5309231
12584 -2.2960207
12685 -2.7178297
12785 -2.4165301
12884 -1.7171397
12986 0.0
13084 0.023358345
13185 0.6169138
13284 1.5326028
13385 2.1833162
13487 2.4830132
13586 2.7375374
13686 2.655604
13786 2.330607
13870 1.9308777
13970 1.1186838
14069 0.16316748
14169 -0.6737051
14270 0.0
14371 0.0
14470 0.0
14571 0.0
14670 0.0
14770 0.0
14871 0.0
14972 0.0
15072 0.3731842
15189 0.61241484
15272 1.317235
15371 1.3536143
15472 1.0001421
15572 0.72694016
15672 0.11932039
15773 -0.70709705
15876 0.0
15972 0.0
16075 0.0
16175 0.0
16275 0.0
16375 0.0
16476 0.0
16576 0.0
16675 0.0
16775 0.3659587
16875 1.0875163
16975 1.8280172
17074 1.153542
17175 0.30424833
17275 -0.101994514
17375 -0.54218054
17475 -1.0601037
17575 -1.4741197
17676 -1.766418
17776 -1.8446498
17875 -1.7725616
17976 -1.0542741
18076 -0.35718632
18177 0.063591
18278 0.8771539
18377 0.78151035
18477 0.64646435
18577 0.9354105
18680 1.1969733
18777 1.211937
18880 1.1836643
18978 1.0395412
19078 0.5341997
19178 0.2109909
19278 -0.43268108
19380 -1.159621
19479 -1.9214032
19579 -1.5282326
19678 -1.6569531
19779 -1.6618378
19881 -1.3240247
19980 0.0
20079 0.0
20180 0.0
20279 0.0
20380 2.2975569
20481 2.348559
20582 2.414154
20681 2.4235306
20783 2.0903983
20881 1.3631144
20981 0.27092075
21082 -0.6871629
21181 0.0
21282 0.0
21381 0.0
21482 0.0
21583 0.0
21682 0.0
21784 0.0
21882 0.0
21983 0.0
22083 0.0
22184 0.67957544
22285 0.6895499
22384 0.76760817
22483 0.59587145
22584 -0.54061556
22684 -1.023454
22785 -1.4910207
22885 -1.5561252
22986 0.0
23086 0.0
23184 0.0
23286 0.0
23386 0.0
23485 0.0
23585 0.0
23686 0.0
23787 0.0
23869 0.0
23970 0.0
24069 0.0
24170 0.0
24270 0.0
24370 0.0
24471 5.0
24570 4.902426
24671 3.324749
24771 1.1554866
24872 0.18202591
24971 -0.16857624
25071 1.5615616
25172 1.7281137
25272 0.5620413
25372 0.89994144
25472 1.1757131
25572 0.9661641
25675 0.35891294
25772 0.17377567
25872 0.21461916
25972 0.2563424
26076 1.3643064
26175 2.4221067
26275 2.9088197
26375 3.108924
26475 3.0624619
26576 2.7996788
26675 2.3854995
26775 1.7831101
26876 1.1103663
26974 0.34813023
27075 -0.09738064
27174 0.36370277
27274 -0.7389555
27375 0.101831436
27476 1.5759392
27575 2.177503
27676 2.6924615
27776 3.1198587
27876 3.2042847
27976 2.8267097
28076 2.153305
28177 1.2953982
28277 0.5005541
28378 0.065737724
28477 -0.58001804
28580 -1.0918107
28677 -1.2161248
28778 -1.0711446
28880 -0.29041576
28977 0.64901257
29080 0.9946394
29181 1.7379012
29280 2.2013245
29380 2.5784483
29480 3.0801039
29580 2.8889184
29680 2.3479714
29780 1.5638342
29881 0.6447339
29980 0.114302635
30314 -1.5941281
30413 -1.623344
30513 -1.5295665
30613 -1.231355
30714 -0.6626215
30816 0.004682541
30915 0.6663065
31015 0.935647
31114 1.5197845
31215 1.8306608
31315 1.9311867
31415 2.243444
31517 2.3726072
31616 2.3659616
31716 2.0643616
31816 1.332036
31916 0.55530834
32016 0.31663418
32116 -0.12254429
32217 -0.6972227
32317 -1.1951435
32400 -1.4571679
32519 -1.8936958
32600 -2.2860084
32700 -2.5335574
32800 -2.6137462
32902 -2.566584
33001 -2.1282086
33101 -1.183927
33202 -0.3741455
33302 0.3904214
33401 0.8645601
33502 1.2726641
33602 1.9327941
33703 2.2877874
33803 2.5734797
33903 2.772779
34003 2.8877296
34102 2.9372072
34204 2.9718451
34303 2.959787
34403 2.859951
34503 2.347476
34607 1.6423073
34704 0.7400589
34806 0.29645061
34907 -0.097560406
35006 -0.6042156
35105 -1.1247051
35205 -1.5293374
35305 -1.9405913
35406 -2.205214
35505 -2.3569264
35606 -2.4805784
35709 -2.6400237
35806 -2.665629
35908 -2.2248857
36009 -1.7853456
36107 -1.0451157
36207 -0.36830997
36306 0.23549795
36408 0.61072063
36508 1.0097761
36608 1.3283634
36707 1.6305771
36808 2.0953712
36908 2.434143
37008 2.683763
37108 3.0111198
37208 3.1144629
37309 3.1392746
37409 3.0533838
37509 2.847651
37612 1.8549109
37709 1.0852528
37809 0.008676529
37911 -0.94386005
38011 -1.6433468
38110 -2.2780063
38210 -2.4845493
38311 -2.6178017
38413 -2.705311
38510 -2.7915833
38611 -2.6630569
38711 -2.296123
38811 -1.3066044
38912 -0.17581606
39011 0.7080984
39111 1.2355876
39213 1.5867476
39312 1.9372497
39412 2.320362
39512 2.4973092
39612 2.6825776
39713 2.898294
39813 3.0186558
39914 3.1489887
40013 3.122488
40113 2.8758965
40214 2.1305914
40313 1.369791
40414 0.9610987
40514 0.5880008
40614 0.07051563
40714 -0.5667286
40814 -1.1476281
40915 -1.5388427
41015 -1.839252
41116 -2.1811185
41215 -2.3016748
41316 -2.3444219
41416 -2.6011221
41515 -2.7297485
41617 -2.4784834
41715 -1.8286207
41815 -0.8619642
41917 -0.23954391
42017 0.528769
42119 1.1465006
42216 1.4403276
42301 1.664763
42400 2.0288086
42500 2.326655
42600 4.0737944
42700 4.2085247
42802 4.029168
42900 3.5075512
43001 2.8295555
43101 2.2122126
43202 1.5748725
43302 0.93740654
43402 0.10805416
43502 -0.862885
43602 -1.6752973
43702 -2.573914
43803 -2.9590006
43903 -2.9963746
44003 -3.2062001
44106 -3.2427557
44203 -3.2505493
44306 -2.9831738
44403 -2.3945603
44504 -1.52598
44606 -0.4838462
44704 0.2904625
44806 1.0422087
44905 1.6002512
45007 2.0794258
45104 2.5564413
45205 3.0358162
45305 3.168415
45405 3.124567
45505 3.118184
45606 2.7197022
45706 1.6038656
45808 0.754097
45908 -0.054953575
46006 -0.87194204
46107 -1.6716957
46207 -2.09287
46307 -2.3690023
46407 -2.421249
46507 -2.4790668
46607 -2.4385808
46708 -2.2198863
46808 -1.4686036
46911 -0.5345502
47008 0.32988453
47111 1.194438
47208 1.7056227
47311 2.3074837
47411 2.8678079
47511 2.9799013
47611 3.0271873
47711 2.9882011
47811 2.6447334
47911 2.0971336
48011 1.2885294
48110 0.5388899
48210 0.010766029
48310 -0.6831212
48410 -1.50896
48511 -2.3579633
48612 -2.5946534
48710 -2.708352
48811 -2.7672522
48911 -2.6418424
49012 -2.0176482
49112 -1.1221325
49212 -0.34246445
49313 0.4135332
49412 1.1074905
49513 1.6430678
49612 2.4055848
49712 3.0412388
49813 3.047882
49913 3.0050354
50014 2.7648683
50113 2.582251
50214 2.290062
50313 1.51966
50414 0.7493634
50515 -0.11501932
50614 -1.0171871
50714 -1.5745702
50815 -2.3595834
50914 -2.8515308
51015 -2.899389
51115 -2.8222108
51215 -2.4051437
51315 -1.8415108
51416 -0.9407358
51517 -0.1469717
51616 0.6742754
51716 1.2179747
51816 1.5448585
51916 2.2979317
52016 2.86838
52117 3.1640797
52219 3.582408
52300 3.980774
52400 4.024063
52500 3.3795643
52600 3.0563068
52700 2.4530725
52801 1.6143084
52901 1.0017557
53002 0.5150752
53101 -0.27081013
53201 -0.9257345
53301 -1.485754
53402 -1.9542065
53502 -2.4256914
53602 -2.611228
53703 -2.4601052
53803 -1.9038339
53906 -1.4093337
54006 -0.8059101
54106 0.030518532
54206 0.8268862
54307 1.3925023
54406 1.6694136
54506 2.2717805
54606 2.8509994
54706 3.2208996
54806 3.0651655
54907 3.1299381
55006 3.18723
55105 2.7142348
55204 1.9102454
55306 1.1044092
55408 0.41790628
55505 -0.41310787
55606 -1.0197773
55708 -1.5494545
55808 -2.1291962
55908 -2.5322657
56008 -2.5461252
56107 -2.5826821
56206 -2.4574904
56307 -1.8864675
56407 -1.1733906
56507 -0.3834486
56607 0.27038813
56707 0.7394314
56808 1.2161655
56908 1.4429946
57011 1.7274413
57108 2.047132
57208 2.5257173
57311 2.6910539
57411 2.6989655
57511 2.4956808
57611 2.047658
57711 1.3910475
57811 0.8810301
57910 0.48013592
58011 -0.028429985
58109 -0.6639323
58211 -1.2801871
58310 -1.6022153
58411 -2.2732139
58511 -2.4096694
58611 -2.3623528
58711 -1.989939
58811 -1.1954479
58912 -0.47458696
59011 0.2205553
59112 0.8627734
59212 1.2377453
59311 1.4460983
59412 1.6821585
59512 1.8193808
59613 1.8746719
59712 1.9029946
59812 1.8751249
59913 1.685946
60013 1.2369666
60115 0.51033354
60213 -0.31812763
60313 -0.97487164
60414 -1.4586225
60514 -1.845587
60615 -1.7805824
60714 -1.3283219
60815 -0.73614645
60914 -0.058571815
61014 0.74576855
61116 1.283174
61216 1.790492
61316 2.2192369
61415 2.5596228
61515 2.7761574
61616 2.8039856
61715 2.3877869
61816 1.3910847
61916 0.41023254
62016 -0.6183467
62117 -1.2317932
62217 -2.1673334
62300 -2.6581037
62400 -2.8720622
62500 -2.8350062
62601 -2.2176552
62700 -1.1397796
62801 -0.22253752
62901 0.6339507
63002 1.3145804
63102 1.6363893
63201 2.021309
63302 2.2774477
63402 2.298789
63502 2.1046114
63602 1.6518564
63702 0.81948805
63802 0.04852009
63903 -0.68774843
64006 -1.1815629
64106 -2.08352
64203 -2.577023
64306 -2.81346
64406 -2.8211613
64506 -2.6560204
64606 -2.1221433
64706 -1.1739223
64806 -0.32707214
64906 0.43429708
65006 1.054203
65104 1.473813
65205 1.905694
65306 2.2152624
65405 2.3890562
65506 2.3899918
65606 2.0611105
65706 1.1775451
65806 0.5167527
65908 -0.2712474
66008 -0.90911674
66107 -1.8559291
66207 -2.146107
66307 -2.5091543
66407 -2.7660859
66508 -2.7048445
66607 -2.4398236
66707 -1.6441264
66808 -0.7659807
66908 -0.045668125
67008 0.46781874
67111 1.0254765
67208 1.4967337
67311 1.9282541
67408 2.1419134
67511 2.0838714
67611 1.6773949
67711 0.92624044
67811 0.06256962
67911 -0.62855625
68011 -1.2130184
68109 -1.9013686
68209 -2.3007035
68311 -2.5655289
68410 -2.5402393
68511 -2.0105674
68611 -1.0154896
68712 -0.8426943
68812 -0.57752323
68911 0.23746586
69012 0.7019148
69112 1.145011
69212 1.5417657
69311 1.7529421
69411 1.63066
69512 1.0166006
69612 0.507247
69714 0.0137729645
69813 -0.5646806
69913 -1.2487991
70013 -1.9474211
70114 -2.3890548
70215 -2.5424747
70314 -2.6363873
70414 -2.649691
70514 -2.608624
70614 -1.808373
70716 -0.73767996
70815 -0.07680702
70915 0.41020298
71015 0.71597624
71114 1.362649
71215 1.8038545
71316 1.9252882
71416 1.7707047
71516 1.4741259
71615 0.63021994
71717 -0.02559328
71816 -0.7772989
71916 -1.4155853
72016 -1.9466977
72116 -2.2867103
72218 -2.4472375
72300 -2.3953366
72401 -1.7804077
72500 -0.7901292
72600 -0.07946873
72701 0.7044306
72801 1.4348946
72901 2.0020318
73001 2.5705323
73101 2.8439074
73201 2.8325338
73302 2.5192742
73403 1.9838815
73502 1.0569973
73602 0.05119419
73703 -0.7305274
73802 -1.6844049
73903 -2.231904
74003 -2.7074814
74106 -2.8531795
74206 -2.8331814
74306 -1.9084888
74406 -0.9996958
74503 -0.4681778
74606 0.3306241
74706 1.1487536
74806 1.6295953
74906 2.0617838
75005 2.238031
