5 1.5165815
105 1.5109305
205 1.474196
305 -0.7247343
405 -2.5182467
508 -3.3796327
608 -3.7550688
708 -3.7295702
808 -2.8827012
908 -1.0827641
1008 0.14612913
1108 1.2422404
1209 1.6472068
1308 1.6790719
1409 0.9901514
1509 -0.43187857
1607 -1.8468413
1708 -3.0660126
1808 -4.1243777
1909 -4.4571385
2008 -4.0485573
2108 -2.463756
2208 -0.44396544
2311 1.1771297
2411 2.667633
2511 3.6190205
2609 3.783908
2709 3.4647112
2812 2.0639825
2911 0.32238483
3010 -1.1557174
3110 -2.364341
3211 -3.196966
3310 -3.2553935
3411 -3.0665956
3511 -1.391192
3611 -0.15589714
3711 0.5414667
3811 1.4444923
3912 2.0272741
4011 1.9443526
4111 0.91663027
4213 -0.29057026
4312 -2.4004226
4413 -3.2888625
4513 -3.5023446
4612 -3.4522088
4713 -2.6551142
4813 -1.3903241
4913 0.14709711
5014 1.3906574
5114 2.156179
5214 2.5421777
5316 2.2902403
5414 1.2329102
5514 -0.18137789
5614 -1.6281998
5715 -2.6983256
5815 -3.1457205
5915 -3.1611078
6015 -2.6532395
6115 -1.4081445
6215 0.09535265
6315 1.3956494
6416 2.3527083
6517 2.7476602
6616 2.6748781
6716 1.8370466
6816 0.37715673
6916 -1.0552113
7017 -2.401176
7117 -2.914819
7216 -2.8672686
7317 -2.2177644
7417 -1.036304
7518 0.083176136
7618 1.2704868
7717 2.2744856
7819 2.7599134
7918 2.73874
8018 2.0054865
8119 0.8255925
8219 -0.57793236
8319 -1.7176261
8403 -2.4750965
8503 -2.8928092
8602 -2.8075893
8703 -2.1343255
8803 -1.0149798
8903 0.20519161
9003 1.4935517
9104 2.3214126
9203 2.499981
9304 1.9885421
9404 0.6066251
9504 -0.759892
9604 -2.0389578
9704 -2.8174024
9805 -3.0291889
9905 -2.626111
10005 -1.6513629
10105 -0.3065405
10205 1.0176392
10306 1.9807844
10406 2.5140815
10508 2.471366
10606 1.5584702
10709 0.29005814
10807 -0.9549532
10906 -1.9124656
11009 -2.5107646
11109 -2.5935092
11209 -1.988652
11309 -0.8225088
11409 0.3875742
11508 1.4312592
11608 2.0940046
11708 1.969739
11808 1.0361629
11908 -0.33073902
12011 -1.3518119
12108 -2.217137
12211 -2.5720205
12311 -2.4681373
12411 -1.6286628
12511 -0.3246703
12609 1.0085897
12710 1.9970231
12809 2.399994
12909 1.9987259
13010 0.69712543
13110 -0.9925051
13211 -2.4101222
13311 -3.3628008
13414 -3.5400476
13511 -2.5982685
13614 -0.92588377
13714 0.9177103
13814 2.2418623
13911 3.094184
14011 2.8649054
14114 1.5038805
14214 -0.22729778
14313 -1.9060261
14414 -3.0481982
14513 -3.3111253
14613 -2.5935264
14713 -1.1734688
14813 0.788424
14914 2.047914
15013 2.9360733
15113 2.9446082
15214 2.0744066
15314 0.5487037
15415 -1.0446098
15516 -2.142158
15614 -2.617799
15715 -2.6514287
15815 -1.593806
15915 -0.17524433
16017 1.3268156
16116 3.026431
16216 4.22233
16316 4.879318
16416 4.957691
16516 4.399395
16616 3.2096682
16717 1.7781181
16817 0.2940092
16917 -0.7637267
17017 -1.5171471
17117 -1.986733
17217 -2.1367326
17318 -1.6162839
17418 -0.54080343
17518 0.71552706
17618 2.0294943
17718 2.9795709
17818 3.5788975
17919 3.5950747
18019 3.0977736
18119 2.0279603
18203 0.7350416
18303 -0.5267062
18403 -1.3695247
18503 -2.600108
18603 -2.9528189
18703 -2.8844457
18803 -2.0560508
18904 -0.59233284
19004 0.77089596
19104 1.9573507
19204 2.824263
19304 3.4155521
19404 3.673853
19505 3.5421476
19605 2.5371604
19705 1.1972208
19805 -0.25996828
19905 -1.4734027
20005 -2.6332526
20105 -3.3059225
20205 -3.1649406
20306 -2.1992598
20405 -1.0017867
20506 0.20307636
20606 1.3774991
20706 2.2737136
20809 2.9763193
20909 3.5084133
21009 3.647067
21109 3.3823013
21209 2.1271605
21308 0.6635685
21408 -0.7459364
21508 -1.9352336
21608 -2.7582946
21708 -3.1029267
21808 -2.6486475
21908 -1.5322781
22012 -0.3654008
22111 0.76530457
22209 1.6192093
22311 2.3335028
22411 2.4850883
22511 2.155867
22610 1.6459861
22710 1.1958303
22810 -0.36233568
22910 -1.2457299
23010 -1.1772804
23111 -0.038385868
23214 1.7427077
23311 3.0277653
23411 3.8710556
23511 4.063099
23611 3.59194
23714 2.461779
23814 1.104022
23914 -0.19625759
24014 -1.3405583
24114 -2.3847172
24214 -3.174511
24314 -4.1337085
24413 -4.627137
24514 -3.7281964
24613 -2.8942544
24713 -1.5943866
24814 0.15267038
24914 1.5373983
25014 2.6511168
25114 3.237444
25215 3.421115
25314 3.078535
25414 2.5485268
25516 1.5365114
25617 0.25066662
25715 -0.91167974
25815 -1.9247866
25915 -2.907598
26016 -3.8190212
26116 -4.130242
26216 -3.9574676
26316 -3.2973988
26416 -2.0845833
26517 -0.74247885
26616 0.5554633
26716 1.6525497
26817 2.375525
26917 2.772664
27017 2.8480263
27118 2.5461974
27217 1.5867286
27318 0.025565624
27418 -1.2986927
27518 -2.3904312
27618 -3.2463295
27718 -4.003859
27819 -4.530896
27919 -4.1883507
28018 -2.6475039
28120 -1.3631065
28203 -0.3147602
28303 0.9385376
28403 1.795865
28503 2.3881874
28603 2.6585073
28703 2.6491632
28804 2.2595916
28904 1.4012947
29004 0.48618937
29104 -0.4515562
29204 -1.381639
29304 -2.030777
29405 -2.621133
29505 -2.961632
29604 -2.9004796
29705 -2.392603
29805 -1.5290151
29905 -0.8108206
30005 -0.015816689
30106 0.8117895
30209 1.5807252
30309 2.1890574
30406 2.6054626
30506 2.832943
30609 3.0077047
30709 3.1026592
30809 3.148816
30909 3.1638508
31009 3.1645603
31109 3.1281729
31209 2.4021926
31309 0.8721671
31410 -0.24130487
31509 -1.1922536
31608 -2.0040154
31708 -2.7015548
31808 -3.4239826
31911 -3.532352
32011 -2.9029946
32111 -2.0107732
32211 -1.1184559
32311 -0.28974676
32411 0.47016048
32512 1.2222638
32610 1.8900247
32711 2.5439005
32810 3.087656
32910 3.5133305
33010 3.7090244
33111 3.691203
33211 3.2729654
33311 2.4270449
33411 1.4596
33511 0.6038127
33611 -0.23764706
33714 -1.0207741
33814 -1.584863
33914 -2.017889
34014 -2.2505114
34114 -2.3260276
34214 -2.3267436
34314 -1.9284656
34413 -0.90985394
34513 0.06608772
34613 0.9730115
34713 1.8132005
34814 2.595214
34913 3.0926638
35015 3.394125
35114 3.4803371
35214 3.4169102
35315 2.8888526
35415 1.6747551
35516 0.41413736
35614 -0.5064335
35715 -1.9702005
35815 -2.8876774
35916 -3.5883272
36016 -3.7929535
36116 -3.7857463
36216 -3.2424664
36317 -2.1531782
36417 -0.8479843
36517 0.34108067
36617 1.3665876
36717 2.0732894
36817 2.6483412
36917 2.8827515
37017 2.9593315
37118 2.8428903
37218 2.2316704
37319 1.0741138
37418 0.04761982
37520 -0.9773526
37618 -1.9517555
37719 -2.8316035
37819 -3.5062883
37903 -3.660424
38003 -3.6421864
38103 -3.2381296
38203 -2.2757583
38302 -1.1716733
38403 -0.17044115
38503 0.85684586
38604 1.8078012
38704 2.5453043
38804 2.8950949
38904 3.062767
39004 3.10116
39105 2.836319
39204 1.8366675
39304 0.7629013
39405 -0.14167309
39505 -1.0268803
39605 -1.7707131
39705 -2.3684433
39806 -2.8043916
39906 -3.193111
40006 -3.3096373
40106 -2.9627798
40206 -2.1581807
40306 -0.7832079
40406 0.19916105
40509 1.0666075
40606 1.8347445
40710 2.4490829
40810 2.8076034
40909 3.153884
41009 3.3359127
41108 3.4137554
41209 3.2843847
41308 2.593236
41408 1.4087601
41509 0.26325417
41609 -0.5760803
41709 -1.3343399
41809 -1.8890157
41909 -2.416182
42009 -2.8165624
42109 -2.919869
42210 -2.671474
42310 -1.8025622
42410 -0.8403959
42509 -0.03875637
42611 1.1997099
42711 2.07907
42810 2.834691
42910 3.2482567
43011 3.455719
43111 3.3584118
43211 2.952796
43311 2.0094771
43414 0.8573594
43514 -0.07923508
43612 -0.9807272
43712 -1.8253067
43812 -2.5280871
43913 -3.1296406
44012 -3.3560596
44113 -3.1244779
44213 -2.482491
44312 -1.5549023
44413 -0.5916414
44513 0.41367626
44614 1.3742752
44714 2.2505631
44814 3.0063229
44914 3.4601755
45014 3.674223
45115 3.7521458
45215 3.6034899
45315 2.7837996
45414 1.7829742
45516 0.9136181
45620 0.1611185
45715 -0.6262369
45817 -1.40429
45916 -2.0453727
46016 -2.5133119
46116 -2.792607
46216 -2.8583827
46316 -2.8528259
46417 -2.1447778
46517 -0.92062426
46616 0.163517
46717 1.0333462
46817 1.7097921
46918 2.2658424
47017 2.754651
47119 2.999402
47219 3.057993
47318 2.8811746
47419 1.9865556
47519 0.7721062
47619 -0.18344021
47702 -0.94673157
47802 -1.7569752
47903 -2.266649
48003 -2.581113
48103 -2.7378469
48203 -2.5317354
48303 -1.6432064
48403 -0.4610858
48503 0.6372738
48603 1.5468698
48704 2.3562942
48804 2.9336386
48904 3.2731295
49004 3.3287153
49104 3.0263367
49205 1.909873
49305 0.59675217
49405 -0.4099064
49505 -1.2836659
49605 -2.0597978
49706 -2.7905743
49809 -3.2022834
49906 -3.392929
50005 -2.9900527
50106 -2.2262647
50206 -0.919817
50309 0.22854376
50409 1.1751714
50509 1.8925924
50607 2.5587435
50707 2.9339242
50808 3.2398129
50908 3.3212023
51008 3.0671911
51108 2.2240877
51208 0.84365845
51308 -0.427382
51408 -1.5714378
51508 -2.3698525
51608 -3.1661057
51709 -3.720939
51811 -3.8309667
51911 -3.28769
52010 -2.246479
52111 -0.98661995
52211 0.12874603
52311 1.1522536
52410 1.9580064
52511 2.5786276
52610 3.0642366
52711 3.4426165
52811 3.6148424
52914 3.580864
53011 2.7994103
53111 1.4187636
53211 0.04310131
53314 -1.3305588
53414 -2.4795072
53514 -3.2812965
53613 -3.447237
53712 -2.6565511
53812 -1.2068055
53913 0.37438488
54012 2.0973792
54115 3.3438778
54213 3.9110966
54314 4.021223
54413 3.9925518
54514 3.777008
54614 3.1110601
54714 2.0655022
54814 0.8153515
54914 -0.06787825
55014 -0.7891307
55115 -1.3246951
55215 -1.501585
55315 -1.4918323
55417 -1.280827
55516 -0.6780448
55615 0.77873755
55716 2.2083445
55816 3.2542353
55916 3.9152699
56016 4.020977
56116 3.871438
56217 3.4807835
56316 2.9754243
56417 1.9596338
56519 0.8722601
56618 -0.030350685
56718 -0.95366573
56817 -1.7258453
56918 -2.0923867
57018 -2.1224747
57118 -1.5535374
57218 -0.3445921
57320 0.8524642
57418 1.9061136
57519 2.783564
57619 3.2703009
57703 3.4322567
57803 3.489727
57919 3.334715
58003 2.8435888
58103 1.1845908
58203 -0.32337856
58303 -1.9067388
58403 -3.3722587
58504 -3.881861
58604 -3.9060967
58704 -3.2450285
58804 -1.6330166
58905 -0.24993944
59004 0.8011203
59105 1.6793861
59205 2.3215685
59305 2.7094283
59405 2.8434358
59505 2.6949706
59606 1.6613975
59706 0.30635357
59806 -0.68269634
59909 -1.5108495
60006 -1.8155808
60109 -1.7739358
60209 -1.5003362
60308 -0.7436447
60408 0.56608295
60508 1.3423085
60607 1.80478
60708 2.1665525
60807 2.3699317
60907 2.2781281
61008 1.0229025
61107 -0.59635735
61209 -1.4495869
61309 -1.8807876
61408 -1.9801841
61511 -1.9754951
61611 -1.7437699
61711 -1.2838109
61811 -0.73096466
61911 -0.27370358
62011 0.33494186
62111 0.8984637
62210 1.2741637
62310 1.73423
62412 1.9890008
62511 2.043429
62611 1.9871192
62711 1.3777647
62811 0.003159523
62911 -1.03789
63012 -1.6928248
63111 -1.8415675
63211 -1.789535
63312 -1.0079827
63412 0.5287447
63512 1.8640084
63612 3.0334473
63713 3.4778337
63813 3.3796911
63913 2.4064026
64013 0.9215894
64114 -0.1552248
64213 -1.0002303
64313 -1.459219
64414 -1.4670815
64513 -0.98807573
64614 0.08189678
64714 0.8418422
64814 1.6570663
64915 2.4638734
65016 3.2403746
65115 3.8268871
65215 4.380802
65315 4.39536
65415 3.4231691
65515 1.9751997
65615 1.1014776
65716 0.8038397
65816 0.9515977
65916 2.1456842
66017 3.6799889
66117 4.617366
66218 4.8678827
66318 3.960351
66417 2.127575
66519 -0.1629777
66618 -1.7233512
66718 -2.4569213
66817 -2.9548984
66917 -3.1084535
67018 -2.7842586
67118 -1.686631
67218 -0.71082354
67319 0.021044254
67419 0.5523319
67519 1.0873065
67603 1.5936918
67703 1.854361
67803 1.84022
67903 1.6836138
68003 0.88064003
68102 -0.21531725
68204 -1.04812
68304 -1.6341496
68404 -1.8778017
68504 -1.8895068
68604 -1.7635803
68704 -1.3717065
68804 -0.7194209
68905 -0.1475668
69005 0.62759495
69105 1.1719108
69205 1.5262504
69305 1.6988778
69406 1.6971221
69505 1.1832671
69609 0.023435116
69709 -0.85120964
69806 -1.3992393
69906 -1.8260591
70008 -1.9183412
70106 -1.781239
70208 -1.1484077
70308 -0.2234931
70409 0.5843458
70509 1.5288568
70607 2.1259117
70707 2.4617677
70809 2.4832368
70909 1.9423866
71008 0.914598
71108 -0.14178467
71208 -0.71443653
71311 -1.2510185
71411 -1.4112649
71511 -1.2237694
71609 -0.6749983
71709 0.12910843
71809 0.9752779
71910 1.6933389
72009 2.2763038
72110 2.7122345
72210 2.758296
72310 2.4806237
72410 1.5083399
72510 0.12667322
72610 -0.79377794
72710 -1.3838966
72811 -1.6755767
72911 -1.6230023
73014 -1.209084
73114 -0.3415203
73214 0.647069
73314 1.3870492
73414 1.9633894
73513 2.7181916
73613 2.9294138
73712 2.5494676
73812 1.7516723
73913 0.45573902
74013 -0.5957861
74114 -1.4177098
74213 -1.8882642
74314 -2.028685
74415 -1.9028594
74514 -1.4838512
74614 -0.74259377
74714 -0.0070762634
74814 0.7322006
74915 1.6439834
75015 2.1049752
