12 0.81396294
112 1.9866905
213 2.9432993
313 3.5179005
413 3.568596
513 3.4224262
613 2.6780028
713 1.3021407
813 0.07052612
914 -0.99283266
1014 -1.7616322
1114 -1.8292642
1214 -1.6227825
1314 -0.535089
1415 0.528574
1514 1.5862288
1614 2.496255
1715 3.0798292
1815 3.2856274
1915 3.1193256
2015 2.297049
2115 1.0396051
2216 -0.12796879
2316 -1.2807984
2416 -1.9131868
2516 -2.1162
2616 -1.9236097
2716 -0.9444876
2817 0.23265934
2917 1.2468877
3017 2.3352938
3117 3.0792933
3217 3.5231504
3317 3.607809
3418 3.2428112
3518 2.0043092
3618 0.36710644
3718 -1.2272522
3818 -2.3350842
3918 -2.996406
4019 -3.1634712
4118 -2.8546252
4202 -2.2492318
4302 -1.3261898
4402 -0.12236357
4502 0.97922325
4602 1.9969673
4702 2.62572
4803 2.6531258
4903 2.2394729
5003 0.9085126
5103 -0.56267405
5204 -2.000833
5304 -2.8259645
5404 -3.0011048
5504 -2.9075346
5604 -2.3218765
5704 -1.1303668
5804 0.28495884
5905 1.5991545
6005 2.4930587
6105 2.8950095
6205 2.6697998
6305 1.6822343
6406 0.24731159
6506 -1.127562
6606 -2.1200714
6706 -2.5492482
6806 -2.5941377
6906 -2.3460288
7006 -1.480587
7107 -0.21234179
7207 0.7625294
7307 2.051557
7407 2.6678786
7507 2.8541923
7608 2.668242
7707 1.9582872
7808 0.8067832
7908 -0.86351013
8008 -2.072348
8108 -2.9811835
8208 -3.1459785
8308 -2.903888
8409 -1.8556297
8509 -0.7814865
8609 0.65104246
8710 1.9362845
8810 2.9486046
8909 3.2787733
9009 3.164197
9110 2.5274072
9210 1.1435223
9310 -0.49283457
9410 -2.0362725
9510 -2.934273
9611 -3.1666229
9710 -2.8168952
9812 -1.9226587
9912 -0.81670856
10011 0.47872734
10111 1.7336221
10212 2.8518744
10311 3.260992
10412 3.0688381
10512 2.0882225
10612 0.37121773
10712 -1.2894568
10812 -2.7910013
10913 -3.6024833
11013 -3.8065984
11113 -3.51834
11213 -2.4778917
11313 -0.9556675
11413 0.7411723
11513 2.092505
11614 3.2827559
11714 3.6467266
11814 3.5447435
11914 2.8784385
12014 1.181705
12115 -0.44813633
12215 -1.9951749
12315 -3.2107718
12415 -3.8341787
12515 -3.975443
12615 -3.7204733
12716 -3.071957
12815 -1.8196101
12916 -0.37357807
13016 1.1411638
13116 2.2518554
13216 2.6578393
13317 2.5751839
13416 1.823266
13517 0.27046824
13617 -1.3228257
13717 -2.574283
13817 -3.3017335
13917 -3.3914046
14017 -2.5060887
14118 -1.3000729
14218 0.27867126
14318 1.5837336
14418 2.4988236
14518 3.0494041
14619 3.1036777
14719 2.4657655
14819 0.9972954
14902 -0.40059805
15002 -2.0253716
15102 -3.011656
15202 -3.4457808
15302 -3.3141031
15402 -2.4538548
15503 -1.3070343
15603 0.24607754
15704 1.5296464
15804 2.578723
15904 3.1068468
16004 3.1527452
16104 2.872438
16204 2.5057955
16304 2.3587775
16405 2.3506637
16505 2.3605413
16605 2.3886886
16705 2.441008
16805 2.490827
16905 2.5163927
17005 2.5322218
17105 2.5461836
17206 2.556365
17306 2.5646067
17406 2.5697737
17506 2.5810537
17606 2.6007066
17706 2.605451
17807 2.6133394
17907 2.5500612
18007 1.1590915
18107 -0.15603161
18207 -1.431169
18308 -2.3445373
18408 -2.874714
18508 -3.2825694
18608 -3.4064345
18708 -3.2370644
18808 -2.4858177
18909 -1.55675
19009 -0.26801968
19109 0.78208447
19209 1.6540375
19309 2.3937545
19409 2.8069406
19510 3.1513462
19610 3.4112701
19710 3.5644817
19810 3.5373402
19910 2.8093925
20010 1.4032378
20110 0.3735423
20210 -0.6527147
20311 -1.8171692
20411 -2.4887476
20511 -2.920905
20611 -3.0013127
20711 -2.4390903
20811 -1.6234126
20911 -0.7160735
21012 0.4494977
21112 1.4743719
21212 2.1830788
21312 2.6874113
21412 2.921383
21513 2.9517794
21613 2.7402382
21713 2.147596
21813 1.2448168
21913 0.24078369
22014 -0.73642445
22113 -1.4402211
22213 -1.8615584
22314 -1.9729688
22415 -1.8883462
22514 -1.5195267
22614 -0.6370592
22714 0.63034344
22814 1.811605
22915 2.9896746
23016 3.6473112
23115 3.9034786
23215 3.8593006
23316 3.309452
23416 2.3528051
23516 1.2102032
23616 0.18989992
23716 -0.8183608
23816 -1.7114949
23917 -2.3748507
24017 -2.9115386
24117 -3.1925578
24217 -3.4277623
24317 -3.447447
24417 -3.1371598
24517 -2.0510361
24618 -0.73211193
24718 0.65537214
24818 1.780963
24918 2.8879113
25018 3.7585325
25118 4.3193035
25219 4.5161486
25319 4.4415693
25419 3.8936749
25519 3.1429138
25602 1.8571572
25702 0.36995983
25802 -0.9380808
25902 -1.9829602
26002 -2.7166994
26102 -3.0373836
26203 -3.3944888
26303 -3.4254398
26404 -3.4542701
26504 -3.4644368
26604 -3.4835958
26704 -3.4877334
26804 -3.4331708
26904 -3.1584253
27004 -2.4794323
27105 -1.4888244
27205 -0.71341085
27305 -0.029922962
27405 0.5734706
27505 1.3016891
27605 1.8917518
27705 2.5866241
27806 2.9929404
27905 3.1010609
28006 3.068492
28106 2.6386652
28206 1.5678825
28307 0.5309987
28406 -0.75378704
28507 -1.6492729
28607 -2.0936792
28707 -2.4695735
28807 -2.8185875
28908 -2.9866707
29007 -3.003189
29108 -3.009375
29208 -3.0128815
29308 -3.0160055
29408 -3.0168848
29508 -2.9973676
29609 -2.9286752
29708 -2.8920941
29809 -2.8849688
29909 -2.8805492
30009 -2.8735027
30109 -2.8692045
30209 -2.8118403
30310 -2.1236281
30409 -0.8980479
30510 0.28911257
30610 1.2388921
30710 2.0749788
30811 2.7853532
30910 3.1445436
31011 3.338663
31111 3.4006538
31211 3.3062181
31311 3.0659657
31411 2.1607924
31512 1.141726
31612 0.18131495
31712 -0.9643755
31812 -1.7543743
31912 -2.3069587
32012 -2.915584
32112 -3.2242098
32212 -3.4864373
32313 -3.6455896
32413 -3.6807194
32513 -3.6243508
32613 -3.2983937
32713 -2.5337887
32813 -1.5942521
32913 -0.54205227
33014 0.38978672
33114 1.2322354
33214 2.0045762
33314 2.5660715
33414 2.9828415
33515 3.1931248
33615 3.2739048
33715 3.2915363
33815 3.177083
33915 2.8401818
34015 2.3437662
34116 1.5208368
34215 0.74688816
34316 -0.2733264
34416 -1.1699357
34516 -2.0438476
34616 -2.6171653
34716 -3.0509934
34816 -3.3175197
34917 -3.423538
35017 -3.297529
35117 -2.8193967
35217 -2.3882377
35317 -2.198322
35417 -2.0401824
35518 -1.7737966
35618 -1.1922898
35718 -0.39413357
35818 0.29549265
35919 0.53277874
36019 0.6886163
36119 0.7877183
36202 0.8975291
36302 1.0851784
36402 1.3231053
36502 1.7069297
36602 2.0060477
36702 2.4152079
36803 2.8106546
36903 3.0005302
37003 3.1524258
37103 3.4316616
37204 3.5628605
37304 3.4290104
37404 2.9559298
37504 1.9895792
37604 0.7454195
37704 -0.28906488
37805 -1.1876152
37904 -2.0328934
38005 -3.0381722
38105 -3.540392
38205 -3.8767614
38305 -4.315771
38406 -4.284505
38506 -3.9857366
38606 -3.7275517
38706 -2.6535506
38806 -1.4057689
38906 -0.45150948
39006 0.3533907
39107 1.0548282
39207 1.7837
39307 2.5007339
39407 3.083085
39507 3.3768358
39608 3.476717
39708 3.4308424
39808 2.7792106
39908 1.8056412
40008 0.8394766
40108 -0.33098412
40209 -1.2895885
40309 -2.2063584
40409 -2.8054216
40509 -3.1883674
40609 -3.306412
40709 -3.3495312
40809 -3.3596811
40909 -3.324962
41010 -3.0337858
41110 -1.7586789
41211 -0.688776
41310 0.39165258
41410 1.2853823
41510 2.196879
41611 2.9673996
41711 3.4644413
41810 3.7996912
41911 3.919218
42011 3.939062
42111 3.8969288
42212 3.6063309
42312 2.8704596
42411 2.030398
42512 1.1358833
42612 0.15053654
42712 -0.7919302
42812 -1.6428745
42913 -2.3958068
43012 -2.7277875
43113 -2.9985209
43213 -3.2112024
43313 -3.3316698
43414 -3.5092793
43513 -3.6592941
43614 -3.6412585
43714 -3.5477717
43814 -3.1392756
43914 -2.0260966
44014 -0.90404654
44115 0.12127352
44215 0.9543586
44315 1.9657531
44415 2.6816306
44515 3.1462355
44615 3.2924118
44715 3.386569
44816 3.4261923
44916 3.4269094
45016 3.4054298
45116 3.343194
45216 3.2148428
45316 2.767208
45417 1.8717232
45516 0.91949654
45617 -0.046896458
45717 -0.99902344
45817 -1.723722
45917 -2.119699
46018 -2.3120227
46118 -2.3775268
46218 -2.327492
46318 -2.1233156
46418 -1.7139192
46519 -1.0757701
46618 -0.30399656
46719 0.6041951
46819 1.3840466
46902 1.9333634
47002 2.4939017
47102 2.939354
47202 3.1165705
47302 3.1060505
47402 2.7483377
47503 1.7626891
47603 0.53758
47704 -0.48648167
47804 -1.6883705
47904 -2.4322119
48004 -2.8423824
48104 -3.058279
48204 -3.0300014
48304 -2.8006406
48405 -2.1613321
48505 -1.2535961
48605 -0.17379856
48705 0.6412835
48805 1.4034882
48905 2.0576487
49005 2.5220423
49105 2.6685076
49206 2.6141572
49306 2.1145463
49406 0.99435997
49506 -0.009993553
49606 -1.1137726
49706 -2.0730913
49807 -2.6859612
49907 -3.014098
50007 -3.1026978
50107 -2.921523
50207 -2.3355937
50307 -1.2453656
50408 0.08584356
50508 1.1157537
50607 2.0164819
50708 2.7011232
50808 2.9918694
50909 2.9813714
51008 2.5168457
51109 1.3587594
51209 0.2524109
51309 -0.7221322
51409 -1.533076
51510 -2.0767045
51610 -2.2595952
51710 -2.178079
51809 -1.6984177
51910 -0.7678385
52010 0.28795242
52110 1.526793
52210 2.3498635
52310 3.1284761
52411 3.5222683
52511 3.620698
52611 3.4603863
52711 2.9554138
52811 1.6758394
52911 0.28912973
53012 -0.9041786
53111 -1.6308331
53212 -2.1029341
53312 -2.1754682
53412 -2.032312
53512 -1.5037606
53613 -0.5952463
53713 0.4823351
53813 1.4390783
53914 1.9525399
54013 2.8883157
54113 3.5822697
54214 3.5691242
54314 0.0
54414 2.8339996
54514 1.860424
54614 0.39462757
54714 -1.2588344
54814 -2.4860349
54915 -2.8994896
55014 -3.0101116
55115 -2.905575
55215 -2.2312026
55315 -1.3842239
55416 -0.4867859
55516 0.744668
55616 1.6612749
55716 2.485427
55816 3.1655483
55916 3.474718
56016 3.3118725
56116 3.0191832
56217 2.0527496
56317 0.9679537
56417 -0.56067276
56517 -1.6488729
56618 -2.4727926
56718 -2.8570936
56818 -2.9386632
56918 -2.7352865
57018 -2.189127
57118 -1.3961368
57218 -0.29936457
57319 0.7455516
57419 1.6926727
57519 2.4368806
57602 2.6772814
57701 2.865758
57802 2.66438
57902 1.9258842
58002 0.7853422
58102 -0.5621958
58203 -1.7082875
58303 -2.4469116
58403 -2.7197726
58504 -2.8837397
58604 -2.693569
58704 -2.240519
58804 -1.3403995
58904 -0.083575726
59004 0.8505163
59104 1.7377653
59205 2.5087137
59305 2.9714193
59405 3.115879
59505 2.9325943
59605 2.0508623
59706 0.88229084
59806 -0.3759756
59906 -1.4336579
60006 -2.0347245
60106 -2.3357825
60206 -2.2785058
60306 -1.9187529
60406 -1.1281579
60507 0.0018277168
60608 0.95192575
60707 1.7237129
60807 2.3461733
60907 2.6052094
61007 2.6294012
61108 1.9795089
61208 0.6616664
61309 -0.8200488
61408 -1.7250657
61508 -2.349791
61609 -2.587049
61709 -2.5249345
61809 -1.9751878
61908 -1.0090511
62009 0.3783512
62109 1.5646696
62210 2.3711371
62310 3.1197472
62410 3.4191484
62510 3.4800987
62610 3.1486797
62711 2.355719
62810 1.415658
62910 -0.12357187
63010 -1.3356278
63111 -2.2355473
63211 -2.6540263
63311 -2.717113
63411 -2.4797795
63511 -1.5284591
63612 -0.073783875
63712 1.1932802
63812 2.086965
63912 3.0109348
64012 3.4762154
64112 3.5053225
64213 2.9487953
64313 1.6313896
64413 0.30213118
64513 -1.0895982
64613 -2.3355432
64713 -3.9244514
64814 -4.066626
64913 -4.1004057
65014 -2.6514504
65114 -1.7097836
65214 -0.35457802
65314 0.91247654
65414 1.9955645
65515 2.9574165
65614 3.439783
65716 3.7315388
65815 3.4559011
65915 2.6996627
66015 1.5791793
66115 0.16360807
66216 -1.1965606
66316 -2.1997828
66417 -2.6979969
66516 -2.8830905
66616 -2.8141217
66716 -2.2298071
66817 -1.1420014
66916 0.14706326
67017 1.5075507
67117 2.464593
67218 3.1672163
67317 3.4730568
67417 3.3752804
67518 2.9733887
67618 1.7454491
67718 0.45440578
67818 -0.8467121
67918 -1.8154562
68018 -2.219439
68119 -2.240705
68219 -1.9360833
68302 -1.1090589
68402 0.09235668
68502 1.506002
68602 2.0855622
68702 2.7292275
68802 2.969718
68902 2.9602556
69003 2.5428567
69103 1.343215
69204 -0.3450899
69304 -1.423573
69404 -2.364698
69504 -2.7402468
69604 -2.8202243
69704 -2.5620704
69805 -1.6605148
69905 -0.51532555
70005 0.68381596
70105 1.7212386
70205 2.5976257
70305 3.0222063
70405 3.0627031
70506 2.6323853
70606 1.3426423
70706 0.187891
70806 -1.2696438
70906 -2.272614
71006 -2.7451618
71106 -2.8746352
71207 -2.7000623
71307 -2.0302308
71407 -0.79661465
71507 0.5219736
71607 1.4507265
71707 2.3765502
71808 3.046135
71908 3.232462
72008 2.9365172
72108 1.8683801
72208 0.49522066
72309 -0.95918846
72409 -2.262487
72509 -2.9797716
72609 -3.310842
72709 -3.2795205
72809 -2.9379706
72909 -2.348873
73009 -0.99645805
73110 0.3940668
73210 1.8255358
73310 2.7226434
73410 3.4338932
73510 3.6656656
73610 3.5448332
73710 3.07298
73811 1.6468658
73911 -0.13299084
74011 -1.487428
74111 -2.3937967
74211 -2.9490721
74312 -3.0589836
74412 -2.900127
74513 -2.0361493
74613 -0.82795
74712 0.45573568
74812 1.5362473
74913 2.5190248
75013 3.349022
