12 0.4948616
111 2.271318
212 2.6939554
312 2.3053155
413 0.85441065
512 -0.89565086
613 -2.135859
712 -2.3607469
814 -1.2216194
914 0.8283434
1014 2.0182076
1114 2.4400291
1214 1.883255
1315 -0.11186123
1414 -2.0732665
1515 -3.0922287
1615 -2.4561098
1715 -0.9311304
1816 1.5806265
1916 2.8296623
2017 2.8972092
2150 1.0146818
2233 -0.90316296
2333 -2.3969417
2435 -2.747646
2535 -1.6806159
2635 0.44994116
2752 2.5648584
2851 2.8484993
2952 2.2618613
3052 0.7881875
3153 -1.1396859
3254 -2.3332834
3354 -3.0497978
3454 -2.473074
3554 -0.97637033
3655 1.1577063
3754 2.2491674
3854 2.2734747
3955 1.4905448
4055 -0.5305433
4172 -2.4514046
4273 -3.2336097
4372 -2.958481
4473 -1.5852363
4574 1.1790771
4673 2.4873328
4774 2.589254
4873 1.7472024
4991 -0.8428297
5091 -2.9185078
5191 -3.6913223
5291 -2.9178758
5393 -1.2905393
5492 1.2591295
5593 2.4349418
5693 2.6449533
5793 2.1826372
5894 0.58171034
5994 -1.5863845
6095 -2.571319
6195 -2.275682
6295 -0.765872
6395 1.3536024
6495 2.0060182
6596 1.7331858
6695 -0.62303066
6796 -1.6630616
6897 -2.9070382
6997 -2.4540577
7097 -0.4195752
7197 1.5976944
7298 2.4838548
7397 2.7011833
7498 1.6240702
7598 -0.6153803
7699 -3.1198907
7798 -3.9714375
7899 -2.9993434
7999 -0.4340129
8099 1.7739363
8200 2.5447822
8300 1.8876472
8400 0.4308796
8501 -1.6832428
8601 -3.0928273
8701 -2.9873219
8801 -1.2498467
8901 1.0887194
9001 2.39962
9102 2.6941748
9202 1.488462
9303 -0.60948706
9403 -2.4811354
9503 -2.7628112
9604 -1.1246514
9703 1.2137327
9804 2.6619468
9904 2.5975838
10005 1.2143822
10104 -1.0618458
10205 -2.398733
10306 -2.1737819
10405 -0.17694473
10506 2.1324868
10607 2.77182
10707 2.116095
10806 0.14333057
10907 -2.2021043
10991 -3.1485631
11090 -3.1009529
11192 -1.5179858
11292 1.4735689
11392 2.5076666
11492 2.4002771
11592 0.2725296
11693 -2.5054638
11793 -3.4016774
11893 -2.8515713
11993 -0.78864527
12094 1.7348986
12194 2.779161
12294 2.0346894
12395 -0.57898855
12495 -2.8682532
12594 -3.4564435
12694 -2.1714137
12795 0.5458522
12895 2.4959016
12996 3.0796032
13096 1.7470083
13197 -0.76933
13297 -2.737518
13397 -2.8633947
13498 -0.98528385
13598 1.5815859
13698 2.5474534
13797 2.3126311
13899 0.62043285
13998 -1.4646785
14099 -2.7629876
14199 -2.6190343
14299 -0.70673466
14400 1.7845855
14500 2.9015007
14601 2.3927093
14701 0.3057108
14801 -2.1651597
14901 -3.586326
15001 -3.4623482
15101 -1.619767
15202 1.0931458
15303 2.6037574
15402 2.6996355
15503 1.066174
15603 -1.7365067
15704 -3.0279076
15803 -3.082728
15903 -2.1466763
16004 -0.53779316
16104 0.91927814
16205 1.6197548
16305 1.8498626
16405 1.469243
16506 0.3735757
16605 -1.1819007
16706 -2.6386187
16806 -3.230481
16906 -3.2352993
17007 -2.5881097
17107 -1.3553193
17190 -0.17620897
17291 0.5417156
17390 0.9470134
17492 1.2132559
17592 1.557126
17691 1.9584551
17792 2.152089
17892 2.414369
17993 2.538868
18093 2.3640885
18193 0.80370617
18293 -0.689414
18394 -1.70297
18494 -2.52032
18595 -2.9384634
18695 -3.0383823
18795 -2.847004
18894 -2.1391988
18995 -0.4651823
19096 0.7322459
19196 1.3984466
19296 1.874826
19397 2.2071328
19497 2.4770203
19597 2.6987214
19697 2.808909
19797 2.733912
19898 2.1795945
19998 1.1135707
20099 -0.24161625
20199 -1.5149071
20299 -2.5520287
20398 -3.1351495
20499 -3.378209
20600 -3.4045842
20700 -3.1587977
20800 -2.7309773
20900 -1.4786086
21001 -0.01800108
21101 1.0368814
21201 1.7060127
21301 2.1113043
21401 2.3272772
21502 2.3839798
21603 2.415236
21703 2.4029112
21803 2.2335672
21903 1.6986265
22003 0.5978193
22104 -0.4311204
22204 -1.4351468
22303 -2.1191323
22404 -2.5675135
22504 -2.7909777
22605 -2.829523
22705 -2.7941427
22805 -2.6164508
22905 -1.7977872
23005 -0.32955503
23107 0.7517128
23207 1.4627371
23306 1.874537
23407 2.1688118
23491 2.3449302
23590 2.4960046
23691 2.5161715
23792 2.44095
23892 2.1751418
23992 1.060328
24091 -0.74360514
24193 -2.0048914
24293 -2.7429497
24393 -2.927399
24494 -2.984323
24594 -2.8723044
24694 -2.34989
24793 -0.93829393
24895 0.21539783
24995 0.8983164
25094 1.3193026
25195 1.611229
25296 1.9233284
25396 2.2524934
25496 2.3916984
25597 2.4067106
25697 2.2987924
25797 1.8507285
25896 1.3782225
25997 0.011668205
26098 -1.3074028
26198 -2.0420043
26298 -2.3087516
26399 -2.3333015
26498 -2.2474866
26599 -1.9938312
26699 -1.3156867
26799 0.13802004
26900 1.1679044
27000 1.9158654
27100 2.4773178
27201 2.715148
27300 2.869937
27401 3.0547237
27501 3.099721
27601 3.0945692
27701 2.7354088
27802 1.6202912
27902 0.0049037933
28003 -1.2889647
28103 -2.027197
28203 -2.3772848
28304 -2.4000423
28404 -2.2158878
28504 -1.9172091
28604 -1.1935658
28704 0.15693569
28805 1.4495826
28904 2.3461275
29005 2.5888686
29106 2.653716
29206 2.6052337
29306 2.397416
29406 2.056675
29507 1.2049079
29606 -0.30399942
29691 -1.3558338
29791 -2.124205
29890 -2.5507133
29992 -2.739704
30092 -2.7028432
30192 -2.5561185
30291 -2.37637
30393 -2.0992799
30493 -0.38150692
30593 0.66042423
30694 1.4538178
30793 1.9403167
30894 2.3491507
30994 2.4988594
31095 2.5716085
31195 2.5753756
31295 2.5238733
31395 2.291204
31495 1.7960205
31595 -0.05846548
31696 -1.5450473
31797 -2.3756182
31896 -2.829416
31997 -2.893907
32097 -2.7873936
32197 -2.6210096
32298 -2.2798707
32398 -0.87653494
32497 0.48491
32598 1.3173122
32698 1.9607368
32798 2.2579484
32899 2.5316
32999 2.7711549
33100 2.837739
33200 2.8381472
33300 2.6010218
33401 1.6072855
33501 0.43891048
33601 -0.61297464
33701 -1.627358
33801 -2.205597
33902 -2.5457897
34002 -2.5999486
34103 -2.6275406
34202 -2.6429324
34303 -2.5404239
34404 -2.0061574
34503 -0.37905073
34604 0.9674444
34703 1.8746009
34804 2.263877
34905 2.5894403
35004 2.6775756
35104 2.6363463
35205 2.503007
35305 1.9549155
35405 0.81487894
35506 -0.66740894
35607 -1.9638803
35707 -2.4756088
35807 -2.6774216
35908 -2.7399926
36008 -2.72981
36108 -2.6122026
36208 -2.3222551
36309 -1.1258779
36409 0.3869295
36508 1.4313416
36609 2.135127
36710 2.3512444
36809 2.6614394
36910 2.7709417
37009 2.7993455
37093 2.8063493
37193 2.7152948
37294 2.4128547
37394 1.3032646
37495 -0.26071596
37595 -1.4224682
37696 -2.0319731
37796 -2.4704254
37895 -2.7679527
37996 -2.785411
38097 -2.7779639
38197 -2.66418
38297 -2.3577542
38397 -1.491288
38498 0.16358471
38598 1.196178
38698 1.8282881
38798 1.9882355
38899 2.0627146
38999 2.1320329
39099 2.147798
39199 2.1566238
39299 2.1476622
39400 1.8051085
39500 0.6407771
39600 -0.76085424
39700 -2.0527081
39801 -2.7052932
39901 -2.9228919
40001 -2.8971872
40101 -2.8246474
40202 -2.7006094
40303 -2.4341943
40403 -1.0456772
40503 0.54313755
40602 1.555726
40703 1.9220772
40804 2.0716147
40904 2.4409065
41004 2.6827393
41105 2.7500358
41204 2.7376404
41305 2.4851556
41406 1.9875388
41506 0.8174348
41606 -0.5386963
41706 -1.7955527
41806 -2.2486863
41906 -2.4658575
42006 -2.5776258
42107 -2.6169717
42207 -2.616651
42308 -2.5806146
42408 -2.4649572
42508 -1.905961
42608 -0.21029568
42709 0.9289255
42809 1.9056039
42909 2.3344736
43009 2.4943285
43110 2.5754333
43210 2.6356254
43294 2.64496
43393 2.5106292
43494 1.9282112
43595 1.025836
43695 0.0574522
43795 -0.989789
43894 -1.8130589
43995 -2.4596236
44096 -2.5978782
44196 -2.6527066
44296 -2.6800332
44397 -2.7120504
44497 -2.635127
44597 -2.028089
44697 -0.35678387
44798 0.940629
44898 1.8892593
44997 2.4277725
45098 2.6155868
45199 2.6111832
45299 2.57866
45400 2.4497552
45500 1.8548365
45600 0.6338072
45700 -0.5485482
45800 -1.4334972
45900 -2.4585183
46001 -3.0300682
46101 -2.8862443
46201 -1.3797443
46302 0.57013845
46402 1.7505903
46502 2.1380682
46602 1.4546251
46703 -0.31681156
46803 -2.1938186
46903 -2.6156323
47004 -2.456637
47104 -0.84582806
47204 1.3579168
47305 2.3143363
47405 2.142788
47504 1.0057268
47605 -1.0121989
47705 -2.6012728
47806 -2.997048
47906 -1.5322385
48006 0.47470713
48107 1.9975715
48206 2.4920182
48307 2.0148673
48407 0.4811263
48507 -1.3395991
48607 -2.394195
48708 -2.297974
48808 -0.40358734
48909 1.4869423
49009 2.6409454
49109 2.9778457
49210 1.8999953
49310 -0.11850214
49410 -2.0368602
49493 -3.054923
49593 -3.1733623
49694 -2.1139045
49795 0.2704358
49895 1.7792368
49995 2.4393654
50095 2.150525
50196 0.70912075
50296 -1.1174216
50396 -2.524426
50496 -2.7844574
50597 -1.389399
50696 0.8146024
50797 2.260993
50897 2.8709707
50998 1.7554016
51098 -0.2575903
51198 -2.0510705
51298 -3.0804524
51399 -2.57466
51499 -0.63187504
51599 1.617713
51700 2.6461892
51800 2.3889313
51900 1.3952999
52000 -0.42910862
52101 -2.1461444
52201 -2.645301
52301 -1.4139905
52401 0.63337755
52502 2.2579203
52601 2.611556
52702 2.047254
52802 0.48685408
52903 -1.7878938
53003 -3.3332613
53103 -3.3561397
53203 -1.468307
53304 0.7984724
53404 2.2550974
53505 2.3552008
53605 1.4437151
53704 -0.019804955
53805 -2.0662456
53905 -3.600864
54006 -3.297217
54106 -1.8223915
54206 0.07366514
54307 1.2617302
54406 1.5931458
54507 1.064147
54607 -0.8389044
54708 -2.798553
54808 -3.263988
54908 -2.465899
55008 -0.51396227
55109 1.0548749
55209 2.0033302
55309 2.1930532
55409 1.157197
55510 -1.0431323
55610 -2.748547
55709 -2.938354
55793 -1.7746997
55894 0.26141787
55994 1.6295557
56095 1.7941484
56194 1.199111
56295 -0.571311
56396 -2.4795315
56496 -3.7791367
56596 -3.453436
56696 -1.600425
56797 0.11932087
56897 1.1770892
56997 1.3488517
57097 0.88426924
57197 -0.42135715
57297 -2.0871634
57397 -2.506862
57499 -1.2658
57599 0.7900429
57699 1.8837891
57799 2.1129708
57899 0.9367304
58000 -1.2358851
58100 -2.461684
58200 -1.8057294
58301 0.0203619
58400 1.566504
58501 2.350975
58601 2.03833
58702 0.54388237
58802 -1.2383945
58901 -2.5983377
59002 -2.4817848
59102 -0.7395315
59202 1.2116537
59303 1.8805299
59404 2.1142578
59503 1.3758063
59604 -0.81687355
59704 -2.108326
59805 -1.9121575
59905 -0.51821756
60005 1.1347771
60105 1.9494028
60205 1.853962
60306 0.21298838
60405 -1.4480355
60506 -2.2610915
60606 -1.6660569
60707 0.06374264
60807 1.3441405
60908 1.728621
61008 0.8956423
61108 -0.33786345
61208 -1.7421308
61308 -2.2776663
61409 -1.1578567
61508 0.82685184
61610 1.9773393
61709 2.3868723
61809 1.5820527
61910 -0.24975729
61993 -1.5794048
62094 -2.1138275
62193 -0.9186473
62294 0.7840853
62395 1.9651046
62495 2.362773
62594 1.431489
62696 -0.29422665
62796 -1.7353854
62896 -1.7434723
62995 -0.098162174
63097 1.6734972
63197 2.5211473
63297 2.1910887
63397 0.51671124
63497 -1.649524
63598 -2.7897856
63698 -2.2931638
63799 -0.34239435
63898 1.3755445
63999 2.3492327
64099 2.00591
64200 0.21345901
64300 -1.4687233
64400 -2.1337094
64500 -1.158366
64601 0.8422408
64701 2.1299286
64801 2.6927576
64902 1.7266173
65001 -0.2555623
65101 -2.1176412
65202 -2.3580718
65302 -0.33877182
65403 1.8548799
65503 3.168769
65603 2.641551
65704 0.80171585
65804 -1.6953514
65904 -2.3896945
66005 -0.96887493
66105 1.1696215
66204 2.736421
66305 2.9118714
66406 1.3342719
66506 -1.112503
66606 -2.7325776
66706 -2.027939
66807 -0.016695023
66906 1.892066
67007 2.683538
67107 2.0974474
67208 0.092148304
67307 -1.6924355
67407 -2.0561006
67508 -0.45877743
67608 1.6450806
67709 2.5923758
67809 2.1033754
67909 0.24426937
68009 -1.2997417
68110 -1.6409009
68210 -0.123755455
68294 1.744503
68393 2.8917875
68495 2.7951097
68595 1.008585
68695 -1.1067078
68795 -2.943042
68895 -3.023215
68996 -1.0727398
69095 1.2827992
69196 2.487977
69297 2.5688553
69397 1.2068052
69497 -0.7119856
69597 -1.878787
69697 -1.5364692
69798 0.13096046
69898 1.8417044
69998 2.647603
70099 2.2036529
70199 0.42480755
70299 -1.5939419
70399 -2.684967
70499 -1.9540579
70600 0.17091751
70700 1.8913283
70801 2.69168
70900 2.0742812
71001 0.3782611
71101 -1.8019347
71202 -2.655067
71301 -1.6238716
71402 0.39145947
71501 2.0845146
71603 2.8153663
71703 2.3680968
71803 0.60680103
71903 -1.2495854
72003 -2.3255086
72104 -1.7690663
72204 0.17170238
72305 1.7286263
72404 2.777101
72505 3.0824566
72606 1.7631621
72705 -0.35565853
72806 -2.2239408
72906 -2.9309897
73006 -2.050059
73106 -0.009468555
73207 1.6719484
73306 2.828363
73407 2.7715464
73507 1.0060225
73607 -1.2439175
73708 -2.7063816
74025 1.4280062
74126 2.5039382
74227 2.819158
74327 2.2680192
74427 1.2444758
74527 -0.72649527
74627 -2.6787367
74728 -3.2308352
74828 -1.9821744
74928 -0.0846405
