82 3.3581448
182 3.8902788
282 4.17861
382 4.452346
483 4.4542475
582 4.223942
683 3.4705667
783 2.419464
883 1.5841384
983 0.8397455
1083 -0.04121256
1183 -0.6908035
1284 -1.5406711
1384 -2.157675
1484 -2.4239402
1584 -2.7885277
1684 -3.136748
1785 -3.275288
1885 -3.2930915
1968 -3.2034261
2068 -2.8259377
2168 -2.106461
2268 -1.3923016
2368 -0.6293688
2468 0.22991371
2569 1.4033751
2670 2.1360502
2770 2.8374033
2870 3.3324566
2970 3.8512688
3070 4.1369066
3170 4.3248863
3270 4.302964
3370 4.084153
3471 3.5794277
3571 2.5746512
3671 1.5074377
3771 0.8398123
3871 -0.08106136
3971 -1.273066
4072 -1.7428677
4172 -2.1323009
4272 -2.6091156
4372 -3.064445
4472 -3.3420787
4572 -3.557707
4672 -3.5734377
4773 -3.5923276
4873 -3.5893986
4973 -3.5657735
5073 -3.3747458
5173 -2.4198632
5273 -1.1942616
5373 -0.44310522
5474 0.11959839
5575 0.60480404
5674 1.2512894
5775 1.6106515
5879 1.8123231
5974 2.1802168
6075 2.7084503
6176 3.0499868
6276 3.2746544
6376 3.3844852
6476 3.466483
6576 3.4603415
6676 2.9688501
6776 2.216095
6876 1.6582346
6976 0.9466052
7077 -0.0074453354
7177 -0.7815223
7277 -1.2534127
7378 -1.9977796
7477 -2.576081
7578 -2.8683248
7678 -3.154596
7778 -3.2488465
7878 -3.2889206
7978 -3.2852275
8079 -3.1465623
8179 -2.4513574
8278 -1.2970169
8379 -0.4485116
8479 0.2408104
8580 1.1040678
8680 1.805304
8780 2.5485482
8880 3.0778732
8980 3.3942728
9080 3.7226849
9181 4.008568
9280 4.0698223
9381 4.009634
9481 3.4622307
9581 2.342492
9681 1.3193245
9782 0.6393666
9882 0.19736099
9982 -0.54132366
10082 -1.092273
10182 -1.4720795
10282 -1.791467
10383 -2.1971784
10483 -2.6426442
10583 -2.8367255
10683 -2.9505477
10783 -3.1531792
10885 -3.2667174
10983 -3.239363
11084 -2.5145445
11184 -1.691751
11284 -0.9760728
11384 -0.49451733
11484 0.21886206
11584 0.8257899
11685 1.5676818
11785 2.2134485
11885 2.6876678
11968 2.9684095
12067 3.2781773
12168 3.797083
12268 4.239682
12602 3.0234413
12703 2.1229486
12803 1.170268
12904 0.39680815
13003 -0.30852556
13104 -0.7783146
13203 -1.6654766
13304 -2.024542
13404 -2.402658
13505 -2.763308
13604 -3.0742424
13704 -3.4549408
13805 -3.802464
13905 -4.0622244
14005 -4.0730643
14105 -3.908105
14206 -3.3326764
14306 -2.130879
14406 -1.4806607
14506 -0.8909025
14606 -0.25287437
14706 0.6122484
14806 1.349833
14907 2.1326895
15007 2.5883956
15107 2.954618
15207 3.3567228
15307 3.5374012
15408 3.6555042
15507 3.6268911
15608 3.2271986
15708 2.434844
15808 2.040923
15909 0.63076687
16009 0.13921261
16108 -0.8846793
16209 -1.5299153
16309 -1.9952531
16409 -2.2977757
16509 -2.6848922
16609 -2.982025
16710 -3.2617912
16810 -3.4510963
16910 -3.5126233
16993 -3.5176692
17093 -3.4004333
17193 -2.8588843
17293 -2.0482943
17393 -1.1752696
17494 -0.4395013
17594 -0.044692993
17695 0.4238119
17795 1.1394076
17895 1.7524633
18229 3.7309504
18329 4.152611
18429 4.4304543
18530 4.716794
18630 4.7430477
18730 4.6733303
18830 4.1944714
18930 3.1620493
19030 2.2171073
19131 1.12885
19231 0.24252129
19331 -0.35826063
19431 -0.9623327
19531 -1.7401428
19631 -2.2268777
19731 -2.4454818
19832 -2.6230543
20232 -2.906154
20332 -2.245811
20432 -1.0929554
20533 -0.22959232
20633 0.3302927
20733 0.7404742
20833 1.1853704
20933 1.817491
21034 2.507843
21133 2.9636397
21234 3.1888943
21334 3.527687
21434 3.7730007
21535 3.8614712
21635 3.5775614
21734 2.9366899
21835 2.0577178
21935 0.8779645
22035 0.031411648
22135 -0.601686
22236 -1.094696
22336 -1.7548606
22436 -2.2378857
22536 -2.710043
22636 -3.0875459
22737 -3.49152
22837 -3.660861
22937 -3.7160742
23036 -3.7137365
23120 -3.5688183
23219 -2.507709
23320 -1.4916325
23420 -0.606987
23520 0.016072273
23620 0.7835913
23721 1.5879388
23822 2.1567168
23922 2.9373107
24022 3.4541254
24122 3.9168568
24222 4.053705
24322 4.226063
24422 4.2540255
24523 4.158169
24623 3.5231495
24723 2.6137552
24823 1.7302742
24923 0.9512105
25023 0.02766323
25124 -0.6822195
25224 -1.3086479
25324 -1.7765641
25424 -2.27265
25524 -2.6338031
25624 -2.913293
25724 -3.2699306
25824 -3.4131525
25924 -3.3521485
26025 -2.9633286
26125 -2.2228189
26225 -1.4173214
26325 -0.23118114
26425 0.5078187
26525 1.3026037
26626 2.077479
26727 2.7706504
26826 2.6627798
26926 2.6336074
27027 2.7613955
27127 2.9138908
27228 2.84377
27328 2.2992096
27427 1.121346
27528 0.224051
27628 -0.8802872
27728 -1.5387783
27829 -2.0230198
27929 -2.2975965
28028 -2.4830606
28129 -2.7416902
28229 -2.8265488
28328 -2.8283362
28429 -2.7586734
28529 -2.1199496
28630 -1.1892765
28730 -0.53258085
28829 0.019328594
28930 0.7937217
29030 1.1215258
29131 1.2738872
29231 1.7824945
29331 2.14821
29431 2.3398008
29531 2.4454298
29632 2.6395226
29732 2.9003572
29832 2.9997191
29932 2.9493017
30031 2.37856
30132 1.625937
30232 1.1251154
30332 0.19239616
30432 -0.78626966
30533 -1.2949498
30633 -1.6517742
30733 -2.0608563
30833 -2.408565
30934 -2.6504545
31033 -2.790054
31134 -2.860485
31234 -2.8839898
31334 -2.762383
31701 -0.0048971176
31801 0.7085109
31902 1.2948313
32001 1.781179
32102 2.2419538
32203 2.8486543
32303 2.7652879
32403 2.7583685
32503 2.7455482
32603 2.7930107
32703 2.766748
32803 2.627851
32903 2.0760336
33004 1.0417738
33103 0.20863438
33204 -0.3738203
33304 -0.8417926
33404 -1.3644638
33504 -1.8856351
33604 -2.0972261
33705 -2.3275561
33805 -2.5816114
33905 -2.7909148
34005 -2.8301167
34106 -2.8895817
34206 -2.9108996
34306 -2.8663807
34406 -2.535091
34506 -1.6945274
34606 -0.9065585
34707 -0.31651592
34806 0.44014215
34907 1.0347662
35007 1.6734872
35107 2.316565
35207 2.8760538
35308 3.3061323
35408 3.6023455
35508 3.9127178
35608 4.0425587
35690 3.834196
35790 3.1398487
35890 2.5471077
35990 1.6346216
36090 0.7972369
36191 0.12549496
36293 -0.54344845
36393 -1.1295033
36493 -1.6118159
36593 -2.0021772
36693 -2.2540696
36793 -2.316068
36893 -2.3711214
36993 -2.391696
37094 -2.2544692
37194 -1.783467
37294 -0.9058008
37394 -0.18377781
37494 0.57672596
37594 1.1379309
37695 1.7347288
37795 2.3107376
37895 2.741075
37995 3.1233854
38095 3.389864
38195 3.6802826
38295 3.776126
38396 3.7525492
38496 3.350254
38596 2.2923956
38696 1.5917292
38796 0.72670317
38897 0.21540403
38996 -0.60412693
39097 -1.0719135
39197 -1.4467564
39297 -2.050695
39397 -2.5017812
39497 -2.913275
39597 -3.0521235
39698 -3.0616648
39798 -2.885449
39898 -2.170999
39998 -1.1604156
40098 -0.4788189
40199 0.16911411
40299 0.86282396
40399 1.5562234
40500 2.1112914
40600 2.5995927
40699 2.931283
40799 3.291276
40900 3.4958353
41000 3.5676985
41101 3.5414057
41201 3.3034887
41301 2.6562257
41401 2.0744467
41501 1.2302866
41601 0.63546896
41702 -0.00988245
41801 -0.7005086
41902 -1.0633159
42002 -1.6076744
42102 -2.0760076
42202 -2.5036001
42302 -2.8413956
42402 -3.0750408
42503 -3.143706
42603 -3.1209207
42703 -2.7045093
42804 -1.8803048
42904 -1.0285268
43004 -0.4312873
43104 0.25492573
43204 0.8746605
43304 1.5356078
43405 2.0649009
43504 2.6395087
43605 2.9550948
43705 3.243266
43804 3.497734
43905 3.7819138
44222 3.4127846
44322 2.8171296
44423 2.2955933
44522 1.7452025
44622 1.1106429
44723 0.6195197
44824 -0.016048431
44923 -0.5659609
45024 -1.0005615
45123 -1.539599
45224 -2.073962
45624 -3.1051264
45724 -3.186229
45824 -3.1980944
45925 -3.2015405
46026 -3.0142312
46125 -2.3521614
46226 -1.371036
46543 0.6910019
46642 1.3586321
46743 1.9246926
46843 2.4349885
46943 2.8059626
47043 3.0783758
47144 3.3286152
47244 3.5292215
47344 3.6307392
47445 3.6517563
47545 3.6224804
47645 3.1457748
47744 2.3989687
47845 1.5840468
47945 0.8553643
48045 0.19115782
48146 -0.5849085
48245 -1.0494308
48346 -1.4240613
48446 -1.9724898
48546 -2.2796881
48646 -2.5996428
48747 -2.8684044
48847 -3.081557
48947 -3.223083
49047 -3.4007277
49148 -3.4900672
49248 -3.4454217
49347 -2.9640722
49448 -2.3650153
49932 1.5841742
50032 2.2414193
50132 2.717111
50232 2.983757
50332 3.2188635
50432 3.5438442
50532 3.7261887
50633 3.8006086
50733 3.8049746
50833 3.7418604
50933 3.2079391
51033 2.2412796
51133 1.5044851
51233 0.85546494
51335 0.24914932
51435 -0.53415394
51535 -0.9017563
51634 -1.1980278
51734 -1.7013175
51834 -2.097953
51934 -2.4014654
52036 -2.616015
52136 -2.8167915
52235 -2.9871447
52336 -3.0800707
52436 -3.1020231
52537 -2.9657466
52637 -2.2314966
52736 -1.1220791
52837 -0.18506527
52937 0.5664973
53038 1.2654624
53137 1.9591346
53238 2.5030684
53338 3.0234585
53437 3.4397411
53537 3.8726196
53638 4.020487
53738 4.1209955
53838 4.092085
53939 3.8202496
54039 3.03401
54138 2.1772661
54239 1.3919778
54339 0.8195772
54439 0.19912624
54539 -0.4625883
54640 -1.2377632
54739 -1.8566725
54840 -2.486984
54940 -2.9105823
55040 -3.19135
55141 -3.3367028
55241 -3.3861327
55341 -3.4151027
55441 -3.4051657
55541 -3.1127489
55642 -2.151298
55741 -1.2005734
55842 -0.5614748
55941 0.06555891
56042 0.7286391
56142 1.4375901
56243 2.1794443
56343 2.7558527
56443 3.2459736
56542 3.5615644
56643 3.9629269
56743 4.24234
56844 4.309367
56943 4.207553
57043 3.6813211
57127 2.927198
57226 2.0760903
57327 1.3726053
57426 0.7206087
57526 -0.07958794
57626 -1.0148747
57728 -1.6505444
57828 -2.292799
57929 -3.033791
58029 -3.6305382
58129 -3.7909884
58229 -3.7834222
58329 -3.7142549
58430 -3.5636873
58530 -3.2293425
58630 -2.5535362
58730 -1.8755782
58830 -1.1813755
58930 -0.49502182
59030 0.1050024
59130 0.73639965
59231 1.2928953
59331 1.8113074
59431 2.3697205
59531 2.9963584
59631 3.2959871
59731 3.559558
59831 3.7379055
59932 3.8986378
60032 3.9740229
60132 3.8429604
60232 3.230919
60332 2.3817587
60433 1.4543123
60533 0.7415209
60633 0.07408428
60733 -1.0958512
60833 -1.6036611
60933 -2.218159
61033 -2.632574
61351 -3.2805626
61451 -3.302628
61551 -3.3605416
61651 -3.3952327
61751 -3.347733
61851 -2.6847856
61952 -1.4208782
62052 -0.81185913
62152 -0.18762684
62252 0.51923656
62352 1.1185284
62453 1.7074118
62552 2.184783
62654 2.6330442
63037 3.5012102
63137 3.6546364
63238 3.701374
63337 3.6926498
63438 3.322342
63538 2.4191003
63638 1.8104658
63738 1.0207629
63838 0.30320883
63939 -0.2922964
64038 -1.223325
64138 -1.7276406
64239 -2.316627
64339 -2.7842774
64439 -3.1709125
64539 -3.3872397
64640 -3.452713
64740 -3.5269008
64840 -3.5606325
64940 -3.4648845
65041 -2.9686503
65140 -2.4062145
65241 -1.5673585
65341 -0.75464344
65423 -0.19851923
65523 0.4889083
65623 1.2000823
65723 1.878705
65823 2.4917436
65925 3.079753
66025 3.5570135
66125 3.7597933
66226 3.8665743
66326 4.003193
66426 4.069454
66526 3.9977865
66627 3.5362215
66727 3.1865463
66827 2.516796
66927 1.7892141
67027 1.1750813
67128 0.5708866
67227 -0.033362865
67327 -0.7371669
67645 -2.4713187
67745 -2.853841
67845 -3.1600554
67945 -3.3842955
68046 -3.5387623
68146 -3.5467732
68246 -3.2838578
68346 -2.4525106
68446 -1.6330566
68546 -0.89986134
68647 -0.27230167
68747 0.31799603
68847 0.89261484
68947 1.5519943
69046 2.1076293
69147 2.6262527
69248 3.1124945
69348 3.512991
69448 3.739317
69548 4.0323715
69648 4.1336966
69748 4.0891514
69848 3.6563644
69949 3.0620098
70049 2.168641
70149 1.483738
70466 -0.5540266
70566 -1.1817183
70667 -2.0128627
70766 -2.515205
70867 -3.0240304
70966 -3.2918606
71066 -3.5011065
71167 -3.5722277
71268 -3.604969
71368 -3.5907605
71468 -3.3776398
71568 -2.632338
71668 -1.6939793
71768 -0.98101854
71868 -0.32228422
71969 0.5196061
72069 1.4074311
72169 1.8857393
72270 2.3034582
72369 2.4868078
72469 2.8368845
72570 3.1411343
72652 3.3982458
72752 3.5442448
72852 3.5742474
72952 3.5060444
73053 2.9889803
73152 2.4286842
73254 1.6092987
73354 0.72113276
73455 0.03759098
73555 -0.7682295
73655 -1.1448784
73755 -1.7805908
73855 -2.5287862
73955 -3.043008
74055 -3.4700198
74156 -3.5235415
74256 -3.5345843
74356 -3.6206703
74456 -3.6485794
74556 -3.5706913
74656 -3.1734061
74757 -2.3697896
74856 -1.348161
74957 -0.8110461
46 -1.0361881
146 -0.3149042
245 0.4132414
346 0.9871397
446 1.543982
547 2.0773988
647 2.5630617
747 2.9617538
847 3.2406673
947 3.427743
1047 3.492899
1147 3.4817076
1248 3.353879
1348 2.9221582
1448 2.1534972
1548 1.284555
1648 0.5756726
1749 -0.2486906
2066 -2.239871
2166 -2.7370977
2266 -3.1098053
2367 -3.3552146
2466 -3.4950385
2566 -3.544377
2666 -3.521537
2766 -3.2857296
2866 -2.585812
2967 -1.6856213
3284 0.5228119
3385 1.2122622
3485 1.7420373
3585 2.2489996
3685 2.656044
3785 2.9845285
3886 3.236042
3986 3.3781385
4086 3.4427118
4186 3.4177217
4286 3.0808926
4603 0.24713802
4703 -0.74624777
4803 -1.5996563
4904 -2.3357396
5004 -2.9364572
5103 -3.4311519
5204 -3.733504
5305 -3.8118122
5405 -3.8254757
5504 -3.7846353
5604 -3.3631105
5705 -2.700772
5805 -1.9561839
5905 -1.3189743
6005 -0.65627
6106 -0.11464453
6206 0.4859376
6306 1.2313147
6407 1.9098077
6506 2.655589
6606 3.1370068
6707 3.3859434
6807 3.4165125
6907 3.2006493
7007 2.5806398
7108 1.5615401
7208 0.62126684
7308 -0.27786112
7408 -1.0880916
7508 -1.7462146
7608 -2.3481364
7709 -2.8053646
7809 -3.246382
7909 -3.5746713
8008 -3.7492952
8109 -3.761415
8209 -3.5363896
8309 -2.8640683
8410 -2.0048158
8509 -1.1384163
8609 -0.485713
8710 0.41562414
8810 1.1380897
8911 1.9657869
9011 2.6682448
9110 3.217681
9211 3.5724993
9311 3.6479082
9411 3.6249657
9512 3.3556461
9611 2.3719773
9711 1.5554705
9812 0.48600817
9912 -0.3573141
10012 -1.1031678
10112 -1.7370687
10213 -2.3622804
10529 -3.3123407
10630 -3.339974
10730 -3.3328815
11114 -1.0537562
11214 -0.20215988
11314 0.5856576
11414 1.324089
11515 1.8691726
11615 2.588388
11715 3.0830774
11815 3.5432987
11915 3.737214
12015 3.7973328
12115 3.673108
12432 1.1794939
12533 0.23715878
12634 -0.5138483
12733 -1.3178227
12834 -1.8988814
12934 -2.4341836
13034 -2.8599994
13134 -3.2190347
13234 -3.4516451
13335 -3.63693
13435 -3.6674795
13535 -3.6373024
13635 -3.208104
13735 -2.3250928
13835 -1.332505
13935 -0.5643439
14036 0.18817377
14135 0.81295776
14218 1.3693862
14318 2.0747132
14418 2.6562347
14518 3.1599207
14618 3.4762917
14718 3.602888
14820 3.5642157
14920 3.2568226
15021 2.518361
15121 1.6170411
15221 0.8429465
15321 -0.088775635
15421 -1.0067914
15521 -1.7364173
15621 -2.404854
15722 -2.9097419
15822 -3.2761872
15922 -3.4961333
16022 -3.6322532
16122 -3.7025433
16222 -3.7150369
16323 -3.6170654
16423 -3.082019
16523 -2.2508245
16623 -1.4335284
16723 -0.5629101
16823 0.28816652
16923 1.1170759
17024 1.7714071
17124 2.4209151
17224 2.9870667
17324 3.395749
17424 3.706377
17524 3.9591427
17625 4.0217905
17725 3.9306164
17825 3.4313726
17925 2.6991143
18025 1.7097349
18126 0.8024936
18225 -0.0027122498
18326 -0.8027463
18427 -1.497652
18526 -2.037397
18626 -2.655766
18727 -3.0811982
18827 -3.2947726
18926 -3.4032924
19028 -3.4265163
19127 -3.3771892
19228 -2.9596832
19545 -0.24696779
19645 0.6100664
19745 1.2272973
19845 1.8550406
19946 2.3892822
20046 2.828351
20145 3.155487
20246 3.276762
20346 3.3378696
20446 3.3318224
20546 3.1847124
20647 2.7981734
20747 1.9591093
20847 1.3084073
21264 -1.3716526
21365 -1.9048648
21465 -2.3980129
21564 -2.8264422
21665 -3.190714
21765 -3.4320934
21865 -3.5960462
21966 -3.6522212
22065 -3.6362703
22166 -3.449827
22266 -2.9159446
22366 -2.1447234
22466 -1.3731544
22566 -0.5887089
22667 0.12685776
22767 0.848691
22867 1.424674
22967 1.8971725
23067 2.3495927
23168 2.7991304
23518 3.2839174
23618 3.0467796
23718 2.199688
23819 1.2692261
23918 0.39570093
24019 -0.5487757
24119 -1.3627429
24219 -1.9681575
24320 -2.5122578
24420 -2.99996
24520 -3.3854384
24620 -3.6792552
24720 -3.8659463
24820 -3.924242
24920 -3.8339455
25021 -3.462531
25121 -2.8981295
25221 -1.9916878
25303 -1.3353057
25403 -0.42204523
25504 0.35483074
25603 1.0543413
25704 1.5664086
25805 2.1161118
25905 2.602491
26005 2.9522843
26106 3.195013
26206 3.294835
26306 3.316245
26406 3.1944752
26506 2.5752473
26607 1.5889692
26707 0.6807561
26807 -0.22440052
26907 -1.1058583
27007 -1.8677318
27107 -2.4698973
27207 -3.0849018
27308 -3.424492
27408 -3.629031
27508 -3.6848347
27608 -3.6409035
27708 -3.5111473
27808 -3.3398125
27909 -3.052423
28009 -2.5355468
28108 -1.8693061
28209 -1.2684007
28309 -0.54458
28409 0.07545662
28509 0.7031107
28610 1.2205844
28711 1.6056566
28810 1.9957819
28911 2.306703
29010 2.6201563
29110 2.8627548
29210 3.0291357
29311 3.0948467
29412 3.049592
29511 2.6643448
29611 1.6295676
29712 0.8479819
29812 -0.03874874
29911 -0.9764013
30013 -1.6539063
30113 -2.3031
30213 -2.8835726
30313 -3.369104
30697 -3.688257
31615 1.8967619
31715 2.2303648
31815 2.5306702
31916 2.8903985
32015 3.2397852
32116 3.5693407
32216 3.7612057
32317 3.8338718
32416 3.8148556
32517 3.5680294
32617 2.7693877
32717 1.8981643
32817 1.2198343
32917 0.4939103
33018 -0.27072048
33117 -0.9564314
33218 -1.5416036
33317 -2.0270321
33400 -2.4545965
33500 -2.8853493
33600 -3.293861
33700 -3.5137854
33800 -3.7176523
33900 -3.8124428
34002 -3.8268456
34102 -3.7379708
34203 -3.5092793
34303 -3.03679
34403 -2.467469
34503 -1.730416
34603 -1.0537086
34703 -0.3522272
34803 0.21595955
34904 0.73117733
35004 1.2183433
35104 1.5956931
35204 2.04349
35304 2.3816934
35404 2.6394415
35504 2.8601098
35604 3.1242313
35705 3.2244759
35805 3.2162457
35905 2.8694572
36005 2.0919266
36105 1.1820292
36205 0.42388248
36306 -0.4218731
36406 -1.1701598
36507 -1.8214793
36606 -2.3733745
36706 -2.888709
36806 -3.327568
36907 -3.5896697
37008 -3.722571
37107 -3.7868025
37208 -3.7407558
37307 -3.5000708
37408 -2.9035776
37508 -2.2612395
37608 -1.541573
37708 -0.76412296
37809 -0.030439377
37909 0.71376514
38009 1.2662387
38109 1.7422113
38209 2.213708
38310 2.6633682
38409 3.0482235
38510 3.3466187
38610 3.4992256
38710 3.52672
38811 3.382841
38910 2.6712961
39011 1.6999817
39111 0.93331575
39211 0.17016697
39311 -0.50576067
39411 -1.2693126
39512 -2.0227993
39612 -2.8338628
39712 -3.4560933
39812 -3.9779825
39912 -4.283197
40013 -4.4196796
40113 -4.704938
40212 -4.850133
40308 -4.5794992
40413 -4.184612
40513 -3.57089
40613 -2.8504488
40714 -1.8741117
41031 0.66112804
41131 1.228292
41231 1.7025361
41331 2.1563835
41431 2.5958762
41531 3.012988
41631 3.291627
41732 3.4698515
41832 3.568716
41932 3.6197004
42033 3.6194391
42133 3.4145918
42233 2.5289812
42333 1.5097222
42433 0.7912731
42533 0.07170391
42633 -0.49611712
42733 -1.1562564
42834 -1.7576985
42934 -2.3124175
43034 -2.7863889
43134 -3.1639652
43234 -3.4157329
43334 -3.5309136
43435 -3.5714593
43534 -3.490065
43635 -2.999954
43735 -2.2205336
43835 -1.415395
43936 -0.6723709
44036 0.037477493
44135 0.6968689
44236 1.2201681
44336 1.7156
44436 2.13967
44537 2.5171013
44637 2.8522425
44737 3.0380611
44819 3.1154842
44919 3.13202
45019 3.0058126
45119 2.4867158
45219 1.8570471
45320 1.2700973
45421 0.64473057
45522 0.15816689
45622 -0.38801003
45722 -1.1383965
45822 -1.7589812
45922 -2.3509142
46022 -2.8369443
46122 -3.3371391
46223 -3.5824757
46323 -3.718458
46423 -3.7598398
46523 -3.655958
46624 -3.30024
46723 -2.6861534
47041 -0.2075777
47140 0.48157597
47241 1.082356
47341 1.54215
47441 2.0039854
47542 2.481542
47641 2.8740225
47742 3.1916018
47841 3.343587
47942 3.3818684
48042 3.31139
48142 2.9567719
48242 2.1706367
48343 1.3521895
48442 0.63785744
48542 -0.08957577
48643 -0.8310733
48744 -1.5431371
48844 -2.3259041
48944 -2.977116
49044 -3.4879851
49145 -3.7874084
49245 -3.9042828
49345 -4.0046425
49662 -3.506209
49762 -2.8006644
49862 -2.0551157
49962 -1.3083694
50063 -0.69567776
50163 -0.15937376
50263 0.5009961
50362 0.98372364
50463 1.3860297
50563 1.7940192
50664 2.232216
50764 2.606565
50864 2.9429216
50964 3.2032871
51064 3.373434
51164 3.4212818
51264 3.3496828
51364 2.853695
51465 1.8382263
51565 1.2317276
51665 0.45003557
51765 -0.31008434
51866 -1.057941
51965 -1.7645957
52066 -2.3154652
52165 -2.8801568
52266 -3.255092
52366 -3.5329182
52467 -3.667031
52567 -3.665696
52667 -3.5046432
52767 -2.96878
52868 -2.2553084
52967 -1.6498749
53068 -1.0689292
53168 -0.4585929
53268 0.16262054
53368 0.7818794
53467 1.3517361
53568 1.903173
53669 2.43723
53768 2.721376
53869 3.0177898
53969 3.1984367
54052 3.2517252
54151 3.258481
54251 3.1985073
54351 2.8014116
54452 1.8242631
54553 0.983479
54653 0.34809875
54754 -0.28585482
54854 -1.0128033
54954 -1.6356778
55054 -2.3354678
55154 -2.7836087
55254 -3.1458125
55355 -3.334887
55455 -3.3979754
55555 -3.4052935
55655 -3.3672736
55755 -3.1060052
55855 -2.5650675
55955 -1.7025986
56390 1.3008666
56490 1.7679567
56590 2.3581643
56690 2.8033319
56790 3.1975374
56891 3.5493336
56990 3.8223963
57091 3.927723
57191 3.9161654
57291 3.6117973
57391 2.8425722
57491 1.8267412
57591 1.0699325
57692 0.30348682
57792 -0.46971416
57892 -1.1785293
57993 -1.988615
58093 -2.596665
58193 -3.1416543
58293 -3.499291
59261 -0.16866302
59361 0.42196035
59461 0.89493656
59561 1.3553905
59661 1.7150369
59761 2.1797128
59862 2.560378
59963 2.8708282
60063 3.1288567
60163 3.26787
60263 3.3018322
60363 3.2910929
60463 3.105176
60563 2.2648711
60664 1.3251443
60763 0.66294765
60864 -0.00917244
60964 -0.79114723
61064 -1.7176347
61164 -2.5913243
61264 -3.3078892
61365 -3.6747248
61464 -3.8475819
61565 -3.922818
61665 -3.9493184
61766 -3.8665721
61866 -3.6148689
61966 -2.9344268
62066 -2.081903
62166 -1.2602127
62266 -0.46591377
62366 0.30140352
62467 0.95945024
62567 1.5091424
62667 2.0243125
62767 2.4113111
62867 2.688836
62968 2.867289
63067 3.0626736
63167 3.1216583
63551 2.3438392
63650 1.6727929
63750 0.9239216
63850 0.2935629
63952 -0.3562994
64053 -1.0059059
64153 -1.7035606
64253 -2.270767
64353 -2.8462605
64453 -3.3074934
64553 -3.715641
64653 -3.8698595
64754 -3.8651004
64854 -3.7813978
64954 -3.4892187
65054 -2.7504792
65154 -1.723769
65254 -0.87249565
65354 -0.16281033
65455 0.25339317
65555 1.0868626
65655 1.6939607
65755 2.2178583
65855 2.6130915
65955 2.9761405
66055 3.2302446
66156 3.3792229
66256 3.4312696
66356 3.4375887
66456 3.3583975
66556 2.8681335
66891 0.44341612
66991 -0.079470634
67073 -0.8497162
67174 -1.534071
67273 -2.3304515
67373 -2.8975544
67473 -3.4796753
67573 -3.7291355
67673 -3.8774157
67775 -3.820009
67876 -3.6342833
67976 -3.0963533
68076 -2.5171053
68176 -1.9004569
68276 -1.3200462
68376 -0.704525
68476 -0.09239483
68576 0.67424536
68677 1.2888508
68777 1.790103
68877 2.3624
68977 2.8634634
69077 3.3430662
69177 3.5631742
69278 3.7316866
69378 3.834364
69478 3.8777866
69578 3.8809738
69678 3.7899332
70413 -1.9555366
70513 -2.5577762
70613 -3.076411
70713 -3.4358938
70814 -3.5271912
70913 -3.563675
71014 -3.5711045
71114 -3.4875245
71215 -3.0800986
71314 -2.3154285
71415 -1.5625293
71515 -0.75430775
71615 -0.043141365
71715 0.6352701
71815 1.2152505
72149 2.8166199
72249 3.2922974
72349 3.5190926
72449 3.5993137
72549 3.6024227
72649 3.5014172
72751 3.0090656
72850 2.0260773
72951 1.2644887
73050 0.33340788
73150 -0.38911867
73250 -1.0783095
73351 -1.7233882
73452 -2.2847695
73552 -2.8404946
73651 -3.217001
73752 -3.4422011
73852 -3.5090783
73952 -3.496102
74052 -3.2656972
74153 -2.5077586
74253 -1.7021194
74353 -0.9579177
74452 -0.3020501
74553 0.29404736
74654 1.1304069
74753 1.866919
74854 2.600502
74954 3.0528383
