57 -1.8529425
157 -0.85916805
256 0.42576265
357 1.662468
458 2.5638795
557 3.2118816
657 3.4378233
758 3.2968235
858 2.6926498
958 1.2600293
1059 -0.4033823
1159 -1.7712739
1258 -2.547543
1359 -2.6213646
1459 -1.9110711
1558 -0.76931334
1659 0.8274431
1759 2.1908712
1859 3.1159792
1960 3.3027134
2060 3.062355
2160 2.0910048
2259 0.82198334
2361 -0.7358475
2460 -1.9388556
2560 -2.2659123
2660 -2.0800653
2761 -1.4800339
2861 -0.3742056
2961 1.0737629
3061 2.1049867
3162 2.7105956
3262 2.7829347
3361 2.7740946
3461 2.4217124
3562 1.2068019
3662 -0.10101843
3763 -1.2331138
3863 -1.8533595
3962 -1.9623513
4063 -1.7740636
4163 -0.9381294
4263 0.31379604
4364 1.5741587
4464 2.5645509
4564 2.9813128
4663 3.1005821
4763 2.8809586
4864 2.025712
4964 0.59097004
5064 -0.7400694
5165 -1.6644433
5264 -1.9497623
5365 -1.8646612
5464 -1.4985478
5565 -0.43555737
5665 0.667994
5766 1.7553606
5865 2.6904325
5965 3.1523724
6066 2.9323187
6167 2.04362
6249 0.84597254
6349 -0.4795251
6449 -1.6813533
6550 -2.3553255
6649 -2.3944335
6749 -2.1326706
6849 -1.0747075
6950 0.333786
7050 1.5638132
7151 2.6952462
7251 2.9150362
7351 2.2718072
7451 0.9815588
7551 -0.35600567
7651 -1.6235976
7751 -2.0674553
7852 -1.930114
7953 -0.8636427
8053 0.3979702
8153 1.4117074
8252 2.034503
8353 2.0916967
8453 1.224235
8553 -0.013670921
8653 -1.2547431
8753 -1.996201
8854 -2.2008586
8954 -1.7582271
9054 -0.6229515
9154 0.46906757
9254 1.2832322
9354 1.734376
9454 1.7232122
9555 0.6685872
9654 -0.6941109
9755 -2.2353852
9855 -2.8333013
9956 -2.8610759
10055 -2.5553794
10156 -1.7103152
10256 -0.31410694
10356 0.9144082
10456 1.7919989
10557 2.0082512
10657 1.6619706
10756 0.6578498
10856 -0.5476279
10957 -1.8090653
11057 -2.3584657
11157 -2.3847134
11257 -2.007352
11357 -0.73767185
11458 0.32550907
11557 1.3689528
11657 1.9896021
11758 2.2213922
11858 1.8957891
11958 0.8955064
12058 -0.112990856
12159 -1.2181873
12260 -1.9721067
12359 -2.163248
12459 -2.0153077
12559 -0.84637547
12660 0.6389704
12759 1.808496
12860 2.1854887
12960 2.069356
13060 0.98408794
13160 -0.22633505
13261 -1.1660895
13361 -1.5992618
13461 -1.5511386
13560 -0.8060465
13661 0.2847185
13762 1.4854865
13861 2.479909
13962 2.9719992
14061 3.0333948
14161 2.3667784
14262 1.4457655
14362 0.3987851
14462 -0.70167446
14562 -1.6297767
14662 -2.1685517
14763 -2.1329284
14863 -1.7002125
14963 -0.5470743
15064 0.75163746
15163 1.9117155
15263 2.4656692
15364 2.692781
15464 2.574192
15564 1.9981318
15664 0.99825
15764 -0.019373417
15864 -1.3016231
15965 -2.2497718
16065 -2.5738773
16165 -2.574284
16265 -2.4583514
16365 -1.9047182
16466 -0.9755397
16565 0.016629696
16665 1.2090559
16765 2.1069841
16866 2.771296
16949 3.1589708
17049 3.3738184
17149 3.438528
17249 3.4392586
17349 3.3126526
17449 2.2840233
17549 0.99084616
17650 -0.2894497
17750 -1.2249756
17850 -1.8066883
17951 -2.0176353
18051 -2.0678043
18151 -2.0733123
18251 -2.0153046
18352 -1.6679802
18452 -0.8513832
18552 -0.23206615
18652 0.41817427
18752 0.9128647
18852 1.446775
18952 1.84693
19053 1.8754907
19153 1.5985413
19253 0.62732506
19353 -0.16410208
19453 -1.6588626
19553 -2.4317057
19653 -2.7563882
19754 -2.756515
19854 -2.7283342
19954 -2.2731676
20055 -0.78729343
20154 0.32594776
20255 1.3281398
20355 2.038373
20454 2.6992388
20555 3.2100077
20655 3.534563
20755 3.7439356
20856 3.8666306
20955 3.8948946
21056 3.893219
21157 3.8549051
21256 3.7618656
21355 3.3386164
21456 2.2399588
21557 0.506361
21657 -0.87541914
21757 -2.1512916
21857 -2.94334
21957 -3.374333
22057 -3.430743
22158 -3.4542778
22258 -3.4576187
22357 -3.4460404
22458 -3.4301605
22559 -3.3690467
22658 -3.1613634
22759 -2.6478662
22859 -1.3784771
22959 -0.4735055
23059 0.46548223
23159 1.4196115
23259 2.228376
23360 3.1291943
23460 3.6662111
23560 3.8547392
23660 3.8781834
23760 3.8805494
23860 3.8811245
23960 3.8935337
24060 3.8965845
24161 3.7958155
24261 3.0545197
24361 2.154615
24462 1.1484094
24562 -0.35027838
24662 -1.604903
24761 -2.7057166
24861 -4.010119
24962 -4.593174
25062 -4.821618
25162 -3.5485444
25263 -3.3103762
25363 -3.2246099
25463 -3.0344777
25563 -2.6810288
25663 -2.119173
25764 -1.3085322
25863 -0.32504177
25963 0.678998
26063 1.4860659
26164 2.0560098
26265 2.874961
26364 3.3121433
26464 3.480791
26564 3.6032753
26665 3.6443233
26765 3.6801624
26864 3.6888304
26966 3.690096
27065 3.6874104
27165 3.5973005
27266 3.1783476
27366 2.4160628
27466 1.2206101
27549 0.18391371
27649 -0.8101969
27749 -1.9851081
27849 -2.9115584
27949 -3.5362833
28049 -3.46948
28149 -3.511052
28250 -3.4462454
28350 -2.6295516
28451 -1.5278373
28551 0.118302345
28651 1.3145456
28751 2.2474303
28851 2.9149194
28952 3.278183
29052 3.4161997
29152 3.5001106
29252 3.6827888
29352 3.712347
29452 3.2962933
29552 2.325953
29652 0.0
29753 0.068719864
29853 -1.3509669
29953 -2.4562898
30053 -2.9973135
30153 -3.2833545
30253 -3.4115472
30353 -3.5046506
30454 -3.5366764
30555 -3.5405529
30655 -3.5086517
30754 -3.4854403
30854 -3.458641
30954 -3.4518414
31055 -3.433946
31155 -3.339874
31255 -3.0743306
31355 -1.9511521
31455 -0.8306198
31555 0.3533945
31656 1.4278083
31756 1.8104181
31857 2.437046
31957 2.9258523
32057 3.293374
32157 3.4825907
32256 3.622015
32357 3.718752
32457 3.75838
32557 3.754449
32657 3.6469097
32757 3.278041
32858 2.9860787
32957 1.9550352
33058 0.608871
33158 -0.49381018
33258 -1.4330876
33358 -2.1829488
33458 -2.5389712
33559 -3.0509388
33659 -3.3066516
33759 -3.383224
33859 -3.293725
33959 -2.7499738
34059 -1.9726489
34159 -1.0726192
34260 0.0634222
34360 1.4522719
34460 2.023758
34560 2.7751708
34660 3.2272415
34761 3.5683842
34861 3.8935852
34961 4.338582
35061 4.510771
35161 4.6000767
35261 4.6414146
35362 4.5537853
35462 4.195572
35562 3.309989
35662 2.2682753
35762 1.2249236
35862 0.37817097
35963 -0.70649433
36063 -1.8746128
36162 -2.5635927
36263 -3.149423
36363 -3.5060594
36463 -3.7727227
36563 -3.820682
36663 -3.7954223
36764 -3.6504815
36864 -3.1259286
36964 -2.4408085
37064 -1.6634827
37164 -1.0461426
37264 -0.35344362
37365 0.33646154
37465 0.98677874
37565 1.4415092
37665 1.8767481
37765 2.3228235
37865 2.7560706
37965 3.1441183
38066 3.4075565
38166 3.6056204
38249 3.6801424
38349 3.679659
38449 3.4764605
38549 2.858429
38649 2.3892698
38749 1.0762534
38850 0.30200863
38950 -0.34663105
39051 -1.386111
39151 -2.1696486
39251 -2.6838942
39351 -2.9227977
39451 -2.9773784
39551 -2.7428923
39651 -2.2336764
39752 -1.504776
39852 -0.6517935
39952 0.16517448
40052 0.9555125
40152 1.5147996
40253 1.9060144
40353 2.4506264
40453 2.8268013
40553 3.1596947
40654 3.364069
40753 3.4907484
40853 3.5369911
40954 3.4400826
41054 3.230877
41154 2.979828
41254 2.2280984
41354 1.2565241
41454 0.33889532
41554 -0.6344967
41655 -1.48629
41755 -2.364974
41855 -2.8059587
41955 -3.1487565
42056 -3.384687
42155 -3.3929107
42256 -3.2631068
42355 -2.9258409
42456 -2.4135005
42557 -1.82406
42657 -1.0113549
42756 -0.062994
42857 0.7218337
42957 1.3056355
43056 1.7546244
43157 2.294641
43257 2.6944952
43358 3.0066357
43457 3.1966524
43558 3.3362293
43657 3.4213877
43758 3.4421692
43858 3.232709
43959 2.8401465
44058 2.332901
44159 1.3534136
44259 0.53240776
44359 -0.43166018
44458 -1.3627601
44560 -2.1513069
44659 -2.5578032
44760 -2.798735
44860 -2.9863536
44960 -3.0407808
45060 -3.0003972
45161 -2.8739126
45260 -2.6663327
45360 -2.2525575
45461 -1.617604
45561 -0.8499093
45661 0.15844011
45761 1.0275145
45862 1.7830687
45961 2.1268692
46062 2.2527924
46162 2.2884626
46262 2.3172789
46363 2.328013
46462 2.3211951
46563 1.8808007
46663 0.72330236
46763 -0.5650091
46863 -1.6575687
46963 -2.5819402
47063 -2.8654313
47164 -2.9540555
47264 -2.72272
47364 -1.9156535
47464 -0.94056416
47564 0.104447365
47664 1.1437769
47764 1.9539771
47865 2.524025
47965 2.8875875
48064 3.09134
48165 3.112814
48265 2.978939
48366 1.6617842
48466 0.3271103
48566 -0.86303806
48665 -1.7699096
48765 -2.328805
48866 -2.7390676
48949 -2.7969797
49049 -2.6732135
49149 -2.2293591
49249 -0.84323263
49349 0.43480968
49450 1.2528496
49550 2.1754808
49650 2.5574532
49801 2.2695136
49901 1.2048063
50001 -0.08938122
50101 -1.7725406
50201 -2.7360349
50301 -3.2535777
50401 -3.3203855
50502 -2.8343842
50602 -1.7748013
50702 -0.2576661
50802 1.2118936
50903 2.2752428
51003 2.648992
51103 2.4970994
51203 1.6587219
51303 0.31300068
51404 -0.96658754
51503 -2.156903
51603 -2.8285542
51703 -2.9833999
51804 -2.6891413
51904 -1.6596706
52005 -0.11647558
52104 1.1466336
52204 2.2679048
52305 3.0136938
52405 3.051012
52505 2.3437028
52605 0.92306376
52705 -0.45448542
52806 -1.9076977
52905 -2.7758179
53006 -3.1575546
53106 -2.9416726
53206 -2.180119
53306 -0.4734831
53406 1.1264653
53507 2.7062845
53607 3.2730446
53707 3.2578049
53808 2.2093954
53907 0.8858118
54007 -0.66119766
54108 -2.1494193
54207 -3.0229197
54308 -3.3640485
54408 -3.6788793
54508 -2.5196016
54608 -1.1194108
54708 0.61738634
54809 2.2394242
54909 3.1337748
55009 3.3093739
55109 3.1371946
55209 2.0184479
55309 0.4423809
55409 -0.9772291
55510 -2.370827
55610 -3.1591609
55710 -3.375998
55810 -3.1882615
55911 -1.8664598
56011 0.06489658
56111 1.6163917
56211 2.607914
56311 3.0290337
56411 2.858409
56512 1.6683817
56611 0.6285138
56712 -0.90474176
56812 -2.1907504
56895 -3.0439537
56995 -3.4484649
57095 -3.6858509
57195 -3.7814515
57295 -2.171811
57395 -0.5357108
57495 0.95464516
57596 2.535192
57696 3.310773
57796 3.3213205
57897 2.1799622
57997 0.89835787
58097 -0.3689232
58197 -1.7875545
58297 -2.4674098
58398 -4.351431
58497 -3.9106307
58598 -3.297871
58698 -2.02411
58798 0.4443884
58898 2.17666
58999 3.2349567
59099 3.598383
59199 3.0618238
59299 1.6190591
59399 -0.18987179
59499 -2.0511298
59599 -3.0326688
59700 -3.5904868
59800 -3.6471953
59899 -3.0982597
60000 -1.6922214
60100 0.030108452
60200 1.556839
60300 2.9063592
60401 3.394349
60501 3.262518
60601 1.8769064
60701 0.698998
60801 -0.39950275
60901 -1.8177075
61001 -2.5705774
61102 -3.0384803
61202 -3.0989425
61302 -2.975621
61402 -2.3659186
61502 -0.78440094
61602 0.6975579
61703 2.1062193
61803 3.1409063
61903 3.3465176
62003 2.6629133
62103 1.3112712
62203 0.0012693405
62303 -1.2795498
62404 -2.0705628
62504 -2.3592558
62604 -2.4043453
62704 -1.2398658
62804 0.7955885
62905 2.5065737
63004 3.719925
63105 4.09046
63205 3.896182
63305 2.362359
63405 0.8102851
63505 -0.41992092
63606 -1.4561653
63706 -2.022038
63806 -2.4459844
63907 -2.4122705
64006 -2.0195458
64106 -0.3549981
64206 1.124753
64307 2.0508804
64407 2.4280968
64507 2.6339388
64607 2.6026893
64708 2.0800385
64808 0.7037363
64908 -0.77465296
65008 -1.9098353
65108 -2.5259824
65208 -2.7381132
65308 -2.5732303
65408 -1.4394975
65508 0.5997324
65609 2.1296272
65709 2.8441062
65809 2.936133
65909 2.6839552
66009 1.8094406
66109 0.5909662
66209 -0.9183512
66310 -1.9113955
66410 -2.286956
66510 -2.3544083
66610 -1.9968429
66711 -0.113612175
66811 1.6347799
66911 2.511094
67011 2.8102236
67111 2.8717256
67211 2.2135477
67311 0.8667841
67412 -0.35637426
67512 -1.490361
67612 -2.0270443
67695 -2.1051428
67795 -1.9121652
67895 -0.79217243
67995 0.76728106
68095 2.0387373
68195 3.1576443
68296 3.6317482
68397 3.3765688
68496 2.4282227
68597 1.286273
68697 -0.15758705
68797 -1.6198506
68897 -2.4682124
68997 -2.7339678
69098 -2.6364717
69197 -2.0140185
69298 -0.34016705
69398 1.0995569
69498 2.25907
69598 2.8832598
69699 3.062356
69798 2.9117613
69899 1.9995675
69999 0.5372386
70099 -1.1019428
70199 -2.0985973
70299 -2.5149395
70400 -2.4772437
70499 -1.6124432
70599 0.019532204
70701 1.5871658
70801 2.5016441
70900 3.489256
71000 2.832139
71101 1.8135443
71201 0.08241224
71301 -1.7262866
71401 -2.609279
71501 -2.9779887
71601 -2.8459496
71702 -2.01352
71802 -0.38886023
71903 1.250535
72002 2.6457963
72103 3.646326
72203 4.1177597
72302 4.0302467
72403 3.0404243
72503 2.116685
72603 0.5887151
72704 -0.9057379
72803 -2.034069
72903 -2.3535502
73004 -2.289399
73103 -1.6212506
73204 -0.04664707
73305 1.4486823
73405 2.7053032
73505 3.796009
73604 4.276622
73704 4.3646555
73805 4.4100227
73905 4.0868216
74005 2.1562185
74105 0.55585
74206 -1.136003
74306 -1.9895804
74406 -2.2908444
74506 -2.2969441
74606 -2.0130296
74706 -1.308183
74807 0.014388084
74907 1.50809
75007 2.4329352
4 3.301485
104 3.3692245
204 3.1305485
304 2.5319138
405 1.3826761
505 0.04950428
605 -1.0454471
705 -1.7767673
805 -1.9595501
905 -1.8295012
1006 -0.7945175
1105 0.37237883
1206 1.2253208
1306 2.3400106
1406 2.6696138
1506 2.62677
1607 2.0592766
1706 0.6786475
1807 -0.46964312
1907 -2.0478349
2007 -2.8543096
2107 -2.9888215
2207 -2.673148
2308 -1.614121
2408 -0.302629
2508 1.0212889
2608 2.380539
2709 3.2099113
2809 3.5401192
2908 3.5487957
3009 3.3185902
3109 2.5996766
3209 1.3102078
3309 0.11153126
3409 -0.95422745
3509 -1.761271
3609 -2.1090443
3710 -2.2262309
3810 -1.9870896
3910 -1.3426521
4011 -0.008467674
4111 1.2330265
4211 2.2948465
4310 3.392187
4412 3.4659023
4511 3.5557013
4611 3.2253695
4711 2.381177
4812 0.8367486
4912 -0.47536945
5012 -1.5414796
5112 -2.0151467
5213 -2.1026425
5312 -1.8969879
5412 -1.5546234
5513 -0.6074939
5613 0.6461649
5713 1.7357521
5813 2.9988184
5913 3.507166
6013 3.4572773
6114 3.0806751
6213 2.312697
6314 0.89054537
6414 -0.6767092
6514 -2.1690285
6614 -2.9607136
6715 -3.2364306
6814 -3.270133
6915 -3.199015
7015 -2.3481793
7115 -0.62767935
7215 1.1553159
7316 2.942893
7415 3.911458
7516 4.271311
7616 4.3439875
7716 3.6848927
7816 2.7340012
7916 1.2437172
8017 -0.68737125
8117 -2.197843
8217 -3.029359
8317 -3.2499785
8417 -3.1859498
8517 -2.9689946
8617 -2.41476
8718 -1.2829049
8818 0.49704218
8918 2.074829
9018 3.293726
9118 3.7379904
9219 3.8690062
9318 3.8346558
9419 3.0927296
9502 2.250764
9602 0.96345997
9702 -0.42854118
9802 -1.7525871
9902 -2.7355497
10002 -3.083012
10102 -3.0852354
10203 -2.719994
10303 -2.1860318
10404 -0.7946229
10504 0.7981992
10604 2.5173454
10704 3.5992174
10804 4.21612
10904 4.583845
11005 4.4755735
11105 4.019226
11205 3.1735134
11305 1.1842752
11405 -0.19532585
11505 -1.6388619
11606 -2.5731387
11705 -2.9705534
11806 -2.961386
11906 -2.7680218
12006 -2.2340608
12106 -1.0946374
12206 0.278512
12307 1.447463
12407 2.2574859
12507 2.9813347
12607 3.3672419
12707 3.4734
12807 3.341753
12907 2.4588137
13007 1.145937
13108 -0.15498924
13208 -1.5560195
13308 -2.5355263
13408 -2.7335148
13508 -2.721291
13608 -2.6812706
13709 -2.212378
13809 -1.0870194
13909 0.36202002
14009 1.8067727
14109 2.8510275
14210 3.580863
14310 3.815361
14410 3.6441164
14510 3.0855303
14610 1.9165854
14710 0.44068813
14810 -0.8752551
14910 -2.0234983
15011 -2.701344
15111 -2.8531404
15211 -2.8498979
15311 -2.6858497
15411 -2.1280313
15511 -0.6845045
15612 0.9059353
15711 2.0196824
15813 2.9252791
15912 3.3980618
16012 3.600237
16112 3.6124535
16212 3.5238304
16313 3.3502579
16413 3.1130075
16513 1.9798536
16613 0.9790549
16713 0.31400156
16813 -0.36128235
16914 -0.53632784
17014 -0.20750237
17115 0.81935644
17214 1.7315688
17314 2.4455552
17415 2.7452874
17514 2.7722154
17615 2.482263
17715 1.562139
17815 0.4167037
17916 -0.34800482
18015 -1.1696601
18116 -1.7721524
18216 -2.3744621
18316 -2.6838796
18416 -2.8566432
18517 -2.8782215
18617 -2.6120162
18716 -1.2194214
18817 0.26982117
18917 1.6118307
19017 2.6914954
19117 3.43398
19217 3.8468456
19318 3.953784
19417 4.052204
19518 3.9473934
19618 3.6520386
19718 3.0300417
19819 1.8255844
19918 0.7464895
20018 -0.25924158
20119 -1.1707027
20202 -1.8136041
20302 -2.30157
20402 -2.460592
20502 -2.7175548
20602 -2.866246
20702 -2.8732378
20802 -2.8454258
20903 -2.829915
21003 -2.8000631
21104 -2.7355287
21204 -2.5035703
21304 -2.1345391
21404 -1.2484143
21504 -0.04914379
21604 1.101387
21704 2.3220496
21805 3.1417456
21905 3.7838917
22005 4.1298065
22105 4.308955
22205 4.4007626
22305 4.4172773
22406 4.392584
22506 4.3010693
22606 4.2242737
22706 4.1854334
22807 4.14464
22907 3.720602
23007 3.5296412
23107 3.4156513
23207 3.3772268
23307 3.367159
23407 3.3557415
23507 3.3505268
23608 3.3547792
23708 3.3018723
23808 2.5923743
23908 1.272654
24008 -0.08792877
24109 -1.2075946
24208 -1.9284158
24309 -2.494027
24409 -2.9134727
24509 -3.0656915
24610 -2.95485
24709 -2.461293
24809 -1.5284886
24909 -0.41029167
25010 0.8127222
25110 1.6640396
25210 2.114438
25310 2.6004395
25411 3.039877
25511 3.4883957
25611 3.665369
25711 3.7379398
25811 3.7652225
25911 3.6801348
26011 3.3345928
26111 2.5971818
26212 1.8997016
26311 0.7911229
26412 0.039339066
26512 -1.1012166
26612 -2.1433449
26712 -2.701915
26812 -3.1697297
26912 -3.4561996
27013 -3.66203
27113 -3.688929
27213 -3.5932364
27313 -3.533404
27414 -3.1349902
27514 -2.7806163
27614 -1.9757128
27714 -0.9867015
27814 -0.027104378
27914 0.7602725
28014 1.3992715
28115 1.8294778
28215 2.5174255
28315 3.292574
28415 3.8968153
28515 4.10752
28616 4.305312
28715 4.276326
28816 3.8946571
28916 2.7466063
29016 1.6530676
29116 0.30914974
29216 -1.0617993
29317 -1.9916587
29416 -2.667913
29517 -3.511804
29617 -3.8950531
29717 -4.0245743
29817 -4.0263333
29918 -4.019748
30018 -3.783093
30118 -3.399029
30218 -3.2742438
30318 -3.1089132
30418 -2.5430121
30518 -1.9470172
30619 -1.4115956
30719 -0.8692446
30819 -0.40428782
30902 0.08195019
31002 0.66390705
31102 1.31253
31202 2.0412154
31302 2.8476858
31402 3.622179
31503 4.0280437
31603 4.241
31703 4.307228
31804 4.22114
31904 4.007122
32004 3.2331524
32104 2.0667448
32204 0.8439493
32304 -0.11025953
32405 -1.0160446
32505 -2.0492387
32605 -2.5482843
32705 -2.792261
32805 -2.8711827
32905 -2.8867414
33005 -2.8703914
33106 -2.6812918
33206 -2.0769231
33306 -1.5406098
33406 -0.82876444
33506 -0.2721033
33606 0.063715935
33707 0.30505848
33807 0.45332575
33907 0.49114895
34007 0.49185276
34107 0.49078417
34207 0.49483776
34308 0.53228474
34407 0.6629615
34508 0.8348899
34609 0.99820757
34708 1.2853751
34808 1.7228584
34908 2.3023782
35008 2.9600105
35109 3.427126
35209 3.7739697
35309 3.970749
35410 4.0982227
35509 4.131626
35609 4.0602436
35710 3.296791
35810 2.2220917
35910 1.217217
36010 0.22342777
36110 -0.68463755
36211 -1.5957217
36311 -2.3825896
36411 -2.8331246
36511 -2.9777026
36611 -2.9186764
36711 -2.6789849
36811 -2.0241122
36912 -1.398346
37011 -0.6616721
37112 -0.049485683
37212 0.60674953
37312 1.2353635
37413 1.7047071
37513 2.1477356
37613 2.5652246
37713 2.9599228
37813 3.1796818
37913 3.2383957
38013 3.2530193
38114 3.0916548
38213 2.3552427
38314 1.6508307
38414 0.49009323
38514 -0.5927954
38615 -1.4377437
38715 -2.2518349
38814 -2.5824175
38915 -2.587148
39015 -2.6419375
39115 -2.6433904
39215 -2.5936542
39315 -2.500835
39415 -1.8313742
39516 -0.72588825
39616 -0.009262085
39716 0.52071285
39816 0.9748182
39916 1.1319575
40017 1.1897159
40116 1.2226868
40217 1.2894154
40317 1.3310313
40417 1.3335958
40518 1.3431478
40617 1.3653989
40717 1.3842034
40818 1.4467506
40918 1.5857248
41018 1.7904425
41119 1.9384513
41218 2.0693336
41318 2.1668653
41419 2.3311186
41502 2.4761643
41602 2.6022139
41702 2.6394377
41802 2.6752005
41902 2.6903014
42002 2.4922094
42102 2.033628
42203 1.3026915
42303 0.28903866
42404 -0.5832133
42504 -1.409512
42604 -2.3758664
42704 -3.085617
42804 -3.4953246
42904 -3.8446012
43004 -3.9423187
43105 -3.9260604
43205 -3.6314676
43306 -2.8811877
43405 -2.3661501
43505 -1.6818395
43605 -0.64527607
43706 0.3912735
43805 1.1313505
43906 1.7601805
44006 2.4295893
44106 3.038022
44206 3.306551
44306 3.6153355
44407 3.7006474
44506 3.7582493
44607 3.7060452
44707 3.1130123
44807 2.1589432
44908 1.1255083
45008 -0.09982586
45108 -1.2658932
45208 -2.2600322
45308 -2.9589422
45408 -3.5969598
45508 -3.717356
45608 -3.6451685
45709 -2.995829
45808 -2.3075087
45909 -1.122797
46009 0.25499249
46109 1.3357759
46210 2.117465
46309 2.814279
46410 3.2063637
46510 3.3115501
46610 3.2383184
46710 2.483306
46810 1.0292115
46911 -0.56600904
47011 -2.172089
47112 -3.3129735
47211 -3.6721878
47311 -3.6518126
47411 -2.8450522
47511 -2.1206725
47612 -0.7744131
47712 0.6297231
47812 1.5904274
47912 2.0458894
48012 2.0161848
48113 0.99723196
48213 -0.40021992
48313 -1.6012864
48414 -2.8775315
48513 -3.5817032
48613 -3.6146445
48713 -3.3229947
48813 -2.5844598
48914 -0.6451845
49014 1.1203814
49114 2.4500442
49214 3.0821285
49315 3.067812
49415 2.3327837
49515 1.0507226
49615 -0.101885796
49715 -1.4491668
49815 -2.5858684
49915 -3.008438
50015 -2.9828765
50115 -2.3915668
50216 -1.0759056
50316 0.13757181
50417 1.5063734
50516 2.4126291
50617 2.7129297
50716 2.6400843
50816 1.727787
50917 0.3082404
51017 -1.0766253
51117 -2.526075
51217 -3.3008506
51317 -3.4825304
51417 -3.3310933
51518 -1.7811577
51618 -0.07680559
51718 1.2202783
51818 2.3059587
51918 2.6047225
52019 2.4273858
52119 1.6407027
52202 0.7294569
52302 -0.73901653
52402 -2.1028354
52502 -3.0295138
52602 -3.4441593
52702 -3.451883
52802 -2.9254773
52903 -1.2507644
53003 0.38514566
53104 1.6769996
53204 2.3811927
53304 2.2712946
53404 1.511508
53504 0.100952625
53604 -1.348558
53705 -2.825811
53805 -3.460116
53905 -3.4696224
54005 -2.8835602
54105 -1.5003414
54205 0.11479378
54305 1.6396537
54405 2.70858
54506 3.0673008
54606 2.7380247
54706 1.9162192
54806 0.5156827
54906 -0.8355832
55007 -2.3988688
55106 -3.1037953
55207 -3.256778
55307 -2.7265959
55407 -1.2261574
55508 0.34818554
55608 1.6436629
55707 2.254304
55808 2.5803022
55908 2.3838282
56008 1.6132965
56108 -0.057633877
56208 -1.6963544
56309 -2.865152
56409 -3.3916612
56509 -3.4292934
56609 -2.8482099
56709 -1.4977608
56809 0.08170557
56909 1.442018
57010 2.3633637
57110 2.6079912
57210 2.276062
57310 0.88367987
57410 -0.7637801
57511 -2.3225005
57611 -3.2615156
57711 -3.3825164
57811 -2.8606262
57911 -1.398808
58011 0.25211096
58111 1.7166405
58211 2.6168504
58311 2.8269396
58412 2.4214935
58512 1.4296594
58612 -0.1973319
58712 -1.9287629
58812 -3.0086362
58913 -3.29657
59013 -3.1722085
59113 -2.1801112
59213 -0.59099674
59313 0.96266747
59413 2.196158
59514 2.9699392
59614 2.964334
59714 2.1137023
59814 0.76624775
59914 -0.73531055
60015 -2.175487
60114 -3.0387561
60215 -3.2291098
60315 -2.9558318
60415 -1.6673722
60515 -0.03223896
60615 1.3999224
60715 2.132371
60815 2.3697877
60916 1.8324804
61016 0.7543869
61116 -0.573647
61217 -2.0424404
61316 -3.0060444
61417 -3.385774
61517 -3.3003273
61617 -2.5873747
61717 -0.86149406
61817 0.74649286
61917 1.9357543
62018 2.7437463
62118 2.72717
62218 1.8068476
62318 0.23862505
62418 -1.5350049
62518 -2.7925043
62618 -3.3713906
62718 -3.305709
62819 -2.8102865
62902 -1.8635621
63002 -0.3837409
63102 1.0835981
63202 2.1474218
63302 2.6350088
63402 2.5606499
63503 1.8948646
63603 0.5879903
63703 -0.9607749
63804 -2.4521139
63904 -3.2766137
64004 -3.496593
64104 -3.1224053
64204 -2.0692565
64304 -0.36773014
64404 1.4024782
64505 2.5780897
64605 3.145421
64705 3.0618
64805 2.142251
64905 0.50467396
65006 -1.1540024
65106 -2.6460967
65206 -3.345655
65306 -3.3463387
65406 -2.779878
65506 -1.2991033
65606 0.3825283
65706 1.8167143
65806 2.7595167
65907 2.7596598
66007 1.9623213
66107 0.59806824
66208 -0.8424673
66307 -2.3491218
66408 -3.3614218
66508 -3.7584367
66608 -3.5328434
66708 -2.5122013
66808 -0.85374165
66908 0.8675108
67009 2.2302246
67109 3.1206417
67209 3.000677
67309 2.3590255
67409 0.993824
67509 -0.8229046
67609 -2.5350826
67710 -3.5011785
67810 -3.7341428
67910 -3.2573543
68010 -1.8009
68111 0.1989193
68211 1.6383996
68311 2.442173
68411 2.7339106
68511 2.641111
68611 1.8605986
68711 0.2690916
68812 -1.4658267
68912 -2.7962203
69012 -3.4646506
69112 -3.478291
69212 -2.9566135
69312 -1.6874797
69412 -0.08382225
69513 1.28865
69613 2.4739847
69713 3.1142502
69813 3.11977
69913 2.388835
70014 0.9080324
70113 -0.8107629
70213 -2.4363756
70314 -3.2475991
70414 -3.3445306
70514 -3.2992654
70614 -2.053801
70714 -0.36774826
70815 1.154139
70915 2.2619705
71015 2.8461747
71115 2.8503547
71215 2.2949705
71315 0.9933791
71416 -0.5208359
71516 -2.1391053
71616 -3.254496
71716 -3.6651628
71816 -3.5543358
71916 -2.6471977
72017 -1.1396427
72117 0.6008296
72217 2.0890741
72317 2.9466605
72417 3.0917645
72517 2.44798
72617 1.0177603
72718 -0.81347084
72818 -2.3072577
72917 -3.1076217
73018 -3.222475
73119 -3.4051862
73219 -2.0513842
73319 -0.70329475
73419 0.8247471
73519 2.1153169
73602 2.797924
73702 3.014227
73802 2.648932
73902 1.6006823
74002 -0.06636047
74102 -1.4610679
74203 -2.4917157
74303 -2.996988
74404 -2.9619937
74503 -2.1620336
74604 -0.64496756
74704 0.9412689
74804 2.246704
74904 3.0884151
75005 3.356553
