43 -3.109202
110 -3.1176429
216 -2.810242
310 -2.0261636
410 -1.2338967
511 -0.25324917
661 1.3414679
733 2.3256006
879 3.797987
912 4.001837
1012 4.331479
1147 3.9245138
1229 3.0224123
1329 1.6932688
1428 0.34043074
1528 -1.06884
1628 -2.225338
1729 -3.4051223
1829 -3.8225372
1929 -4.0141234
2029 -3.9585464
2129 -3.4503527
2229 -2.1634622
2329 -0.914062
2430 -0.25779963
2531 0.93847036
2614 1.6495428
2730 2.2952566
2816 2.5639048
2931 2.6929512
3032 2.6992426
3115 2.5419893
3215 1.9725828
3315 0.7800422
3415 -0.12749147
3515 -1.4054947
3616 -1.8883424
3715 -2.8312802
3816 -3.3955536
3915 -3.5643241
4032 -3.3427348
4116 -2.3102279
4216 -1.2889092
4317 -0.017914772
4417 0.9971714
4518 2.1182733
4616 2.740837
4717 3.2411833
4820 3.318038
4918 2.885305
5020 1.8212576
5118 0.8512478
5219 -0.021470547
5318 -1.0056038
5418 -1.8817699
5518 -2.5808175
5637 -3.1888156
5720 -3.357263
5819 -3.351289
5919 -3.1873949
6019 -2.67443
6120 -1.6509063
6219 -0.46665
6320 0.69554424
6420 1.8602438
6520 3.0146046
6620 3.81291
6720 4.018862
6820 3.8926535
6920 3.3549223
7022 2.1709242
7120 1.2491121
7222 0.2373209
7322 -0.83323956
7422 -1.7979293
7522 -2.596581
7622 -3.2467701
7722 -3.451929
7822 -3.423634
7923 -2.9538207
8022 -2.0544467
8123 -0.9509921
8223 0.10909939
8324 1.0439925
8423 2.1173606
8523 2.7461257
8623 3.2440977
8723 3.410367
8823 3.322115
8923 2.9097686
9025 2.0828333
9125 0.9764638
9225 -0.121828556
9324 -1.0506065
9424 -2.0033896
9525 -2.7635198
9625 -3.3343472
9726 -3.6286697
9825 -3.603118
9926 -3.0566213
10025 -2.1775198
10127 -1.0832672
10226 -0.37824154
10327 0.57689905
10427 1.6617231
10526 2.6621833
10626 3.3401508
10727 3.8546658
10827 3.868845
10927 3.1914892
11027 2.06285
11127 0.91106653
11228 -0.41324997
11328 -1.4408455
11428 -2.4176974
11528 -3.131125
11628 -3.5111003
11728 -3.6498847
11828 -3.6766386
11929 -2.9838653
12029 -2.046884
12128 -1.0296848
12230 -0.038822174
12329 1.027637
12430 1.9696527
12530 2.7102485
12630 3.2680473
12730 3.950983
12830 3.9872646
12930 3.6470184
13032 2.3481498
13131 1.1753006
13232 -0.092801094
13332 -0.9939637
13415 -1.7257793
13531 -2.9537964
13631 -3.5725539
13732 -3.883955
13832 -3.919917
13916 -3.8971093
14016 -3.4966433
14117 -2.4185538
14215 -1.2442355
14317 -0.25175
14416 0.8487711
14516 1.8153849
14617 2.9708061
14733 3.8680735
14817 4.4399443
14917 4.6771564
15019 4.472805
15134 3.0258627
15218 1.8173232
15318 0.27487946
15418 -0.90852165
15518 -1.8787379
15618 -2.633217
15718 -3.179525
15819 -3.3291478
15921 -3.2827156
16020 -3.1916358
16122 -3.1511426
16220 -3.1672263
16320 -3.1772015
16436 -3.1512039
16520 -3.1349978
16621 -3.1236763
16720 -3.119728
16822 -3.1047673
16922 -3.0268607
17021 -2.6960015
17121 -1.7907281
17222 -0.8866701
17321 -0.009730339
17421 0.79792356
17521 1.5526419
17622 2.473919
17724 3.0775976
17821 3.5248928
17923 3.9810543
18023 4.28827
18122 4.4350643
18223 4.4581375
18323 4.4039917
18423 4.118539
18523 3.4895859
18623 2.862441
18723 2.2446318
18824 1.6872468
18923 1.0904121
19024 0.32935476
19124 -0.5684061
19224 -1.1749096
19324 -1.7926154
19425 -2.288055
19525 -2.8496397
19625 -3.150069
19727 -3.4045556
19825 -3.5406303
19926 -3.6493368
20025 -3.6703453
20126 -3.663069
20226 -3.171121
20327 -2.378042
20426 -1.7147338
20527 -1.1863036
20626 -0.4129095
20727 0.21216822
20829 0.9874182
20927 1.7112303
21028 2.2811613
21127 2.6910415
21228 3.1666603
21327 3.4939213
21428 3.6150208
21528 3.6408148
21628 3.5813255
21728 3.3047934
21828 2.8689208
21929 1.9864187
22029 1.1191387
22130 0.32711887
22229 -0.37420368
22329 -1.4239349
22429 -2.0953002
22529 -2.528362
22629 -2.9084077
22730 -3.1974988
22830 -3.5058858
22930 -3.7770967
23031 -3.7708168
23131 -3.5795934
23231 -3.1740246
23330 -2.5636888
23431 -1.7763405
23516 -1.1163082
23631 -0.022476673
23716 0.822433
23816 1.7699027
23916 2.3431487
24016 2.8236556
24118 3.0299149
24219 3.1238508
24318 3.1492376
24419 3.1089087
24519 2.7901673
24620 2.0041337
24719 1.0627317
24820 0.32799053
24921 -0.5595393
25020 -1.1846356
25121 -1.768959
25221 -2.330153
25321 -2.7886047
25420 -3.0523105
25520 -3.175471
25621 -3.306856
25721 -3.3815107
25821 -3.2905102
25921 -2.9114406
26021 -2.087173
26121 -1.2696354
26223 -0.5912781
26322 0.20471144
26422 0.77207136
26522 1.2520399
26622 1.8097086
26722 2.2346916
26823 2.5899363
26923 2.880857
27024 3.0870895
27124 3.1219826
27224 3.025364
27325 2.475377
27424 1.5544481
27524 0.7645583
27624 -0.033989906
27724 -0.7991104
27825 -1.3438835
27924 -2.0112693
28025 -2.6511664
28125 -3.2255688
28227 -3.6622841
28326 -3.797177
28425 -3.6468513
28526 -3.167314
28626 -2.5376935
28725 -1.6423962
28825 -1.0024064
28926 -0.36544657
29027 0.43409586
29124 1.2456574
29224 1.7835832
29324 2.4717102
29424 2.843463
29524 3.0401363
29625 3.1091557
29724 3.0525084
29825 2.4640045
29924 1.6069489
30026 0.710464
30126 -0.18789434
30226 -1.076498
30325 -1.8574948
30426 -2.760109
30526 -3.2968752
30627 -3.7001479
30726 -4.040588
30827 -4.196858
30927 -4.2011967
31027 -4.1157336
31128 -3.7685664
31227 -3.0325408
31327 -2.3094115
31427 -1.1965389
31529 -0.08728552
31627 0.82547426
31729 1.6993589
31829 2.3104897
31929 2.6915655
32029 3.0136442
32129 3.12459
32228 3.1684113
32329 3.1711044
32430 3.1070538
32529 2.7076163
32629 1.7996039
32729 0.92944145
32831 0.049658775
32930 -0.72211456
33031 -1.2887149
33130 -1.7931862
33230 -2.138496
33331 -2.520023
33432 -2.9277103
33533 -3.2584963
33631 -3.3976865
33733 -3.4691305
33832 -3.4405825
33932 -3.108538
34032 -2.4819846
34132 -1.8150542
34232 -1.1423225
34333 -0.42144537
34432 0.42720127
34533 1.2532549
34634 2.0807772
34734 2.7107148
34834 3.034809
34933 3.1570683
35035 3.1214304
35133 2.817206
35234 2.1787415
35334 1.3040371
35434 0.6025801
35534 -0.18283653
35618 -0.7198
35718 -1.3057027
35818 -1.8249793
35919 -2.244172
36019 -2.7230158
36119 -3.0196269
36218 -3.1553702
36336 -3.1501937
36419 -3.080677
36535 -3.0489297
36621 -3.0515485
36720 -3.0570385
36821 -3.0567532
36920 -3.0524354
37021 -3.041258
37120 -3.01386
37221 -2.907117
37321 -2.5518322
37421 -1.8462944
37522 -1.0248463
37621 -0.20068455
37722 0.8042655
37822 1.4830599
37923 2.1043801
38022 2.7850738
38122 3.3187904
38222 3.8169546
38323 4.039378
38422 3.987836
38523 3.5699806
38623 2.596675
38723 1.7438178
38824 0.9126177
38923 0.086209774
39024 -0.64929533
39123 -1.3531291
39224 -1.8497763
39323 -2.4324694
39424 -2.7881374
39524 -2.9706743
39625 -3.048659
39725 -3.0723515
39825 -3.0682988
39926 -2.9325328
40025 -2.4281974
40126 -1.7276051
40226 -0.8633566
40327 -0.12720966
40428 0.5349469
40526 1.2317486
40627 1.8780851
40727 2.3202257
40827 2.5916085
40927 2.703205
41027 2.6520233
41127 2.2649398
41227 1.544589
41327 0.682868
41427 -0.17704248
41529 -1.1404247
41628 -1.679524
41728 -2.4312057
41829 -3.2094302
41929 -3.8786163
42029 -4.23927
42129 -4.4920373
42229 -4.595796
42330 -4.5703816
42429 -4.2718554
42529 -3.618566
42630 -2.7179766
42730 -1.880516
42831 -1.0203259
42930 -0.22101498
43030 0.5255003
43129 1.297082
43231 2.0203414
43331 2.6177125
43431 3.2459812
43531 3.5572367
43631 3.6621304
43733 3.661642
43832 3.470643
43932 3.0657291
44032 2.5657182
44132 2.182559
44231 1.6025314
44333 0.938642
44432 0.13007069
44533 -0.68507624
44633 -1.2941601
44733 -1.9081664
44834 -2.4730313
44933 -2.9309592
45034 -3.299987
45133 -3.6808314
45234 -3.9160097
45334 -3.9635174
45434 -3.8995943
45519 -3.5235832
45635 -2.6489503
45719 -1.92771
45818 -0.89252234
45919 0.05659628
46035 1.2518911
46135 1.9717636
46219 2.4619393
46336 3.0660276
46420 3.3090038
46519 3.399187
46619 3.1354465
46721 2.373056
46820 1.6299272
46924 0.6875205
47021 -0.08031368
47121 -0.9115515
47221 -1.3979309
47320 -2.1061442
47421 -2.6410627
47523 -2.8453832
47622 -2.889402
47723 -2.9019468
47822 -2.8678622
47922 -2.6945643
48023 -1.7612221
48123 -0.8879137
48223 -0.03684759
48322 0.784997
48423 1.6436071
48523 2.4462786
48624 3.1166973
48723 3.6760645
48824 3.9860382
48923 3.9851608
49024 3.6999178
49123 3.0032778
49224 1.9890494
49326 0.71700954
49425 -0.4985094
49525 -1.1647038
49625 -1.9461832
49791 -2.9018998
49892 -3.1961818
49993 -3.2901711
50092 -3.2435093
50192 -3.0012956
50293 -2.5827804
50392 -1.8642304
50493 -0.8721342
50593 0.08584547
50692 1.2027273
50793 2.2008033
50893 3.0610342
50994 3.531146
51094 3.7059927
51193 3.6437893
51294 3.238083
51395 2.6431108
51495 1.9653077
51594 0.93221474
51694 -0.08070755
51794 -0.90431166
51895 -1.569283
52013 -2.2798038
52094 -2.5150993
52195 -2.7075744
52295 -2.7822967
52396 -2.7303863
52495 -2.4241395
52596 -1.7385292
52696 -0.67672396
52797 0.09863758
52898 1.0948067
52996 2.042254
53098 2.808074
53198 3.665392
53298 4.1318197
53397 4.424429
53497 4.4285984
53597 4.1876526
53697 3.6341505
53797 2.8990316
53898 2.1022024
53999 1.1480999
54098 0.16804266
54199 -0.7721348
54299 -1.7641873
54399 -2.374783
54499 -2.915586
54599 -3.2469327
54700 -3.3685064
54799 -3.3698747
54901 -3.155536
54999 -2.6381295
55102 -1.6744092
55201 -0.55869627
55301 0.25565672
55401 1.4208579
55501 2.2431955
55601 3.0338802
55701 3.470251
55801 3.8158674
55902 3.8806572
56003 3.7715435
56101 3.3662958
56203 2.7337976
56302 1.7331085
56403 0.58968115
56502 -0.57773304
56603 -1.4812095
56702 -2.2930188
56803 -2.7608747
56903 -3.1883483
57003 -3.5686734
57104 -3.7558842
57204 -3.7765815
57304 -3.5886977
57404 -2.6656582
57504 -1.491637
57604 -0.49402285
57704 0.3477888
57804 1.3860769
57905 2.1767297
58006 2.8524704
58104 3.2509289
58206 3.4584274
58305 3.3658676
58406 2.9813795
58489 2.3454843
58606 1.2560983
58690 0.27742577
58806 -0.7782655
58891 -1.611525
58991 -2.6264937
59091 -3.4605331
59190 -4.056589
59291 -4.4827933
59391 -4.5829926
59491 -4.4495316
59591 -3.9687023
59691 -2.873254
59794 -1.90518
59892 -0.8663864
59992 0.30195475
60093 1.5766296
60193 2.6788049
60292 3.638731
60392 4.3584566
60493 4.9030943
60592 5.0
60693 4.879858
60794 4.1377106
60894 3.0296392
60993 1.9399085
61094 0.66840076
61194 -0.7037506
61295 -1.589149
61394 -2.4325497
61494 -3.1137123
61594 -3.4447212
61695 -3.5834959
61861 -3.554465
61911 -3.445454
62012 -2.9710295
62130 -1.6281776
62212 -0.798049
62312 0.26679134
62412 1.2010527
62512 2.0885978
62612 2.9840279
62713 3.7852526
62812 4.463414
62899 4.727438
63013 4.70164
63097 4.530176
63303 2.4649987
63363 1.9162607
63414 1.329814
63554 -0.2413907
63614 -0.7162657
63715 -1.5092132
63814 -2.2982614
63914 -2.8992684
64015 -3.3302522
64115 -3.5069058
64216 -3.498147
64315 -3.3111155
64416 -2.7863805
64522 -1.7416186
64724 0.26954985
64733 0.34285784
64833 1.1976624
64984 2.1572556
65034 2.5142984
65133 2.9938965
65234 3.3044167
65335 3.4390364
65435 3.365036
65536 2.944478
65635 2.1193619
65735 1.1772857
65834 0.23812532
65935 -0.5437603
66070 -1.5807183
66152 -2.1450038
66251 -2.8329642
66352 -3.2876937
66452 -3.5110958
66602 -3.5682747
66652 -3.5522947
66780 -3.006489
66869 -2.0049376
66953 -0.9026232
67053 0.10406494
67153 1.1790056
67355 2.9461427
67371 3.1574287
67470 3.6876478
67604 3.9323435
67671 3.8677158
67829 2.5824838
67871 2.1920118
67972 0.9989767
68071 -0.062071323
68171 -0.9298811
68271 -1.9306102
68374 -2.7004848
68472 -3.2705147
68573 -3.713713
68673 -4.0255
68773 -4.1870656
68873 -3.917804
68973 -3.257128
69073 -2.1251922
69173 -1.126679
69273 -0.29643154
69374 0.76191044
69474 1.5534525
69574 2.3078423
69674 2.8540406
69774 3.6763983
69875 3.7657585
69975 3.732954
70075 3.3714914
70175 2.3266015
70275 0.7619295
70375 -0.3746209
70475 -1.4283683
70576 -2.4383762
70675 -3.1981988
70777 -3.5315742
70877 -3.5774696
70976 -3.4817452
71077 -2.9943
71176 -1.9719331
71277 -1.151195
71377 -0.277987
71477 0.5237026
71579 1.4683738
71677 2.1067553
71777 2.8633094
71877 3.3307114
71979 3.5667934
72078 3.4839125
72178 2.8799996
72278 2.0489817
72379 1.3409476
72480 0.32078314
72580 -0.6024895
72680 -1.3634567
72779 -1.9484754
72864 -2.2453
72979 -2.6245465
73064 -2.6793022
73167 -2.6904452
73280 -2.5171392
73365 -2.0843692
73480 -1.2481213
73563 -0.43628168
73664 0.6842966
73766 1.7555251
73883 2.625791
74006 3.2538185
74076 3.552146
74165 3.698
74265 3.6745195
74382 3.3616056
74466 2.4094224
74566 1.698822
74667 0.72647524
74785 -0.28848743
74867 -1.1353333
74967 -1.8534243
6 -2.998283
105 -2.238474
207 -1.5653794
306 -0.5533333
406 0.3582859
508 1.2711878
607 1.9843912
707 2.4676728
808 2.760189
908 2.808539
1007 2.762807
1108 2.4327765
1208 0.76030207
1308 -0.55560017
1410 -1.6866348
1508 -2.6640844
1609 -3.3110375
1709 -3.8168726
1809 -3.9268172
1909 -3.9378755
2009 -3.5374703
2342 1.0553107
2443 1.8692436
2542 2.4920259
2644 2.8851824
2743 3.2017221
2844 3.3414583
2943 3.356927
3045 3.0545359
3145 2.0079613
3245 0.88164234
3345 -0.1489315
3444 -1.2000518
3545 -1.953562
3645 -2.7221546
3745 -3.245306
3831 -3.6192546
3946 -3.9567893
4030 -3.9473298
4130 -3.602106
4230 -2.7203007
4329 -1.5873725
4447 -0.5843153
4530 0.22785902
4646 1.0835795
4731 1.6326318
4830 2.2649703
4932 2.6241636
5030 2.830996
5131 2.9998078
5231 2.9913225
5331 2.4435983
5432 1.3248487
5531 0.27850056
5633 -0.61692
5732 -1.2581811
5834 -1.8078566
5932 -2.3054445
6033 -2.778226
6133 -3.0853722
6233 -3.263682
6333 -3.3008475
6433 -3.0347898
6534 -2.0627663
6633 -1.1422489
6734 -0.18851376
6834 0.625021
6934 1.4036942
7035 2.2934656
7135 2.7716765
7234 3.2144938
7335 3.3054724
7435 3.3981094
7535 3.4683857
7635 3.3664303
7735 2.5337687
7836 1.3833647
7935 0.5043602
8038 -0.48883915
8135 -1.3791642
8236 -2.0034425
8336 -2.5980415
8436 -3.3624966
8536 -3.9402432
8637 -4.091457
8737 -3.9870188
8837 -3.465117
8937 -2.196031
9037 -1.164779
9138 -0.4542489
9238 0.4937396
9338 1.3535666
9438 2.2359824
9538 2.830594
9638 3.3602905
9739 3.594099
9838 3.7463331
9938 3.6984196
10040 3.3471127
10139 1.8959284
10239 1.0221171
10338 0.07019663
10439 -0.9308901
10539 -1.8598614
10640 -2.5325649
10742 -3.147183
10841 -3.6158826
10941 -3.8996656
11040 -3.7341197
11140 -3.2175612
11241 -2.0730314
11341 -1.0836024
11441 -0.13402748
11542 0.66594887
11644 1.5683203
11741 2.364778
11844 3.0931168
11942 3.4420328
12043 3.4829082
12142 3.5065794
12243 3.431244
12343 2.2961187
12442 1.1927805
12543 0.21322441
12644 -0.71690655
12744 -1.5318341
12843 -2.2585163
12943 -2.968717
13044 -3.4850023
13144 -3.8473122
13244 -4.0689664
13345 -3.9577389
13444 -3.3749719
13545 -2.502321
13647 -1.6164405
13744 -0.92773914
13845 -0.061748505
13945 0.871295
14046 1.8419304
14145 2.837954
14246 3.2305145
14346 3.3822346
14446 3.5464172
14546 3.6344137
14647 3.5375977
14730 3.0905008
14846 1.7509232
14931 0.8933344
15031 0.018467426
15147 -0.8466711
15230 -1.4506633
15331 -2.1242719
15434 -2.5967014
15548 -3.0593202
15632 -3.3308053
15732 -3.4718006
15833 -3.5035295
15932 -3.3802907
16032 -2.9801288
16132 -2.00323
16232 -1.1863117
16333 -0.54705715
16432 0.074893
16533 0.7028189
16633 1.1178789
16734 1.5260224
16833 1.9522324
16935 2.4294138
17033 2.7681718
17134 3.1210718
17234 3.348793
17334 3.4337273
17435 3.4739857
17535 3.47956
17636 3.3460207
17735 2.9908004
17835 2.2980118
17935 1.513382
18035 0.9774728
18135 0.42112637
18236 -0.300416
18336 -0.99965715
18436 -1.6025615
18537 -1.9254649
18637 -2.1910706
18737 -2.629317
18837 -2.9553866
18937 -3.2208016
19037 -3.4442446
19137 -3.5230312
19238 -3.5375617
19338 -3.5039034
19437 -3.0172276
19537 -2.1623101
19639 -1.4153938
19739 -0.608078
19839 0.045552254
19938 0.73401546
20039 1.3523722
20139 2.1092634
20239 2.6302285
20339 3.006876
20439 3.164401
20540 3.2535372
20639 3.262147
20741 3.1246529
20840 1.976996
20941 0.98390865
21040 0.20772171
21140 -0.56612444
21240 -1.2215545
21341 -1.9126163
21440 -2.5440404
21541 -3.1380305
21643 -3.5628853
21742 -3.9039288
21842 -3.9872875
21942 -3.9544246
22042 -3.8046696
22142 -3.398888
22242 -2.6867642
22342 -1.652092
22443 -0.825963
22544 -0.18649864
22643 0.46678066
22743 1.3303261
22844 2.0580673
22944 2.646431
23043 2.930829
23144 3.065073
23244 3.1141148
23344 3.048048
23444 2.582694
23544 1.7824812
23645 0.8095012
23745 -0.05803585
23846 -0.83213615
23945 -1.6355796
24046 -2.1738737
24145 -2.7317827
24246 -3.185273
24346 -3.5533855
24445 -3.6009202
24531 -3.6365082
24647 -3.686525
24731 -3.603852
24830 -2.8226655
24947 -1.9285836
25030 -1.3275495
25147 -0.6521096
25232 -0.21298695
25347 0.41585922
25431 0.86127186
25532 1.2417679
25631 1.5274324
25731 2.026534
25832 2.5072012
25932 2.6949873
26032 2.9211168
26131 3.1138344
26249 3.144413
26332 2.960528
26433 2.240676
26533 1.3050027
26633 0.5688391
26733 -0.18496227
26833 -0.8738675
26934 -1.6723816
27034 -2.2713132
27134 -2.5750213
27234 -2.8545897
27335 -3.075022
27437 -3.1967459
27534 -3.2132292
27634 -3.216744
27735 -3.13463
27835 -2.405581
27936 -1.4552464
28036 -0.90699816
28135 -0.3179407
28236 0.25800085
28337 0.98821735
28436 1.621707
28536 2.1517057
28637 2.5156083
28737 2.924633
28836 3.1197815
28937 3.2871284
29037 3.3344965
29137 3.3034039
29238 2.9527755
29338 2.2166796
29439 1.2265635
29537 0.4264617
29638 -0.50859165
29738 -1.1461239
29838 -1.6075072
29938 -2.2026982
30039 -2.8327708
30139 -3.3346343
30239 -3.5095017
30339 -3.5657234
30439 -3.605977
30540 -3.6045842
30641 -3.2956069
30741 -2.3861976
30840 -1.8146558
30940 -1.2830505
31040 -0.63490915
31141 -0.09586477
31240 0.61641455
31341 1.191205
31443 1.7799139
31541 2.2433677
31642 2.4974341
31741 2.6577554
31842 2.8448663
31942 2.8777227
32042 2.8875856
32142 2.8666458
32242 2.7673492
32345 2.4422126
32443 1.4347291
32542 0.3931427
32643 -0.41753912
32743 -1.0876038
32843 -1.6792636
32943 -2.0721202
33043 -2.453075
33143 -2.852658
33244 -3.222639
33344 -3.3638377
33444 -3.4144535
33545 -3.4429233
33645 -3.4590201
33745 -3.454588
33845 -3.3648393
33945 -2.7916396
34045 -1.9853773
34146 -1.0883217
34246 -0.38617706
34346 0.45217228
34445 1.0846786
34547 1.6554556
34646 2.1060767
34747 2.615716
34846 2.9366255
34947 3.108797
35047 3.2483273
35147 3.2989883
35233 3.3336887
35348 3.3557634
35432 3.344843
35547 3.1626587
35632 2.8207612
35732 2.1030831
35831 1.2018514
35932 0.5489869
36049 -0.09739256
36132 -0.6278825
36232 -1.2085297
36333 -1.8331275
36432 -2.3900774
36534 -2.8948781
36633 -3.236493
36734 -3.4805753
36833 -3.6648731
36935 -3.7290597
37034 -3.6952994
37134 -3.4895685
37236 -3.0451238
37334 -2.41985
37434 -1.7673297
37534 -1.2366071
37635 -0.67120934
37735 -0.263628
37835 0.26149654
37936 0.7183695
38038 1.1373782
38136 1.5291038
38236 1.910903
38336 2.3068976
38436 2.4232054
38536 2.5296278
38637 2.566307
38737 2.5717726
38837 2.4380746
38937 2.005525
39036 1.5231919
39137 0.8747282
39238 0.27656126
39337 -0.5178633
39438 -1.2782459
39538 -1.8313704
39638 -2.3672814
39738 -2.8889737
39838 -3.1986222
39938 -3.4635055
40039 -3.5311847
40138 -3.5128434
40239 -3.391181
40340 -3.1332316
40439 -2.422018
40539 -1.6106064
40639 -1.1292579
40739 -0.6368265
40840 -0.12919855
40939 0.524487
41041 1.0027528
41140 1.432723
41241 1.9435701
41340 2.3412447
41442 2.8802805
41542 3.1311598
41641 3.3421602
41742 3.4637928
41842 3.4784317
41941 3.5082912
42042 3.3835764
42142 2.7763572
42242 1.9107957
42342 1.2026362
42443 0.49682856
42543 -0.20224237
42643 -0.80141544
42743 -1.3908951
42842 -1.8578582
42943 -2.2466507
43043 -2.719493
43144 -2.961639
43244 -3.0471158
43345 -3.1446211
43445 -3.2287743
43544 -3.284616
43645 -3.2019026
43744 -2.5162618
43846 -1.7539959
43944 -0.9596467
44046 -0.30295706
44145 0.38424587
44246 0.88808155
44347 1.3375826
44446 2.076529
44546 2.6077995
44646 3.1233282
44747 3.3937054
44846 3.4310637
44946 3.4685993
45080 3.486084
45148 3.3892841
45248 2.7666488
45453 0.8650389
45547 0.31515598
45564 0.20402622
45664 -0.67223835
45981 -2.3419867
46082 -2.9494107
46181 -3.4368782
46282 -3.749752
46382 -3.915951
46482 -3.9617577
46582 -3.8943465
46683 -3.5143037
46783 -2.5252404
46883 -1.7690094
46983 -1.1135011
47083 -0.030501842
47183 1.0654006
47284 1.9892297
47384 2.8933601
47484 3.5575905
47584 3.8260021
47685 3.9078865
47785 3.8801546
47884 3.757001
47985 3.5401258
48086 3.1106987
48185 1.8700995
48285 0.64012957
48385 -0.50543165
48486 -1.2376022
48586 -2.0550284
48686 -2.7291257
48788 -3.3705597
48886 -3.9251013
48986 -4.201536
49087 -4.220275
49187 -4.156327
49286 -3.325922
49387 -2.209034
49487 -1.0972295
49588 -0.13951969
49688 1.0784731
49787 2.2304564
49888 3.1910963
49989 3.6436634
50089 3.7293768
50189 3.788351
50289 3.7545977
50389 3.3597736
50488 2.4855056
50589 1.4064445
50689 0.53949976
50790 -0.4794054
50891 -1.4175525
50990 -2.2392678
51090 -3.2394984
51191 -3.8833542
51290 -4.2488127
51390 -4.76274
51490 -4.6543756
51591 -4.267377
51692 -3.3835912
51790 -2.532622
51876 -1.6947808
51992 -0.6038866
52092 0.56868315
52193 1.8885131
52292 2.7613196
52393 3.529027
52493 3.9267168
52593 4.002537
52692 4.1116667
52777 4.109494
52876 4.0826454
52994 3.8214073
53094 2.5500603
53194 1.458262
53277 0.65967655
53378 -0.22430563
53478 -1.1384549
53578 -2.0467818
53678 -3.094344
53777 -3.8322134
53879 -4.115446
53977 -4.285435
54079 -4.2751675
54179 -3.9865098
54278 -3.434836
54379 -2.4629953
54479 -1.7500064
54581 -0.67334795
54679 0.47233486
54780 1.4758964
54879 2.457769
54979 3.3510084
55082 3.785347
55180 4.146144
55280 4.3363743
55380 4.3223667
55484 4.214982
55581 3.7648354
55682 2.2392526
55781 1.0828953
55882 0.15671635
55981 -0.9864025
56082 -1.8055496
56181 -2.6378093
56282 -3.2343507
56382 -3.5659535
56482 -3.8011405
56584 -3.8698926
56683 -3.8210335
56783 -3.8459892
56883 -3.8230462
56983 -3.2188869
57083 -2.2276294
57183 -1.1770787
57284 -0.18698788
57383 1.1377449
57485 2.4626756
57584 3.1040678
57685 3.571926
57784 3.690981
57885 3.7136908
57985 3.699235
58085 3.606227
58185 3.02979
58285 1.7338119
58386 0.6218519
58487 -0.4249401
58585 -1.2676594
58686 -2.2080786
58786 -3.094584
58887 -3.6921914
58987 -4.041229
59173 -4.360108
59237 -4.299073
59320 -4.232832
59421 -3.8800454
59522 -3.074039
59637 -2.2368944
59721 -1.7045887
59821 -0.7402983
59921 0.6331072
60021 1.6615915
60122 2.9959688
60222 3.5656462
60323 3.923746
60422 4.2055855
60522 4.168185
60623 3.915063
60723 3.4229345
60824 2.429278
60923 1.5667028
61025 0.61210346
61123 -0.15000677
61224 -0.930634
61324 -1.9812455
61424 -2.7855759
61523 -3.4317331
61624 -3.93361
61724 -4.2441993
61825 -4.4630613
61926 -4.409869
62024 -4.291402
62126 -3.6742072
62225 -2.820171
62325 -2.018958
62425 -0.96524715
62526 0.09185171
62627 1.4118347
62726 2.371231
62827 3.1506023
62926 3.4913378
63027 3.7034998
63126 3.8224297
63227 3.897666
63327 3.9086943
63427 3.8630438
63527 2.5320573
63628 1.2564363
63729 0.40349865
63827 -0.4497366
63928 -1.2716339
64029 -1.9835186
64128 -2.6968858
64228 -3.6556182
64329 -3.99398
64429 -4.188168
64529 -4.312687
64628 -3.9709196
64729 -3.4219906
64830 -2.4399648
64929 -1.8744528
65031 -0.9055691
65131 0.8248329
65231 1.9219284
65330 2.7653885
65431 3.52207
65530 3.9858885
65631 4.4416904
65733 4.318822
65831 4.1768494
65933 3.5981894
66031 2.793479
66132 1.957715
66231 0.9381337
66332 0.17327404
66431 -0.76850605
66532 -1.4658322
66632 -2.154955
66732 -2.9263825
66832 -3.5801473
66933 -3.9852862
67033 -4.1226006
67133 -4.1560116
67233 -4.1137886
67333 -3.3140142
67434 -2.5967112
67534 -1.5907681
67634 -0.6870451
67734 0.32676268
67834 1.5182486
67935 2.3524613
68035 3.0541487
68134 3.5394373
68235 4.07749
68335 4.3551416
68436 4.1939907
68536 3.9262037
68635 2.9048538
68736 1.4644461
68835 0.23862743
68937 -0.84567165
69037 -1.6658585
69136 -2.4280176
69237 -3.074725
69336 -3.5554519
69437 -3.8327355
69536 -3.9111052
69638 -3.8660831
69721 -3.6855836
69838 -3.0154946
69922 -2.2632322
70021 -1.3416843
70122 -0.42542076
70222 0.5045638
70322 1.4202094
70422 2.4913726
70739 4.1234446
70840 4.2181263
70939 4.1425686
71039 3.8052864
71140 2.9712267
71241 1.541131
71340 0.5359926
71440 -0.5316191
71540 -1.49879
71641 -2.2142873
71741 -3.0282238
71841 -3.546831
71942 -3.7709985
72041 -3.8535285
72141 -3.6767814
72241 -3.3082526
72341 -2.7131984
72442 -1.9388082
72544 -1.2234473
72644 -0.52618694
72743 0.60501957
72843 1.6966143
72942 2.814824
73044 3.637353
73143 4.190547
73243 4.494892
73344 4.508687
73443 4.15291
73544 3.5787296
73644 2.3477302
73745 1.4726334
73844 0.5298548
73945 -0.3433342
74045 -1.4276364
74145 -2.0578961
74245 -2.6947389
74345 -3.0808187
74445 -3.493307
74545 -3.802374
74645 -4.1948223
74745 -4.119895
74845 -3.8278337
74946 -3.430164
