12 -1.9954405
113 -2.727738
214 -3.0964646
313 -3.0627742
414 -2.4748642
514 -1.6659732
614 -0.61653996
716 0.22763586
814 0.860888
914 2.141275
1014 2.3508124
1114 2.761777
1215 2.79908
1316 2.7179313
1416 1.7909365
1515 0.6692958
1616 -0.4569893
1716 -1.2124901
1817 -1.7960835
1917 -2.4632592
1999 -2.7552373
2099 -2.8101487
2200 -2.3127103
2300 -1.3406804
2400 0.02801466
2500 0.98914146
2600 1.4524713
2700 2.4277725
2801 2.8345718
2901 2.6280165
3001 1.5537453
3101 0.8457732
3201 -0.03590107
3302 -0.8081064
3402 -1.1144543
3502 -1.5306137
3602 -1.9008076
3705 -1.9121919
3805 -1.2618747
3905 -0.054481506
4005 0.9120283
4105 1.7923903
4206 2.4846063
4305 3.1006193
4404 3.7132206
4504 3.8885365
4605 3.5447598
4704 2.490775
4805 1.3670359
4905 0.037778378
5005 -1.2871366
5105 -2.336678
5204 -2.9673076
5304 -3.0979583
5405 -2.8170125
5507 -1.7735775
5607 -0.2807665
5707 0.9377165
5807 1.8362551
5906 2.3194718
6007 2.8171186
6107 3.345087
6207 3.7396936
6307 3.545188
6407 3.093176
6510 2.2381659
6608 1.2024603
6710 0.051217556
6808 -1.0359032
6907 -1.858829
7008 -2.2644567
7109 -2.0773633
7208 -1.3641438
7310 -0.12613201
7409 0.9525275
7509 1.9300041
7609 2.6325674
7709 3.22575
7809 3.6441631
7909 3.6243773
8009 3.0306692
8110 1.9429846
8210 0.52624226
8310 -0.73840046
8413 -1.760282
8511 -2.4779878
8610 -2.6094563
8711 -2.0369678
8811 -1.0660164
8911 0.07861233
9012 1.0949049
9112 1.7780151
9211 2.3775797
9312 2.5758867
9412 2.9089499
9512 3.0019627
9612 2.5365763
9712 1.6954489
9815 0.7003546
9913 -0.08651543
10013 -0.7798543
10113 -1.4682972
10213 -1.9953113
10313 -2.2467933
10415 -2.1364255
10514 -1.4745903
10613 -0.24412966
10714 0.7599211
10814 1.5375848
10914 2.3779006
11231 3.4187613
11332 3.120699
11431 2.4622483
11532 1.7079177
11633 0.76580906
11732 -0.19865274
11833 -1.2115734
11933 -1.861443
12033 -2.6254709
12133 -3.104463
12235 -2.8133936
12333 -2.1742916
12434 -1.251693
12533 0.47645378
12633 1.4740968
12736 2.2347975
12835 2.9568267
12934 3.5634556
13034 3.9880142
13135 4.0341845
13235 3.606637
13336 2.6287942
13436 1.5735159
13535 0.45952368
13635 -0.4377327
13735 -1.1933315
13838 -1.9328105
13936 -2.437145
14037 -2.513774
14137 -1.9087665
14237 -0.69231653
14337 0.45658588
14438 1.4264436
14538 2.0686517
14637 2.550416
14737 2.9144402
14837 3.1509247
14940 3.1927528
15039 2.9689193
15138 2.1517282
15239 1.0787983
15339 0.23494244
15440 -0.55393314
15539 -1.2244766
15640 -1.7872055
15739 -2.1035826
15839 -2.1794505
15939 -2.0981228
16042 -1.5625718
16140 -0.5103946
16240 0.4693246
16340 1.3110852
16440 1.929677
16542 2.4108772
16642 2.9589524
16741 3.2872715
16824 3.4383183
16924 3.3983135
17025 3.0249233
17142 2.302493
17224 1.5764146
17325 0.85571384
17425 0.16348934
17526 -0.659544
17626 -1.3937633
17726 -1.9888947
17825 -2.077961
17926 -1.5837338
18027 0.10983944
18127 1.2885337
18226 2.220385
18327 2.7887154
18426 3.1652622
18526 3.1201582
18630 2.822133
18730 1.686152
18827 0.6447487
18930 -0.44627094
19030 -1.2081509
19130 -1.7380054
19230 -2.0421362
19330 -2.3492749
19430 -2.5752997
19530 -2.6031556
19630 -2.3516872
19730 -1.75373
19829 -0.63648367
19929 0.42956972
20029 1.2531748
20130 1.8943205
20233 2.331665
20333 2.7050085
20432 2.970674
20532 3.0618706
20632 3.108801
20733 3.114069
20831 3.0445328
20931 2.5438843
21031 1.5197191
21132 0.62776995
21232 -0.10026026
21333 -0.87136364
21432 -1.5479474
21535 -2.113556
21635 -2.3199553
21735 -2.200574
21833 -1.8964314
21934 -1.1945038
22033 -0.37421036
22133 0.42880297
22233 1.1825423
22334 1.9122
22435 2.435823
22534 2.8738875
22634 2.9619117
22735 2.9384565
22835 2.7603254
22934 2.5252962
23036 2.1984658
23135 1.5716858
23235 0.66178656
23335 -0.15731001
23435 -0.8801317
23536 -1.3811557
23636 -1.5218823
23735 -0.90700436
23836 0.711267
23936 1.959033
24038 2.7296133
24137 3.225524
24237 3.547944
24337 3.6282864
24436 3.5845184
24538 3.10425
24638 2.1176271
24738 1.2062716
24837 0.4529295
24938 -0.275002
25037 -0.93180275
25140 -1.4541988
25239 -1.8395281
25339 -2.1057043
25438 -2.2125573
25538 -2.1276178
25639 -1.964148
25740 -1.4049945
25840 -0.5212569
25939 0.34047365
26039 1.0804629
26139 1.734426
26242 2.2745752
26340 2.6418648
26441 2.9659414
26540 3.2511806
26640 3.5058842
26724 3.6541023
26824 3.8413668
26924 3.9415646
27024 3.9416752
27124 3.4383736
27226 2.6048164
27326 1.5273604
27425 0.77672195
27525 0.09288883
27625 -0.61264753
27727 -1.2640374
27826 -1.8299532
27927 -2.2743373
28027 -2.480126
28126 -2.4251752
28226 -2.1902175
28327 -1.7195201
28430 -0.5337682
28530 0.32285595
28627 1.1488981
28727 1.7580595
28830 2.253972
28930 2.618331
29030 2.9562368
29130 3.1975431
29230 3.373499
29330 3.5904198
29430 3.7225294
29530 3.775301
29629 3.7549868
29729 3.5616055
29829 2.9786315
29933 2.060678
30029 1.3656735
30129 0.7392726
30229 0.06002617
30330 -0.7221117
30430 -1.3256092
30533 -1.8145492
30632 -2.100038
30732 -2.4235022
30831 -2.5348845
30931 -2.635521
31031 -2.346594
31131 -1.2590835
31231 -0.2521639
31332 0.4260168
31432 1.0450268
31532 1.700882
31633 2.250122
31735 2.7073236
31833 3.1037855
31935 3.3631992
32035 3.557681
32135 3.6723766
32235 3.7412481
32335 3.7618427
32435 3.7620373
32535 3.6621304
32636 3.2721891
32736 2.610746
32835 1.9679251
32935 1.5017519
33035 1.0605502
33134 0.41473293
33236 -0.4254985
33335 -1.045943
33435 -1.5313714
33535 -1.784348
33635 -2.081983
33738 -2.294667
33836 -2.3698595
33936 -2.2422261
34036 -1.7867818
34137 -1.1074314
34237 -0.23119783
34338 0.46600008
34437 1.049222
34537 1.6408911
34637 2.0890326
34737 2.4573517
34839 2.6833458
34938 2.9217157
35038 3.219099
35137 3.4362965
35239 3.574216
35339 3.647048
35439 3.6725101
35539 3.6860943
35639 3.6895561
35739 3.600689
35839 3.0728407
35941 2.3532286
36040 1.7394204
36140 1.1240416
36241 0.56960297
36341 -0.089595795
36440 -0.7109666
36541 -1.1726391
36641 -1.5807838
36724 -1.8172016
36824 -2.0153167
36924 -2.0990622
37025 -2.088116
37124 -1.9587543
37225 -1.6195133
37325 -1.1714528
37426 -0.58495855
37525 -0.14570141
37626 0.38647747
37725 1.0693121
37825 1.7665267
37927 2.280755
38027 2.614625
38127 2.8398986
38227 3.0318174
38326 3.1195364
38426 3.1978397
38530 3.2584934
38630 3.2566814
38730 3.2035856
38828 3.074236
38927 2.693746
39029 2.1539154
39128 1.4538064
39229 0.41264725
39328 -0.6690345
39429 -1.4081471
39528 -1.9453356
39630 -2.304085
39729 -2.459184
39829 -2.4237983
39929 -2.0853639
40029 -1.5692401
40130 -0.9024606
40230 -0.2697935
40332 0.23402214
40432 0.6613488
40532 1.1273088
40633 1.7507391
40733 2.2497406
40830 2.6609488
40931 2.9317665
41031 3.0540533
41132 3.1220798
41232 3.1474247
41332 3.1610966
41435 3.1452084
41535 2.9894385
41635 2.4129877
41735 1.6099968
41833 0.8987074
41933 0.0809679
42033 -0.6197195
42133 -1.2872047
42233 -1.8578806
42333 -2.292213
42434 -2.5198183
42533 -2.5946195
42634 -2.5632079
42734 -2.4014485
42834 -2.0938554
42935 -1.6465735
43035 -1.027916
43134 -0.29209232
43234 0.29401588
43340 0.9623709
43436 1.5739374
43536 2.0804482
43636 2.5165162
43736 2.7522974
43836 2.9372854
43936 3.0823889
44037 3.1795216
44137 3.2173824
44237 3.228675
44336 3.2141771
44437 3.0075035
44538 2.5401087
44638 1.9911981
44738 1.2614431
44837 0.60441685
44937 -0.13115072
45038 -0.8971181
45139 -1.3743138
45238 -1.6633942
45338 -1.8680158
45439 -2.0403686
45539 -2.2015338
45640 -2.2548594
45740 -2.207632
45839 -1.9916809
45939 -1.5763066
46040 -0.8926511
46142 -0.08626318
46240 0.4946761
46340 1.0659661
46440 1.6239533
46540 2.139884
46640 2.5271468
46724 2.7401857
46824 2.833458
46924 2.8701887
47024 2.8519888
47125 2.7336593
47225 2.2602143
47325 1.4121232
47425 0.7169609
47525 0.025187492
47625 -0.61118174
47725 -1.1711419
47826 -1.6752877
47926 -2.0655265
48026 -2.4111164
48126 -2.5679817
48227 -2.3413954
48329 -1.4257083
48426 -0.3746028
48530 0.52616787
48630 1.377821
48730 2.1664305
48827 2.7309623
48927 3.1662226
49028 3.2980824
49128 3.335516
49228 3.3257132
49329 3.2289867
49429 2.8990073
49529 2.3159857
49629 1.6920342
49779 0.7396083
49879 0.023534775
49979 -0.5662937
50079 -1.1380608
50180 -1.595155
50280 -1.7878661
50381 -1.8400569
50480 -1.8517671
50580 -1.7659264
50681 -1.4620795
50781 -0.86953783
50884 -0.2371645
50984 0.30782604
51316 2.0147119
51417 2.3360915
51516 2.6202188
51616 2.8523073
51699 3.0064526
51816 3.105029
51899 3.1161814
51999 3.0654402
52100 2.8475394
52201 2.3723726
52300 1.8000212
52401 1.2532496
52500 0.8440275
52600 0.3416624
52702 -0.33087683
52802 -0.8590455
52901 -1.3258476
53002 -1.6495659
53101 -1.8256509
53201 -1.8405619
53305 -1.8070381
53402 -1.7101429
53505 -1.3564103
53605 -0.9531927
53705 -0.31242085
53805 0.1401043
53903 0.61755466
54003 1.1926999
54103 1.9253416
54203 2.4951506
54304 2.7924209
54404 2.981349
54503 3.04875
54604 3.0498571
54704 2.9668455
54804 2.6961799
54907 2.233615
55007 1.5840483
55104 0.7295723
55207 -0.2664261
55305 -0.8224611
55405 -1.1466184
55507 -1.4487667
55607 -1.8847318
55706 -2.278904
55807 -2.4215312
55907 -2.3191712
56007 -1.9018455
56107 -1.3988361
56207 -0.5531025
56307 -0.040336132
56410 0.41352892
56510 0.86233807
56610 1.4666052
56710 2.0135126
56809 2.5641212
56908 3.0233164
57008 2.7251806
57109 2.737722
57209 2.7471938
57308 2.95547
57410 2.5810728
57509 1.990663
57609 1.2714024
57709 0.68173504
57810 -0.072907925
57910 -0.77185917
58010 -1.5989475
58109 -2.1654763
58211 -2.7244067
58310 -2.9861493
58411 -2.9969542
58510 -2.8869748
58610 -2.2667968
58713 -1.621963
58811 -0.96194124
58912 -0.24743748
59011 0.41477442
59111 1.0346246
59211 1.664959
59313 2.1769295
59412 2.607469
59512 2.9092164
59613 2.993154
59713 3.0174932
59813 2.980455
59913 2.7287788
60013 1.8353758
60113 0.8109684
60214 -0.08316994
60314 -0.72638226
60414 -1.3572083
60513 -2.0559394
60614 -2.9505632
60714 -3.37779
60816 -3.4302003
60915 -3.2801297
61014 -2.6249943
61115 -1.8936205
61215 -1.1141076
61315 -0.35751963
61416 0.20620966
61516 0.8514838
61599 1.3930864
61699 2.089859
61799 2.6205049
61900 2.9535232
61999 3.2130032
62100 3.3374834
62200 3.3267565
62300 2.902143
62401 2.0570412
62500 1.2562275
62600 0.51246977
62935 -2.084943
63035 -2.6995826
63134 -3.130818
63236 -3.6071343
63335 -3.732926
63436 -3.640821
63535 -3.5949068
63635 -3.2917943
63737 -3.1474035
63836 -2.0714438
63936 -1.0561631
64037 -0.48012543
64136 0.41553402
64237 1.0799198
64339 1.7020674
64440 2.2080927
64540 2.655126
64640 2.8771257
64740 2.945722
64837 2.9475088
64938 2.8059158
65038 2.4530425
65138 1.6746111
65239 1.093143
65338 0.32345867
65439 -0.7114868
65539 -1.2946334
65639 -2.287866
65740 -2.923077
65839 -3.5674877
65942 -3.912489
66040 -4.024477
66140 -4.0231295
66240 -3.1740098
66340 -2.2896647
66441 -1.9870255
66541 -1.4816003
66642 -0.83212185
66742 0.08658171
66841 0.9977217
66942 1.8950615
67041 2.7052817
67142 3.2418423
67242 3.600193
67342 3.8740826
67443 3.9638882
67543 3.9687672
67643 3.7849064
67743 3.1721878
67842 2.347992
67944 1.5224929
68045 0.7501316
68144 0.09004688
68243 -0.7118721
68343 -1.6990273
68445 -2.6393075
68544 -3.839464
68644 -4.0128465
68744 -4.031959
68844 -4.104839
68946 -4.0884376
69044 -3.4367905
69145 -2.519343
69246 -1.6871657
69345 -0.80782986
69446 -0.119921684
69545 0.5923958
69629 1.1836348
69729 1.8058805
69829 2.1648421
69930 2.5214987
70029 2.622097
70130 2.7632456
70230 2.908143
70330 2.977642
70430 3.0235615
70530 3.0289478
70631 2.8658662
70730 2.3388839
70832 1.2358041
70932 0.011569023
71031 -1.028933
71132 -1.7837207
71232 -2.5556324
71335 -3.234139
71435 -4.0425477
71535 -4.8242626
71635 -5.0
71735 0.0
71832 0.0
71933 0.0
72033 0.0
72134 0.0
72233 0.0
72334 0.0
72434 0.0
72534 0.0
72634 0.0
72734 0.0
72835 0.0
72934 0.0
73038 0.0
73137 0.0
73237 -0.18616867
73335 0.40703678
73437 0.89303493
73537 0.7710924
73636 0.46749353
73736 0.39298725
73837 0.42930603
73937 -0.23835373
74037 -0.57735634
74136 -0.96334267
74236 -1.2559624
74340 -1.5277925
74437 -1.553611
74539 -1.4785137
74640 -1.4737542
74739 -1.4714084
74840 -1.4274552
74938 -0.9087682
49 -1.141067
149 -0.19543552
247 0.6428313
347 1.0747175
448 1.3238654
548 2.186944
648 2.824534
749 2.9054718
848 2.4397726
948 1.303752
1048 0.8657861
1149 0.17267132
1249 -0.52777433
1349 -1.0458748
1449 -1.6407337
1550 -2.0459905
1650 -2.049552
1750 -1.9742346
1850 -1.6710706
1950 -0.7816591
2050 0.4090047
2151 1.382225
2251 2.1038208
2350 2.8256783
2451 3.538866
2550 3.8827229
2651 3.093296
2751 1.7370315
2851 1.0187731
2951 -0.0066976547
3052 -0.9093299
3152 -1.6642842
3252 -2.2333934
3352 -2.9343524
3452 -3.1390119
3552 -2.9531841
3652 -1.9972484
3753 -0.7979288
3854 0.21065092
3953 1.0517683
4053 1.7150764
4154 2.3151803
4255 2.3926783
4354 2.3782487
4454 2.1465096
4555 1.6254005
4654 1.0163908
4755 -0.20509529
4855 -1.2393909
4956 -1.960053
5056 -2.6946425
5155 -3.209552
5238 -3.3761787
5339 -3.0751069
5439 -2.0177689
5539 -0.61366606
5639 0.47947598
5740 1.2602692
5840 1.8251739
5940 2.3558068
6041 2.65875
6141 2.6925797
6240 2.1512284
6340 0.60850763
6440 -0.6219015
6540 -1.6193714
6644 -2.4713778
6741 -3.1652398
6844 -3.9034035
6944 -4.0633564
7043 -3.4018054
7144 -2.3860657
7242 -1.1647804
7341 -0.09910488
7442 0.78944206
7542 1.6834764
7642 1.9037666
7742 2.0167785
7846 2.2256494
7943 2.258677
8043 1.6988554
8143 0.82732105
8246 -0.016356468
8346 -0.5256376
8446 -1.0561936
8546 -1.4921215
8645 -1.9490204
8746 -2.5409565
8845 -2.7472458
8946 -2.6907473
9046 -1.9743638
9146 -0.7607026
9245 0.2637272
9346 1.1705451
9446 1.8650002
9545 2.5337892
9646 3.1261864
9746 3.663909
9849 4.331064
9949 4.2389774
10049 3.6943407
10149 3.0651217
10247 2.40036
10348 1.8906388
10447 1.3966527
10547 0.55930614
10647 -0.37437534
10748 -1.1735771
10848 -1.9950347
10948 -2.8286948
11049 -3.5597138
11157 -4.489233
11249 -4.5038986
11348 -4.428449
11449 -4.304848
11549 -3.2348437
11649 -2.500144
11750 -2.4806123
11851 -1.8036046
11950 -0.9443846
12050 -0.2566824
12151 0.89210606
12252 1.5094666
12352 2.1590605
12452 2.606546
12552 2.9132395
12652 3.1287804
12752 3.1450348
12853 3.110816
12953 2.8301744
13051 2.0961266
13151 1.3909912
13252 0.85193205
13352 0.45766544
13452 0.080284595
13553 -0.6626959
13653 -1.3464501
13753 -1.8336496
13853 -2.3516924
13953 -2.7510858
14053 -3.045179
14153 -3.2424703
14253 -3.427147
14354 -3.5098338
14453 -3.518364
14554 -3.398569
14654 -3.135571
14754 -2.7990303
14838 -2.2110717
14938 -1.7249348
15038 -1.3279717
15138 -0.909173
15238 -0.49892187
15339 -0.13731289
15439 0.27141762
15539 0.69021416
15639 1.0984159
15740 1.5238786
15840 2.0022535
15940 2.321013
16040 2.6062903
16140 2.842492
16241 2.8705025
16341 2.8653703
16440 2.2095003
16541 1.7871141
16641 1.2591658
16741 0.6955595
16844 -0.053676605
16944 -0.48080206
17044 -0.80993366
17144 -0.9219823
17241 -1.2493095
17342 -1.9246154
17443 -2.4556446
17542 -2.8201973
17642 -3.1714134
17742 -3.2366407
17842 -3.246715
17943 -2.9626148
18044 -2.4941554
18143 -1.9609823
18246 -1.3993802
18346 -0.98748827
18446 -0.51331806
18546 0.25583458
18646 0.95905924
18746 1.4133592
18846 1.7902145
18945 1.9391646
19045 2.0769944
19146 2.2049918
19245 2.2566772
19346 2.2793326
19446 2.30344
19546 2.36979
19649 2.4645042
19749 2.7946649
19849 2.9760947
19949 2.6546679
20049 1.126728
20147 0.30904007
20248 -0.3966322
20348 -0.809958
20448 -1.2033277
20548 -1.5671425
20650 -1.9036419
20748 -2.3516576
20849 -2.599639
20948 -2.5247767
21048 -1.9046905
21148 -0.83706665
21249 -0.08679724
21349 0.58542347
21449 1.0001554
21549 1.5791292
21650 2.0868177
21750 2.3148904
21849 2.4242768
21950 2.5515494
22050 2.6238852
22150 2.6267104
22250 2.5833611
22350 2.4864783
22451 2.4501138
22551 2.432691
22651 2.4264116
22751 2.346067
22851 1.2073293
22952 0.053095818
23052 -0.46387482
23152 -1.3497524
23254 -1.9427485
23353 -2.22381
23454 -2.333332
23555 -2.2591157
23653 -1.7785461
23755 -0.99291515
23854 -0.42852783
23955 0.10239172
24056 0.62869596
24154 1.0229101
24253 1.4327264
24354 1.6423888
24454 1.7228012
24554 1.7641015
24655 1.8289099
24754 1.855113
24839 1.695076
24938 1.3581562
25040 1.2041612
25138 1.1447802
25238 1.0770044
25339 0.8704219
25439 0.6935873
25539 0.6599574
25639 1.0140219
25739 1.3413119
25840 1.6194434
25940 1.8141623
26040 1.8559556
26140 1.8839211
26240 1.7433577
26340 1.4574714
26441 1.071733
26541 0.57415867
26641 0.15349722
26741 -0.2509446
26844 -0.6176629
26941 -1.0463796
27041 -1.5165622
27144 -1.9197431
27244 -2.2557862
27344 -2.7312336
27443 -2.768504
27544 -2.7186818
27643 -2.3009257
27743 -1.5754719
27844 -0.72894
27944 0.15945768
28044 1.064342
28145 1.8145866
28244 2.2080488
28344 2.5194902
28445 2.8317466
28544 3.1220455
28645 3.2789087
28745 3.38165
28845 3.6545277
28945 3.9015675
29045 3.989132
29146 3.9570074
29245 3.8267775
29346 3.662199
29445 3.437809
29549 3.1246958
29646 2.6918688
29746 1.8088379
29846 1.1826429
29949 0.7037649
30046 0.27717257
30149 -0.3958521
30247 -0.9958658
30347 -1.6383557
30447 -2.0649114
30548 -2.5640707
30648 -3.1897845
30748 -3.398382
30848 -3.270695
30949 -2.3720307
31049 -1.8447948
31149 -1.8293133
31249 -1.2268131
31350 -0.5160513
31450 0.3700552
31550 0.97800684
31651 1.4328613
31752 1.9330368
31849 2.3271255
31950 2.5070992
32051 2.8726158
32151 2.997683
32251 3.0978088
32350 3.15629
32451 3.1663008
32551 3.1700335
32651 3.1649303
32752 3.0461817
32851 2.759801
32952 2.1193438
33051 1.1826601
33153 0.41028786
33252 -0.49654293
33352 -1.4863498
33453 -2.0636096
33552 -2.4543376
33652 -2.7513416
33753 -2.958119
33853 -3.0795581
33954 -3.1287713
34054 -3.1805196
34153 -3.130887
34254 -2.8528175
34354 -2.4991024
34455 -2.0041964
34554 -1.6222565
34655 -1.2895024
34756 -0.5536375
34838 0.18961716
34938 0.89693165
35039 1.4621825
35138 2.0538926
35239 2.3127275
35339 2.5525599
35439 2.8443704
35539 2.929223
35639 3.0117817
35740 3.065525
35840 3.084361
35941 2.9877243
36040 2.9667983
36140 2.932238
36240 2.801404
36340 2.6705918
36440 2.2465372
36541 1.0648613
36644 0.14491749
36744 -0.78081036
36844 -1.6095214
36941 -2.2383733
37041 -2.4285047
37142 -2.6082935
37243 -2.812595
37343 -2.7683377
37442 -2.653127
37543 -2.2712219
37643 -1.5793216
37743 -0.7280474
37843 -0.11189318
37943 0.40648365
38043 0.8980932
38143 1.3685751
38246 1.6960068
38346 2.0711694
38446 2.6822104
38546 3.0411205
38646 3.238593
38746 3.2865105
38846 3.232418
38946 3.0813456
39046 2.8168373
39146 2.312375
39247 1.4096308
39346 0.52568626
39447 -0.16843605
39548 -1.0662777
39646 -1.8914075
39746 -2.4675052
39846 -2.8091638
39947 -2.9788651
40047 -3.127501
40364 -3.076475
40464 -2.770134
40565 -2.0964813
40664 -1.445226
40765 -0.7776561
40865 -0.25610638
40965 0.3241496
41065 0.9216466
41166 1.4137459
41266 1.6798553
41366 2.0071115
41466 2.3307786
41567 2.570035
41666 2.8056574
41768 2.8879938
41868 2.9828124
41967 3.0597181
42067 3.0864105
42167 3.0700617
42267 2.9863405
42367 2.642993
42468 1.8999634
42568 0.6910925
42667 -0.48298502
42768 -1.3339615
42868 -2.2130024
42969 -2.9271226
43068 -3.431538
43169 -3.7484846
43269 -3.9184783
43369 -4.025683
43470 -4.0134444
43569 -3.9728427
43669 -3.5637786
43769 -3.339014
43870 -3.193265
43971 -2.9586098
44070 -2.2431617
44170 -1.458149
44270 -0.5712905
44371 0.4206319
44472 1.2765512
44571 2.0220423
44672 2.4902678
44772 2.7598152
44873 2.8750238
44971 2.9533858
45072 2.9956856
45173 3.0099993
45274 2.9834886
45374 2.8701553
45474 2.2701354
45556 1.4198875
45657 0.26250362
45756 -0.8035364
45856 -1.6491799
45956 -2.5658114
46058 -3.2699513
46158 -3.7037983
46257 -3.772206
46357 -3.329368
46457 -2.6187668
46557 -1.8430324
46657 -0.8549185
46758 0.19400501
46858 1.2018347
46958 2.1038718
47058 2.8860078
47159 3.3010807
47258 3.8757076
47359 3.9660044
47460 3.68758
47561 2.779138
47662 1.4830589
47761 0.29472256
47861 -0.75072384
47961 -1.5842674
48061 -2.3832386
48161 -3.317473
48260 -3.748755
48360 -4.00487
48460 -3.8885465
48561 -3.4734151
48661 -2.646783
48761 -1.7605252
48861 -0.90435696
48964 0.062254906
49064 0.9300108
49164 1.7722154
49263 2.543715
49363 3.070897
49463 3.3449488
49563 3.4343567
49663 3.1970043
49763 2.265602
49862 1.3105221
49963 0.42193842
50063 -0.61434937
50163 -1.4815574
50264 -2.0052805
50367 -2.5639634
50464 -2.9373302
50566 -3.1547296
50666 -3.156034
50766 -2.8894143
50866 -2.099524
50966 -1.1259041
51066 -0.12431669
51167 0.65735817
51265 1.4963789
51365 2.1955237
51466 2.8352308
51566 3.2102032
51667 3.370987
51766 3.3535938
51867 2.9249244
51967 2.2069483
52067 1.5105972
52167 0.37242556
52267 -0.2957964
52368 -0.993484
52469 -1.6972156
52568 -2.34123
52669 -2.6980443
52768 -2.8416524
52870 -2.8835554
52969 -2.7618392
53068 -2.2444763
53169 -1.5528278
53269 -0.8693018
53369 -0.17317677
53469 0.4802537
53570 0.96773815
53670 1.4274178
53769 1.9764862
53869 2.6154685
53970 2.7546968
54071 2.6902237
54170 2.2408996
54271 1.6830702
54371 1.031661
54471 0.24763966
54572 -0.5299306
54671 -1.1327243
54772 -1.7049859
54872 -2.1996503
54972 -2.5419974
55073 -2.7647183
55172 -2.8705127
55272 -2.8311045
55372 -2.5431757
55473 -1.8408732
55556 -1.3023541
55656 -0.58159876
55756 0.15670061
55856 0.72968817
55956 1.1673617
56056 1.860137
56157 2.2765284
56257 2.582347
56357 2.9373727
56457 2.9376326
56558 2.7728019
56658 2.4361968
56758 2.031755
56859 1.3987837
56959 0.8734999
57058 0.2728324
57162 -0.24733877
57262 -0.9858751
57362 -1.5405841
57462 -2.0381355
57562 -2.4282384
57662 -2.705955
57762 -2.8560266
57862 -2.9246325
57962 -2.905497
58062 -2.7949176
58162 -2.5211167
58261 -2.1105924
58360 -1.5617416
58462 -1.006352
58561 -0.41577244
58661 0.24080896
58764 0.7932482
58861 1.2389345
59179 2.4268608
59281 2.9263978
59380 3.0895224
59480 3.0983229
59580 3.0613003
59680 2.8116922
59781 2.3189483
59879 1.3368893
59980 0.53099346
60080 -0.192235
60180 -0.92247725
60281 -1.6672032
60381 -2.1568525
60481 -2.4837816
60581 -2.7162492
60682 -2.7999167
60781 -2.8129249
60881 -2.7923355
60982 -2.7317529
61082 -2.62427
61183 -2.2341619
61283 -1.6293609
61383 -0.941597
61482 -0.3211751
61582 0.19316244
61684 0.8619995
61783 1.2427607
61883 1.6579008
61983 2.2012305
62084 3.0611982
62184 3.21982
62268 3.3377686
62367 3.400341
62467 3.345953
62567 3.2259493
62667 2.3605604
62768 1.3154593
62868 0.7450156
62968 0.2336564
63068 -0.23291874
63169 -0.7581339
63269 -1.3518817
63369 -1.9019234
63470 -2.3132358
63570 -2.572331
63670 -2.7331052
63773 -2.8204606
63873 -2.814073
63969 -2.3876445
64073 -1.6264179
64173 -0.83897257
64270 -0.21148396
64370 0.35666275
64471 0.9133787
64571 1.4500456
64672 1.9461412
64772 2.3475127
64871 2.5087996
64971 2.5909448
65072 2.6195679
65173 2.571701
65272 2.2189379
65372 1.7962303
65472 1.1958113
65575 0.5742612
65675 -0.10777855
65775 -0.5988703
65875 -1.2945209
65975 -1.6093698
66075 -1.8481433
66176 -2.1517193
66274 -2.3940547
66374 -2.501511
66475 -2.358603
66575 -1.6960042
66675 -1.1695225
66775 -0.5351858
66875 -0.04578495
66975 0.4146185
67076 0.93171215
67178 1.420774
67277 2.0046706
67376 2.186839
67476 2.3162394
67576 2.4073677
67676 2.3924804
67776 2.2589965
67876 1.8441133
67976 1.0182886
68077 0.50199413
68177 -0.1317172
68278 -0.6847744
68377 -1.1530747
68478 -1.614299
68578 -2.0396209
68678 -2.3962753
68778 -2.721602
68878 -2.8063836
68979 -2.6708252
69079 -2.2367692
69180 -1.7787399
69279 -1.2552638
69380 -0.6451597
69479 -0.220644
69579 0.33772182
69680 0.97655296
69779 1.4098649
69880 1.8401322
69981 1.9751649
70080 2.0417914
70181 2.1113687
70282 2.1481543
70382 2.1550379
70483 2.1217194
70583 1.3183689
70682 0.53660107
70781 0.0028982162
70881 -0.50790596
70982 -1.2550087
71083 -1.7123618
71182 -2.34718
71283 -2.8285851
71382 -3.2626178
71482 -3.4711018
71583 -3.4073956
71683 -3.1247249
71783 -2.4568393
71883 -1.7105756
71984 -1.154866
72083 -0.5194893
72167 0.2113843
72267 1.1197734
72367 1.5409842
72467 1.9095383
72568 2.8075995
72668 3.072217
72768 3.0710669
72868 2.7624407
72969 2.1805763
73068 1.3768101
73168 0.7580905
73270 0.20379782
73369 -0.6077757
73469 -1.4499688
73569 -2.0998738
73669 -2.771082
73773 -2.8596458
73873 -2.979878
73973 -2.9508348
74070 -2.7038302
74173 -2.1532874
74270 -1.5378742
74372 -1.0136218
74471 -0.4288149
74572 0.308311
74671 0.92625284
74772 1.3812413
74871 1.6615648
74972 1.8513727
