73 0.0
177 0.0
274 0.0
374 0.0
473 0.0
574 0.0
675 0.0
775 0.6706352
874 0.439898
975 -0.5818925
1075 -1.4418378
1175 -1.8145223
1275 -1.9160202
1376 -1.7180629
1475 -1.4616456
1576 -0.58072233
1676 0.4446993
1776 1.3183031
1876 1.9301004
1976 2.182414
2076 2.1866813
2176 2.169684
2277 2.1114373
2378 2.04111
2477 1.9953852
2578 1.9322615
2679 1.8711958
2778 1.8407288
2878 2.0017724
2979 2.940133
3078 3.053586
3179 3.0998592
3279 3.2010174
3379 3.460559
3463 4.6034
3563 4.3584623
3663 3.5136328
3763 0.85190296
3863 -1.4994864
3963 -2.5048213
4064 0.0
4163 0.0
4264 0.0
4363 0.0
4464 0.0
4564 0.0
4664 0.0
4764 0.0
4866 0.0
4965 0.0
5066 0.0
5383 0.0
5482 0.0
5583 0.0
5683 0.0
5783 0.0
5884 0.0
5983 0.0
6083 0.0
6184 0.0
6285 0.0
6386 0.0
6484 0.0
6585 0.0
6685 0.0
6785 0.0
6885 0.0
6985 0.0
7086 0.0
7185 0.0
7286 0.0
7386 0.0
7485 0.0
7587 0.0
7686 0.0
7787 0.0
7886 0.0
7986 0.0
8086 0.0
8187 0.0
8287 0.0
8387 0.0
8488 0.0
8587 0.0
8688 0.0
8789 0.0
8889 0.0
8988 0.0
9089 0.0
9189 0.0
9289 0.0
9373 0.0
9473 0.0
9573 0.0
9673 0.0
9773 0.0
9873 0.0
9973 0.0
10073 0.0
10173 0.0
10273 0.0
10374 0.0
10474 0.0
10574 0.0
10674 0.0
10775 0.0
10875 0.0
10976 0.0
11075 0.0
11175 0.0
11275 0.0
11376 0.0
11479 0.0
11576 0.0
11679 0.0
11779 0.0
11879 0.0
11979 0.0
12076 0.0
12179 0.0
12279 0.0
12377 0.0
12477 0.0
12577 0.0
12678 0.0
12778 0.0
12879 0.0
12978 0.0
13081 0.0
13182 0.0
13282 0.0
13379 0.0
13480 0.0
13580 0.0
13680 0.0
13780 0.0
13880 0.0
13980 0.0
14080 0.0
14180 0.0
14281 0.0
14380 0.0
14481 0.0
14581 0.0
14681 0.0
14784 0.0
14884 0.0
14981 0.0
15082 0.0
15185 0.0
15284 0.0
15382 0.0
15483 0.0
15582 0.0
15683 0.0
15783 0.0
15883 0.0
15984 0.0
16083 0.0
16184 0.0
16284 0.0
16384 0.0
16484 0.0
16584 0.0
16684 0.0
16785 0.0
16885 0.0
16985 0.0
17085 0.0
17187 0.0
17286 0.0
17386 0.0
17486 0.0
17586 0.0
17686 0.0
17787 0.0
17887 0.0
17987 0.0
18089 0.0
18188 0.0
18288 0.0
18389 0.0
18488 0.0
18588 0.0
18688 0.0
18789 0.0
18888 0.0
18988 0.0
19089 0.0
19189 0.0
19273 0.0
19373 0.0
19473 0.0
19573 0.0
19674 0.0
19773 0.0
19873 0.0
19973 0.0
20074 0.0
20174 0.0
20274 0.0
20374 0.0
20474 0.0
20575 0.0
20675 0.0
20775 0.0
20875 0.0
20975 0.0
21076 0.0
21175 0.0
21276 0.0
21393 0.0
21477 0.0
21576 0.0
21676 0.0
21776 0.0
21879 0.0
21979 0.0
22079 0.0
22179 0.0
22279 0.0
22378 0.0
22478 0.0
22578 0.0
22678 0.0
22779 0.0
22879 0.0
22979 0.0
23078 0.0
23179 0.0
23281 0.0
23381 0.0
23481 0.0
23581 0.0
23681 0.0
23782 0.0
23882 0.0
23982 0.0
24081 0.0
24181 0.0
24281 0.0
24381 0.0
24481 0.0
24581 0.0
24681 0.0
24782 0.0
24882 0.0
24983 0.0
25082 0.0
25182 0.0
25283 0.0
25383 0.0
25483 0.0
25583 0.0
25683 0.0
25784 0.0
25883 0.0
25984 0.0
26084 0.0
26186 0.0
26285 0.0
26385 0.0
26484 0.0
26585 0.0
26685 0.0
26785 0.0
26885 0.0
26986 0.0
27086 0.0
27185 0.0
27287 0.0
27388 0.0
27487 0.0
27586 0.0
27686 0.0
27787 0.0
27887 0.0
27987 0.0
28087 0.0
28188 0.0
28288 0.0
28388 0.0
28488 0.0
28588 0.0
28688 0.0
28789 0.0
28889 0.0
28973 0.0
29073 0.0
29173 0.0
29290 0.0
29373 0.0
29473 0.0
29573 0.0
29673 0.0
29773 0.0
29874 0.0
29974 0.0
30074 0.0
30174 0.0
30275 0.0
30374 0.0
30475 0.0
30575 0.0
30675 0.0
30775 0.0
30875 0.0
30975 0.0
31075 0.0
31176 0.0
31276 0.0
31376 0.0
31476 0.0
31794 0.0
31894 0.0
31993 0.0
32094 0.0
32195 -1.3178589
32294 0.17395687
32395 0.2125721
32495 -1.0176728
32596 -1.1702912
32696 -1.4960365
32796 -1.6141777
32895 -2.2141395
32995 -4.300396
33096 0.0
33197 0.0
33296 0.0
33397 0.0
33497 0.0
33597 0.0
33697 0.0
33799 0.0
33898 0.0
33997 0.0
34097 0.0
34198 0.0
34298 0.0
34399 0.0
34498 0.0
34598 0.0
34699 0.0
34799 0.0
34898 0.0
34999 0.0
35100 0.0
35200 0.0
35300 0.0
35400 0.0
35500 0.0
35600 0.0
35684 0.0
35784 0.0
35884 0.0
35984 0.0
36084 0.0
36184 0.0
36285 0.0
36385 0.0
36484 0.0
36585 0.0
36685 0.0
36785 0.0
36885 0.0
36986 0.0
37086 0.0
37186 0.0
37286 0.0
37386 0.0
37486 0.0
37587 0.0
37686 0.0
37787 0.0
37890 0.0
37987 0.0
38090 0.0
38190 0.0
38287 0.0
38389 0.0
38489 0.0
38589 0.0
38689 0.0
38789 0.0
38889 0.0
38989 0.0
39089 0.0
39189 0.0
39292 0.0
39392 0.0
39489 0.0
39593 0.0
39693 0.0
39792 0.0
39893 0.0
39993 0.0
40093 0.0
40193 0.0
40292 0.0
40392 0.0
40492 0.0
40592 0.0
40691 0.0
40792 0.0
40892 0.0
40995 0.0
41095 0.0
41195 0.0
41295 0.0
41394 0.0
41493 0.0
41593 0.0
41694 0.0
41793 0.0
41894 0.0
41994 0.0
42094 0.0
42195 0.0
42295 0.0
42394 0.0
42495 0.0
42595 0.0
42695 0.0
42796 0.0
42895 0.0
42996 0.0
43096 0.0
43196 0.0
43296 0.0
43397 0.0
43497 0.0
43597 0.0
43698 0.0
43797 0.0
43898 0.0
43997 0.0
44098 0.0
44198 0.0
44298 0.0
44400 0.0
44499 0.0
44599 0.0
44699 0.0
44799 0.0
44899 0.0
44999 0.0
45099 0.0
45199 0.0
45300 0.0
45400 0.0
45500 0.0
45584 0.0
45684 0.0
45784 0.0
45884 0.0
45984 0.0
46084 0.0
46184 0.0
46284 0.0
46384 0.0
46485 0.0
46585 0.0
46685 0.0
46785 0.0
46886 0.0
46985 0.0
47087 0.0
47187 0.0
47286 0.0
47386 0.0
47489 0.0
47587 0.0
47687 0.0
47787 0.0
47887 0.0
47987 0.0
48090 0.0
48190 0.0
48290 0.0
48389 0.0
48489 0.0
48589 0.0
48689 0.0
48789 0.0
48889 0.0
48989 0.0
49089 0.0
49190 0.0
49290 0.0
49392 0.0
49490 0.0
49593 0.0
49757 0.0
49857 0.0
49958 0.0
50059 0.0
50158 0.0
50258 0.0
50358 0.0
50458 0.0
50559 0.0
50659 0.0
50759 0.0
50859 0.0
50959 0.0
51059 0.0
51159 0.0
51259 0.0
51362 0.0
51461 0.0
51562 0.0
51661 0.0
51762 0.0
51861 0.0
51961 0.0
52061 0.0
52162 0.0
52262 -0.8287959
52361 -2.025969
52461 -0.614306
52561 -0.57973814
52663 0.0
52763 0.0
52862 0.0
52962 0.0
53063 0.0
53163 0.0
53263 0.0
53363 0.0
53464 0.0
53564 0.0
53667 -3.1547585
53764 -3.4243858
53864 -1.838824
53967 -0.7781668
54065 -1.2089379
54167 -1.2084625
54267 -0.6455965
54365 -0.7656679
54466 -2.3756657
54565 -3.763846
54665 -4.41782
54765 -4.2104173
54866 -4.3624682
54966 -4.348171
55066 -4.043584
55167 0.0
55267 0.0
55367 0.0
55467 0.0
55567 0.0
55667 0.0
55768 0.0
55867 0.0
55968 0.0
56068 0.0
56169 0.0
56268 0.0
56369 0.0
56469 0.0
56569 0.0
56669 0.0
56770 0.0
56870 0.0
56970 0.0
57069 -1.2507386
57170 -1.7604778
57270 -2.3501105
57370 -2.3929396
57470 -2.362045
57571 -2.3207977
57670 -1.0279179
57771 1.4792023
57871 3.5430393
57972 4.76682
58072 5.0
58172 5.0
58272 5.0
58372 0.0
58456 0.0
58556 2.3266191
58656 2.560958
58756 0.8634782
58855 -1.3146362
58956 -2.6262507
59056 -3.4151692
59157 -3.6226187
59257 -3.355733
59357 -2.647452
59457 -1.749677
59558 -0.4257326
59657 0.8015666
59757 1.6983871
59858 2.1380982
59958 2.1913133
60058 2.0549326
60158 1.6290574
60258 0.6598091
60358 -0.55605984
60459 -1.4091334
60559 -1.7918944
60659 -1.89028
60759 -1.8015194
60859 -1.4098651
60959 -0.4571476
61059 0.6920371
61159 1.5645561
61263 2.153132
61362 2.563395
61462 2.864911
61562 2.908815
61662 2.5157309
61762 1.4241319
61861 0.2134161
61962 -1.0703132
62062 -2.2386832
62163 -3.181497
62262 -3.4965065
62362 -3.272612
62462 -2.364496
62562 -0.97941303
62663 0.4776287
62763 1.8588572
62863 2.9980593
62963 3.6936512
63063 3.6277275
63163 2.3185754
63263 0.72985935
63363 -0.45548153
63464 -1.2499764
63563 -1.7842567
63664 -1.6326861
63764 -0.2631874
63867 1.5655403
63967 3.2165365
64067 3.9240704
64164 3.8664885
64267 2.677143
64366 1.2796144
64465 -0.40477657
64566 -1.6020293
64666 -2.5773728
64766 -2.6213887
64866 -1.8617144
64966 -0.5378685
65066 0.8260622
65168 1.9469581
65268 2.483406
65367 2.447856
65467 0.62048817
65567 -1.5286503
65669 -2.6784546
65768 -2.864864
65868 -1.6615329
65968 0.41731596
66068 2.4426079
66168 3.1735582
66269 2.113186
66370 -0.12854862
66469 -1.8381374
66569 -2.6521819
66669 -2.660339
66769 -1.5819411
66870 0.30632687
66970 2.0280428
67070 3.1697102
67170 3.4732695
67270 2.9325294
67370 1.4680238
67471 -0.25070667
67571 -1.7934601
67671 -2.959265
67771 -3.7976534
67871 -4.0562506
67971 -3.4206314
68071 -1.5442269
68172 -0.103014946
68271 1.2939982
68356 2.2240133
68456 2.9588823
68556 3.051834
68656 2.229062
68756 0.8574271
68856 -0.31534147
68956 -1.0857022
69056 -1.7097611
69157 -2.0210605
69257 -2.041715
69357 -1.9448276
69457 -1.040376
69557 0.641942
69657 1.8228264
69758 2.3856115
69858 2.48731
69958 1.936418
70058 0.5203109
70158 -0.7856102
70258 -1.794337
70359 -2.389792
70459 -3.3810487
70558 -3.30968
70662 -2.833943
70759 -1.7447352
70862 -0.27922487
70962 0.993474
71062 1.7839575
71161 2.036069
71262 2.01166
71361 1.1853147
71461 -0.32359457
71561 -1.6118317
71661 -2.5204558
71761 -3.4579468
71861 -3.9003677
71964 -3.1444669
72061 -1.4462929
72161 -0.5035515
72264 0.5395551
72364 1.5122643
72464 2.107665
72564 2.4639459
72664 2.3726287
72764 1.1904931
72864 -0.15076685
72963 -1.0257401
73064 -1.8121662
73164 -2.228188
73263 -2.5333986
73366 -2.454592
73465 -1.560257
73564 -0.4144745
73665 0.7491708
73765 1.7202759
73865 2.4277215
73965 2.7618842
74065 2.6783552
74165 1.7491035
74265 0.41765738
74365 -0.6637993
74465 -1.4425893
74566 -1.9495478
74667 -2.090627
74767 -2.040623
74866 -1.6790967
74966 -0.32680988
16 0.0
116 0.0
216 -1.4279468
318 -0.7127385
417 1.0235958
516 2.2278242
616 3.077509
717 3.5330095
817 3.8236876
917 3.8249197
1017 2.7632685
1117 1.4852076
1218 -0.28256226
1318 -1.604737
1417 -2.606501
1519 -3.28461
1619 -3.9892375
1719 -4.231974
1818 -4.23796
1919 -3.2044845
2003 -1.740459
2119 -0.12505293
2202 0.6586542
2303 1.8274107
2403 2.5798464
2503 2.9914117
2603 3.0218296
2703 2.6132889
2804 1.5334344
2904 0.26394653
3004 -0.8370857
3105 -1.8261676
3204 -2.629908
3305 -3.5103476
3404 -3.925909
3505 -4.144878
3605 -3.775965
3705 -2.243443
3805 -0.7210245
3905 0.63614416
4005 1.863977
4106 2.8347993
4207 3.4122524
4306 3.47676
4406 3.0464373
4506 1.8166876
4606 0.5295553
4706 -0.68588495
4810 -1.6246114
4909 -2.3425865
5009 -2.918468
5110 -2.9748473
5209 -2.9016805
5309 -2.638616
5409 -1.0210862
5508 0.21219349
5609 1.3232856
5708 2.257474
5809 2.7411666
5909 2.9641466
6009 2.9207191
6109 2.1380434
6209 0.91098166
6310 -0.19401598
6410 -1.2501869
6510 -2.0545268
6610 -2.6868517
6710 -3.0723257
6810 -3.044784
6910 -2.6233919
7011 -1.7106736
7111 -0.6485295
7214 0.48436165
7311 1.4575071
7411 2.1453338
7514 2.466639
7614 2.3173075
7712 1.6186295
7812 0.3984909
7913 -0.98075914
8013 -1.9798005
8113 -3.0955863
8212 -3.79008
8313 -3.801094
8413 -3.7969563
8513 -2.442985
8614 -0.7679167
8714 0.5467868
8814 1.6992097
8914 2.4811811
9014 2.9567733
9115 2.8597083
9214 2.034491
9314 0.7419553
9414 -0.4845276
9515 -1.4732823
9615 -2.1477451
9715 -2.6283047
9815 -2.658037
9917 -2.154548
10016 -1.1343963
10116 0.003420353
10216 1.0094242
10316 2.00177
10416 2.7239518
10517 2.8854537
10616 2.6453714
10717 1.5439363
10818 0.3953128
10918 -0.70086527
11017 -1.5994556
11119 -2.5223517
11217 -3.0407171
11318 -3.0377288
11418 -2.9549842
11518 -1.8908617
11618 -0.26502562
11719 0.8717294
11818 1.8769851
11903 2.4785042
12003 2.9031038
12103 2.9902725
12203 2.4715662
12303 1.213182
12403 -0.04403448
12503 -1.090332
12603 -1.909817
12703 -2.5879345
12804 -2.811612
12904 -2.7910557
13004 -2.298271
13104 -0.72092915
13204 0.62464523
13304 1.8616934
13405 2.772869
13505 3.132969
13605 3.1138134
13705 2.752913
13805 1.5223465
13906 0.0963192
14006 -0.98163795
14106 -1.8176472
14206 -2.372359
14306 -2.6151938
14409 -2.6460261
14509 -2.3692803
14609 -1.8465638
14707 -0.82717943
14807 0.3816743
14907 1.3401198
15008 2.0619621
15108 2.3917427
15208 2.4268355
15308 1.6187925
15408 0.1970315
15509 -0.9907856
15609 -1.9797511
15708 -2.802013
15811 -3.202786
15911 -4.054573
16011 -3.8714855
16112 -2.891098
16212 -1.7193539
16311 -0.63748837
16412 0.45604992
16511 1.4340768
16611 2.1241279
16711 2.640666
16811 2.810945
16910 2.6721253
17011 1.9697204
17111 1.0672569
17211 -0.0046396255
17311 -0.9963765
17411 -1.8888273
17514 -2.6999087
17614 -4.1702037
17712 -4.3703446
17812 -4.3853126
17912 -5.0
18012 -5.0
18113 -5.0
18213 -5.0
18313 -5.0
18413 -5.0
18513 -5.0
18614 -4.9851255
18714 -4.0513325
18814 -3.0587935
18914 -2.0896153
19014 -1.2860885
19114 -0.5989461
19215 0.2358427
19317 1.4926538
19415 2.0791006
19515 2.6358156
19615 2.926918
19715 2.9169502
19815 2.503849
19916 1.4285035
20016 0.53184414
20116 -0.30485773
20216 -1.1648095
20316 -2.0134556
20416 -2.6756566
20517 -3.5431976
20618 -3.6531239
20717 -3.7784016
20818 -3.8059807
20918 -3.8311563
21018 -3.8403826
21118 -3.8418875
21218 -3.8408349
21318 -3.8404672
21418 -3.4502106
21519 -2.3193147
21619 -1.8485467
21721 -1.4184055
21820 -0.78294563
21920 0.023364067
22003 0.69193506
22103 1.366847
22203 1.9290581
22303 2.4251518
22403 2.8938088
22503 3.1730137
22603 3.3534575
22704 3.4172688
22804 3.2750235
22905 2.4341407
23004 1.2424827
23104 0.15142536
23205 -0.9251542
23305 -1.7938137
23405 -2.3116276
23505 -2.924441
23605 -4.027356
23705 -4.215145
23806 -4.4080315
23905 -4.4473667
24006 -4.45712
24106 -4.4616065
24209 -4.462928
24309 -4.4630375
24409 -4.463064
24509 -4.4596243
24609 -4.3145065
24707 -3.3103197
24807 -2.17085
24908 -1.2316277
25008 -0.48551893
25108 0.287035
25208 0.8948293
25308 1.4256334
25408 2.0032845
25508 2.5794268
25609 2.8687277
25711 2.945311
25811 2.931796
25911 2.6291833
26011 1.5797195
26111 0.62499523
26211 -0.26640272
26311 -0.9523783
26412 -1.908937
26512 -2.6742072
26612 -3.183595
26710 -3.748944
26811 -4.046394
26911 -4.435026
27011 -3.9369266
27111 -2.7686534
27211 -1.7103734
27314 -0.90731716
27414 0.02877903
27514 0.8511362
27614 1.5856233
27714 2.2675118
27812 2.773046
27912 3.3041353
28013 3.5337858
28113 3.563036
28213 3.5812397
28313 3.5854626
28413 3.5896473
28514 3.5455532
28615 3.2728004
28714 2.4901705
28814 1.3752813
29133 -1.2794578
29231 -1.9802825
29332 -2.711123
29432 -3.5678718
29532 -3.792946
29633 -4.3120184
29732 -4.5092525
29832 -4.4965734
29932 -4.3959365
30032 -4.33885
30133 -4.3251467
30233 -4.3181887
30333 -4.26319
30434 -4.2025847
30534 -4.1811934
30634 -4.174575
30735 -4.072918
30834 -3.6678104
30935 -2.827875
31034 -1.7801995
31134 -1.2634454
31235 -0.7358122
31335 -0.15740156
31435 0.29843235
31537 0.68280697
31636 0.9969988
31736 1.9248247
31836 2.1091805
31937 2.3567047
32036 2.56503
32137 2.8240342
32237 3.0412703
32337 3.236927
32437 3.3496828
32537 3.3931484
32639 3.3926191
32739 3.3118286
32838 3.0672903
32938 2.5159616
33039 1.5089822
33122 0.5769973
33222 -0.2389555
33322 -0.79259205
33422 -1.2645645
33522 -1.7311676
33622 -2.263218
33723 -2.9029126
33823 -3.2350245
33923 -3.9652977
34023 -3.9975526
34123 -4.1120043
34223 -4.1315784
34324 -3.717954
34423 -3.1723208
34524 -2.822346
34624 -2.3939693
34724 -1.682975
34824 -1.0327561
34924 0.26328182
35025 1.432653
35125 2.5098925
35228 3.227313
35328 3.7505283
35425 4.1796246
35525 4.466283
35628 4.57197
35726 4.6065083
35825 4.601842
35926 4.5741997
36026 4.4834948
36127 4.221158
36227 3.6500874
36327 2.9033089
36427 2.1879373
36527 1.2178125
36627 0.24828482
36730 -0.82507896
36830 -1.6485391
36930 -2.2208748
37030 -2.6254818
37130 -3.042519
37231 -3.3204548
37330 -3.5061603
37431 -3.5663443
37531 -3.5821955
37630 -3.5858543
37730 -3.575863
37829 -2.8585062
37929 -1.4782968
38030 -0.43751907
38130 0.7251253
38230 2.13694
38330 3.2185955
38430 3.8647118
38533 4.112749
38633 4.243084
38733 4.256386
38833 4.1479244
38933 3.9534473
39033 3.673379
39133 3.2663069
39233 2.5499916
39332 1.5524683
39432 0.3370962
39532 -0.79854345
39632 -1.6278083
39733 -2.5504243
39834 -3.2327695
39933 -3.4450223
40034 -3.5469973
40134 -3.6013553
40234 -3.6090472
40334 -3.1972492
40434 -2.550889
40534 -2.2382436
40634 -1.658196
40735 -0.9510355
40834 -0.20691967
40934 0.7684622
41034 1.5347967
41135 2.2066145
41235 2.7117743
41336 3.2617216
41436 3.5501308
41536 3.692299
41636 3.784028
41735 3.8160715
41836 3.7995768
41936 3.6229334
42037 3.1825914
42137 2.3811135
42236 1.3166714
42338 0.053432465
42437 -1.0859928
42538 -2.0591168
42637 -3.0426188
42738 -4.014635
42838 -4.3997717
42922 -4.512542
43022 -4.697387
43122 -4.814193
43222 -4.836619
43322 -4.8339314
43422 -4.7991962
43522 -4.754041
43622 -4.652181
43723 -4.5113378
43822 -4.3311734
43923 -3.0143237
44023 -2.4682775
44123 -1.8629825
44223 -0.88323116
44323 0.16104937
44423 1.1658258
44525 1.9669318
44624 2.4613886
44724 2.7731905
44825 2.9902978
44925 3.1280298
45025 3.170905
45125 3.138321
45225 3.067896
45328 2.9326577
45425 2.6273031
45525 1.8815141
45628 0.8499613
45728 -0.06534624
45828 -0.73223066
45927 -1.6424363
46028 -2.5955796
46127 -3.1836827
46228 -3.4556477
46327 -3.8818445
46427 -3.8827105
46527 -3.851675
46627 -2.593799
46728 -2.2846403
46828 -1.7106235
46929 -0.98336744
47029 0.15903568
47128 1.6587954
47228 2.7476554
47329 3.4685287
47429 3.8262415
47529 3.8809729
47629 3.8636436
47729 3.7806911
47830 3.5566826
47930 3.094595
48029 2.1675797
48130 0.6305523
48233 -0.4762435
48333 -1.2621045
48430 -1.8300872
48533 -2.1416793
48633 -2.2549052
48731 -2.2794645
48831 -2.1954007
48931 -1.9846239
49032 -1.2912986
49131 -0.45136118
49232 0.5276799
49332 1.5298781
49433 2.503007
49533 3.180832
49633 3.4185562
49733 3.388195
49834 3.0611095
49934 2.2276201
50033 0.95378256
50133 -0.27011395
50233 -1.333374
50334 -2.1045172
50434 -2.6436167
50534 -2.8990517
50634 -2.7876813
50735 -2.5038543
50834 -1.6310043
50935 -0.5235429
51035 0.5025377
51135 1.2673216
51236 1.9654832
51336 2.4738832
51436 2.869925
51535 2.9904785
51636 2.4235969
51738 1.1424499
51837 -0.061632156
51936 -1.1027389
52037 -1.8526969
52137 -2.354617
52237 -2.496409
52338 -2.2953515
52438 -1.6681702
52537 -0.27859402
52638 1.1285911
52722 2.0975838
52822 3.1204243
52922 3.9016438
53022 4.1739264
53122 3.6938114
53222 2.5055628
53322 0.6700392
53422 -0.9395156
53522 -1.8968418
53623 -2.378858
53723 -2.452886
53823 -2.1484523
53923 -1.3898544
54024 -0.092335224
54124 1.3376322
54224 2.3204203
54324 2.99122
54424 3.2738934
54524 3.270214
54624 2.8635397
54725 1.6433706
54824 0.24703455
54924 -0.9683876
55025 -1.8395104
55125 -2.3898516
55228 -2.4833667
55328 -2.2096944
55428 -1.3774948
55528 -0.0021133423
55627 1.2351775
55726 2.107812
55827 2.6268945
55926 2.7419205
56027 2.6253104
56127 1.6159067
56227 0.2317071
56327 -1.150933
56427 -2.32495
56527 -3.2363458
56630 -3.4818485
56730 -2.5495806
56830 -0.9413557
56930 0.41813135
57030 1.5892153
57130 2.3549814
57230 2.8263116
57329 2.9354186
57430 2.732625
57530 1.8110514
57631 0.6880579
57733 -0.33441687
57830 -1.1348789
57930 -1.5714943
58030 -1.6808712
58133 -1.542211
58230 -1.0181324
58330 0.069226265
58433 1.2293887
58533 2.1364717
58633 2.7656898
58731 3.161438
58833 3.2918139
58933 3.130828
59032 2.199006
59132 1.0924382
59232 0.07736206
59332 -0.8891306
59433 -1.6843171
59533 -2.1630409
59633 -2.2715642
59733 -2.0153928
59833 -1.0055981
59933 0.30476665
60034 1.3319917
60134 2.149507
60234 2.7276177
60334 3.0542088
60434 3.034603
60534 2.424128
60635 1.1075616
60735 -0.105137825
60835 -1.2541721
60935 -2.0258586
61036 -2.456752
61136 -2.6165142
61236 -2.6083941
61337 -2.484968
61436 -1.5423157
61536 -0.18094921
61637 0.9519992
61737 1.8955545
61837 2.7405014
61937 3.1449633
62037 3.1516352
62137 2.8000016
62237 2.0286598
62337 0.79277563
62438 -0.35484028
62539 -1.242907
62638 -1.9351397
62722 -2.0518935
62822 -1.9040139
62922 -1.3674321
63022 -0.3526392
63122 0.7270317
63222 1.6333132
63322 2.3737793
63423 2.898912
63523 2.99265
63623 2.7885451
63723 2.4194846
63823 1.9560556
63923 0.8738184
64024 -0.57888937
64124 -1.4738812
64224 -1.9032059
64324 -1.9980404
64424 -1.7768772
64524 -1.0281262
64624 0.02537918
64724 1.1620626
64828 2.1681376
64928 2.9844236
65028 3.274026
65128 3.3345375
65228 3.0475607
65328 2.2304597
65427 0.9494009
65528 -0.0029435158
65628 -0.7271118
65726 -1.2644296
65826 -1.6844649
65927 -1.8302219
66028 -1.6362185
66127 -0.9422846
66227 0.017046452
66327 1.0268049
66427 1.878859
66530 2.5825706
66630 2.8034196
66730 2.6816049
66830 1.9764166
66930 0.70254946
67029 -0.42602062
67131 -1.1399796
67231 -1.7911949
67330 -2.230202
67431 -2.3371289
67530 -2.138121
67630 -1.3860822
67730 0.095710754
67830 1.0870299
67930 1.9502144
68030 2.629889
68133 3.0078468
68233 3.085781
68333 2.5605583
68433 1.14675
68532 -0.13452387
68633 -1.1519656
68731 -2.0086112
68832 -2.5400558
68931 -2.7499135
69033 -2.574471
69132 -1.5908005
69232 -0.11974716
69333 1.0233221
69433 1.8072076
69533 2.2559023
69635 2.6532526
69734 2.7402525
69834 2.3640757
69933 1.4690566
70034 -0.3717594
70134 -1.6662896
70234 -2.5620763
70335 -3.0396457
70434 -2.9705234
70534 -2.3209455
70634 -1.0686793
70735 0.35532522
70835 1.7733979
70935 2.522264
71036 2.733695
71135 2.7274046
71236 2.683291
71336 2.501742
71436 1.6595778
71537 0.047350883
71636 -1.2581182
71737 -2.7637136
71837 -4.2012806
71938 -5.0
72037 -5.0
72138 -3.6786866
72238 -1.6248689
72337 -0.2671299
72438 1.3093843
72522 2.4781656
72622 3.2320251
72722 3.7501945
72821 4.082842
72922 3.8731022
73022 2.9044905
73122 1.5934534
73223 0.30035257
73323 -0.88648415
73423 -1.88487
73523 -2.6291914
73623 -3.1255913
73723 -3.1216168
73823 -2.734737
73923 -1.2671981
74024 -0.259305
74124 0.86594677
74224 1.7772422
74324 2.3356118
74424 2.6665025
74528 2.8024964
74625 2.7977943
74725 2.0559607
74825 0.78101254
74925 -0.44973755
