70 0.0
154 0.0
255 0.0
355 0.0
455 0.0
555 0.0
656 0.0
756 0.0
856 0.0
956 0.0
1057 0.0
1157 0.0
1257 0.0
1357 0.0
1458 0.0
1557 0.0
1658 0.0
1758 0.0
1859 0.0
1960 0.0
2059 0.0
2159 0.0
2260 0.0
2360 0.0
2461 0.0
2560 0.0
2661 0.0
2762 0.0
2862 0.0
2962 0.0
3062 0.0
3162 0.0
3262 0.0
3363 0.0
3463 0.0
3563 0.0
3663 0.0
3764 0.0
3864 0.0
3964 0.0
4065 0.0
4165 0.0
4265 0.0
4365 0.0
4466 0.0
4566 0.0
4666 0.0
4766 0.0
4867 0.0
4967 0.0
5067 0.0
5168 0.0
5268 0.0
5368 0.0
5468 0.0
5568 0.0
5669 0.0
5770 0.0
5869 0.0
5970 0.0
6070 0.0
6170 0.0
6254 0.0
6353 0.0
6455 0.0
6555 0.0
6655 0.0
6755 0.0
6855 0.0
6956 0.0
7056 0.0
7156 0.0
7257 0.0
7357 0.0
7457 0.0
7557 0.0
7657 0.0
7758 0.0
7858 0.0
7959 0.0
8058 0.0
8159 0.0
8260 0.0
8359 0.0
8459 0.0
8559 0.0
8660 0.0
8760 0.0
8860 0.0
8961 0.0
9062 0.0
9161 0.0
9261 0.0
9362 0.0
9462 0.0
9563 0.0
9662 0.0
9763 0.0
9863 0.0
9963 0.0
10064 0.0
10164 0.0
10264 0.0
10365 0.0
10465 0.0
10566 0.0
10665 0.0
10766 0.0
10866 0.0
10966 0.0
11066 0.0
11167 0.0
11266 0.0
11366 0.0
11467 0.0
11567 0.0
11668 0.0
11768 0.0
11868 0.0
11968 0.0
12069 0.0
12169 0.0
12270 0.0
12353 0.0
12453 0.0
12553 0.0
12653 0.0
12755 0.0
12854 0.0
12954 0.0
13055 0.0
13156 0.0
13256 0.0
13356 0.0
13457 0.0
13557 0.0
13657 0.0
13757 0.0
13858 0.0
13958 0.0
14058 0.0
14158 0.0
14259 0.0
14358 0.0
14459 0.0
14559 0.0
14660 0.0
14760 0.0
14860 0.0
14960 0.0
15061 0.0
15161 0.0
15262 0.0
15361 0.0
15461 0.0
15562 0.0
15662 0.0
15763 0.0
15863 0.0
15963 0.0
16063 0.0
16163 0.0
16264 0.0
16364 0.0
16464 0.0
16564 0.0
16665 0.0
16765 0.0
16865 0.0
16966 0.0
17065 0.0
17166 0.0
17266 0.0
17367 0.0
17467 0.0
17567 0.0
17668 0.0
17768 0.0
17868 0.0
17969 0.0
18068 0.0
18169 0.0
18268 0.0
18370 0.0
18470 0.0
18570 0.0
18653 0.0
18753 0.0
18853 0.0
18955 0.0
19055 0.0
19155 0.0
19255 0.0
19355 0.0
19456 0.0
19556 0.0
19656 0.0
19757 0.0
19857 0.0
19957 0.0
20057 0.0
20157 0.0
20258 0.0
20358 0.0
20458 0.0
20559 0.0
20659 0.0
20759 0.0
20859 0.0
20959 0.0
21060 0.0
21160 0.0
21260 0.0
21360 0.0
21461 0.0
21561 0.0
21662 0.0
21762 0.0
21862 0.0
21962 0.0
22063 0.0
22163 0.0
22263 0.0
22364 0.0
22464 0.0
22564 0.0
22664 0.0
22764 0.0
22865 0.0
22964 0.0
23066 0.0
23166 0.0
23266 0.0
23366 0.0
23467 0.0
23567 0.0
23666 0.0
23768 0.0
23868 0.0
23968 0.0
24068 0.0
24168 0.0
24268 0.0
24369 0.0
24469 0.0
24569 0.0
24669 0.0
24770 0.0
24853 0.0
24953 0.0
25053 0.0
25155 0.0
25255 0.0
25354 0.0
25454 0.0
25555 0.0
25656 0.0
25756 0.0
25856 0.0
25956 0.0
26057 0.0
26157 0.0
26257 0.0
26357 0.0
26458 0.0
26559 0.0
26658 0.0
26758 0.0
26858 0.0
26959 0.0
27060 0.0
27160 0.0
27260 0.0
27361 0.0
27460 0.0
27561 0.0
27661 0.0
27761 0.0
27862 0.0
27961 0.0
28062 0.0
28163 0.0
28263 0.0
28362 0.0
28463 0.0
28564 0.0
28664 0.0
28763 0.0
28865 0.0
28965 0.0
29065 0.0
29165 0.0
29265 0.0
29366 0.0
29466 0.0
29565 0.0
29666 0.0
29766 0.0
29867 0.0
29968 0.0
30067 0.0
30168 0.0
30267 0.0
30368 0.0
30468 0.0
30569 0.0
30669 0.0
30769 0.0
30869 0.0
30969 0.0
31069 0.0
31153 0.0
31253 0.0
31353 0.0
31455 0.0
31555 0.0
31654 0.0
31755 0.0
31856 0.0
31956 0.0
32056 0.0
32157 0.0
32257 0.0
32357 0.0
32456 0.0
32558 0.0
32657 0.0
32758 0.0
32858 0.0
32959 0.0
33059 0.0
33158 0.0
33260 0.0
33360 0.0
33460 0.0
33559 0.0
33660 0.0
33760 0.0
33861 0.0
33960 0.0
34061 0.0
34162 0.0
34262 0.0
34362 0.0
34463 0.0
34563 0.0
34663 0.0
34763 0.0
34863 0.0
34963 0.0
35064 0.0
35164 0.0
35264 0.0
35365 0.0
35465 0.0
35565 0.0
35665 0.0
35765 0.0
35866 0.0
35966 0.0
36067 0.0
36167 0.0
36268 0.0
36368 0.0
36467 0.0
36568 0.0
36669 0.0
36768 0.0
36868 0.0
36969 0.0
37069 0.0
37169 0.0
37270 0.0
37354 0.0
37454 0.0
37553 0.0
37655 0.0
37755 0.0
37855 0.0
37955 0.0
38054 0.0
38156 0.0
38256 0.0
38356 0.0
38457 0.0
38556 0.0
38657 0.0
38757 0.0
38857 0.0
38958 0.0
39057 0.0
39159 0.0
39259 0.0
39359 0.18758011
39459 -1.4466832
39559 0.0
39660 0.0
39760 0.0
39860 0.0
39960 0.0
40060 0.0
40161 0.0
40261 0.0
40362 0.0
40462 0.0
40563 0.0
40662 0.0
40780 0.0
40863 0.0
40963 0.0
41063 0.0
41164 0.0
41263 0.0
41364 0.0
41464 0.0
41565 -1.9448886
41665 0.0
41765 0.10329676
41865 0.20826817
41966 3.143775
42066 4.3933496
42166 4.351302
42266 4.158224
42367 3.5930939
42467 2.076716
42567 1.9083185
42668 -1.3640175
42768 -0.91186
42868 0.4307661
42968 0.0
43069 0.0
43169 0.0
43269 0.0
43369 0.0
43469 0.0
43570 0.0
43653 0.0
43753 0.0
43854 0.0
43955 0.0
44055 0.0
44155 0.0
44255 0.0
44356 0.0
44456 0.0
44556 0.0
44656 0.0
44757 0.0
44857 -0.27450228
44956 -1.3132687
45057 -1.977422
45158 -1.8310542
45258 -0.73208857
45358 0.6006017
45459 3.0232391
45559 4.3588095
45659 4.108618
45758 2.2988677
45860 0.40651846
45960 0.6005244
46060 0.7715101
46160 0.0
46261 0.0
46361 0.0
46461 0.0
46561 0.0
46661 0.0
46762 0.0
46862 0.0
46962 0.0
47062 0.0
47163 0.0
47263 0.0
47363 0.0
47463 0.0
47564 0.0
47664 0.0
47765 0.0
47864 0.0
47964 0.0
48065 0.0
48165 0.0
48266 0.0
48366 -0.7658243
48466 1.6643982
48567 0.0
48667 0.0
48767 0.0
48867 0.0
48968 0.0
49068 0.0
49168 0.0
49268 1.0183916
49368 1.7168069
49470 1.4768677
49569 0.5938573
49669 -1.0074761
49770 -2.192762
49921 -2.71768
50021 -2.1824656
50121 -0.54585075
50221 0.44950008
50322 1.3803492
50421 2.0610876
50522 2.2135606
50622 1.4048319
50722 0.18218517
50823 -1.0937018
50923 -2.1382394
51023 -2.687334
51124 -2.6877408
51224 -1.5904567
51324 0.09439278
51424 1.5192986
51525 2.7067099
51624 2.7403984
51708 1.6620498
51809 0.06973362
51909 -1.3414772
52010 -2.5657716
52109 -3.1537707
52210 -3.0375855
52310 -1.7268701
52411 -0.09617996
52511 1.4031577
52611 1.8788652
52712 2.0356255
52811 1.605886
52912 0.15028858
53012 -0.46582365
53112 -2.1909919
53213 0.0
53313 0.0
53413 0.0
53513 0.0
53613 0.0
53714 0.0
53813 0.0
53915 0.0
54015 0.0
54115 0.0
54215 0.0
54316 -1.0814934
54415 0.50256824
54516 1.1867132
54615 1.3331308
54716 0.8098335
54816 -0.16077185
54917 -0.90016365
55018 -1.3222237
55118 -1.2081611
55218 -1.0154176
55318 -0.46656322
55419 0.2266345
55518 0.35582256
55619 0.34563828
55719 0.29751873
55819 0.20303822
55919 0.08106518
56020 0.11631012
56121 0.16179419
56220 0.15640163
56320 -0.03952694
56420 -0.07021141
56521 -0.057097435
56622 -0.03376341
56722 0.049311638
56822 -0.6553459
56922 -1.020721
57023 -2.544952
57123 0.0
57223 0.0
57323 0.0
57424 0.0
57524 0.0
57624 0.0
57725 0.0
57825 0.0
57925 0.0
58009 0.0
58109 0.0
58209 0.0
58309 0.0
58410 0.0
58510 0.0
58611 0.0
58711 0.0
58811 0.0
58911 0.0
59011 0.0
59112 0.0
59212 0.0
59312 -3.5471683
59412 -4.6311893
59513 -3.4797428
59613 0.34397984
59714 3.9451742
59813 5.0
59913 4.137005
60013 0.9805851
60115 -2.3164876
60215 0.0
60315 0.0
60415 0.0
60515 0.13149452
60615 3.2578773
60716 4.3329916
60816 3.8705006
60916 2.3528824
61017 1.0046625
61117 2.1495538
61217 4.4664783
61317 5.0
61418 0.0
61518 0.0
61618 0.0
61718 0.0
61819 0.0
61918 0.0
62019 0.0
62120 5.0
62220 3.1896067
62320 1.5504217
62421 0.1384077
62520 -0.018097878
62621 1.557374
62721 2.939611
62822 0.0
62922 0.0
63022 0.0
63122 0.0
63223 0.0
63322 0.0
63423 0.0
63523 0.0
63624 0.0
63724 0.0
63824 2.6529665
63925 1.8662138
64025 0.393898
64125 -0.80274963
64225 -1.3644271
64308 -0.8044224
64410 1.0376496
64510 2.640377
64610 3.1451502
64710 2.7211037
64810 1.2236423
64911 -0.4690752
65010 -1.5632286
65111 -1.9869068
65211 -1.3902771
65312 0.6941118
65412 2.5138192
65512 3.4624882
65612 3.461073
65713 2.5413198
65813 0.794188
65913 -0.9129715
66014 -2.337516
66114 -2.8604102
66214 -2.496243
66314 -0.8559704
66414 1.1434417
66515 2.7444773
66615 3.1826134
66715 2.7445374
66816 1.5076165
66916 -0.32623768
67016 -1.7897618
67117 -2.41236
67217 -2.1556008
67317 -0.6406355
67417 1.5809493
67517 3.055192
67618 3.2080584
67718 1.9959168
67818 0.35872364
67919 -1.4738879
68019 -2.6561582
68119 -2.9475589
68219 -1.9534659
68320 0.12373066
68420 2.003049
68520 3.0153484
68620 3.0909195
68721 2.2231927
68821 0.3428774
68921 -1.4820957
69022 -2.9287665
69122 -3.1449497
69222 -1.8392606
69322 0.44124317
69422 2.2557383
69522 3.0475607
69623 2.6980133
69724 1.1325412
69824 -0.8191047
69924 -2.70527
70024 -3.2967696
70125 -2.9611576
70225 -0.8068161
70325 1.4745607
70408 2.794168
70508 2.9774947
70609 1.8158264
70710 -0.37114906
70810 -2.1596844
70910 -2.9913251
71010 -3.0082386
71111 -1.1892085
71211 1.2141409
71311 2.8899717
71411 3.2496643
71512 2.3704605
71612 0.5812478
71712 -1.2899728
71812 -2.5519173
71912 -2.6839883
72013 -1.6860173
72112 -0.35503244
72214 1.9333901
72313 2.9713554
72414 2.848619
72514 1.4299445
72615 -0.34073067
72714 -2.2398324
72815 -3.1550677
72915 -2.508747
73015 -0.7079344
73116 1.5288134
73215 3.0356445
73316 3.3894777
73416 2.8691545
73517 1.4598112
73617 -0.9333315
73716 -2.5825903
73818 -2.9066234
73918 -1.9730754
74018 -0.57116604
74118 1.6843672
74219 3.4716053
74319 3.4965773
74419 1.7370834
74520 -0.3542695
74620 -1.0506508
74720 -0.9863653
74820 0.065933704
74920 1.1099381
34 0.31206322
134 1.9209089
234 2.846765
335 3.091032
435 2.4611344
535 0.8493242
636 -0.8604207
735 -1.7547283
836 -2.090187
935 -1.8243942
1037 -0.27426815
1137 1.665606
1237 2.7900286
1337 2.9905815
1437 2.138278
1538 0.32180452
1638 -1.158776
1738 -2.1411428
1838 -2.4138455
1938 -1.4622967
2038 0.49948025
2140 2.2397208
2240 3.070754
2340 3.0076523
2440 1.8797941
2540 0.3009963
2641 -1.1571472
2741 -1.8345213
2841 -1.8641627
2942 -0.75232935
3041 1.0357237
3142 2.485415
3225 2.9150758
3326 2.700747
3426 1.3297305
3527 -0.3562789
3627 -1.5818398
3727 -2.385113
3828 -2.0624404
3928 -0.68779993
4028 1.2109113
4128 2.4523134
4229 2.8603873
4329 2.447432
4429 1.0709877
4529 -0.55764914
4629 -1.6964142
4730 -2.4377398
4829 -2.3377938
4930 -0.9483633
5031 1.2076998
5130 2.6475806
5231 3.328436
5331 3.3637896
5432 2.344008
5532 0.5658183
5632 -1.3032117
5732 -2.2557302
5832 -2.5610156
5933 -1.9494808
6033 -0.25802374
6133 1.8301239
6233 2.9457636
6334 3.1412678
6434 2.3899126
6534 0.5340514
6634 -1.3658409
6735 -2.5931983
6835 -3.0082204
6935 -2.3256822
7036 -0.89435863
7136 0.89086723
7236 2.4936423
7336 2.9088745
7437 2.3211517
7537 0.45777416
7638 -1.349999
7738 -2.3744025
7838 -2.8541822
7938 -2.0417008
8039 -0.38187122
8139 1.830677
8238 3.126936
8340 3.2922935
8440 2.3640776
8540 0.6317148
8640 -1.3971019
8740 -2.3690643
8840 -2.8819423
8941 -1.8880701
9041 -0.048832417
9141 2.1420197
9241 3.0943737
9342 3.3313684
9442 2.9295716
9525 1.3987999
9625 -0.78652
9727 -2.6232424
9826 -3.251164
9927 -2.8894918
10027 -1.0949674
10128 0.9376273
10228 2.6292267
10327 2.806221
10428 2.3702288
10529 0.6682539
10629 -1.2791748
10729 -2.634325
10829 -2.6005101
10930 -1.5363
11030 0.40625143
11130 2.162198
11231 2.7891746
11331 2.4000525
11430 0.6448946
11531 -1.2513454
11632 -2.6591258
11732 -2.8317366
11832 -1.9281473
11932 -0.13495779
12033 1.959508
12133 2.7565384
12233 2.766951
12333 1.6127701
12433 -0.12034893
12533 -1.6863728
12634 -2.7277095
12735 -2.8275645
12835 -1.6528466
12935 0.12888813
13035 2.2699356
13135 3.078683
13235 3.060464
13335 2.1700044
13437 0.100963116
13537 -1.9168534
13637 -3.071305
13737 -2.9611504
13837 -1.7704358
13938 0.53807354
14038 2.3715096
14138 3.0189228
14238 2.6510353
14339 0.99276114
14438 -1.050385
14539 -2.3777645
14639 -3.104545
14740 -3.0438945
14840 -1.8936744
14941 0.12211895
15040 2.0233512
15141 2.63693
15241 2.2910004
15341 0.6237879
15442 -1.148499
15542 -2.606457
15642 -3.1345723
15725 -2.6785748
15826 -1.1029906
15927 0.7817545
16027 2.2829905
16127 2.7445297
16226 2.959239
16327 2.9855666
16428 2.9897041
16528 2.806128
16628 2.1672873
16729 1.4019814
16829 0.5489392
16928 -0.4731226
17029 -1.078872
17129 -1.2234955
17230 -0.4859929
17330 1.333499
17431 2.2255602
17531 2.4786973
17631 2.518763
17731 2.525548
17831 2.416874
17931 2.0284653
18031 1.401309
18132 0.77155447
18233 0.2273817
18333 -0.15853786
18433 -0.65773153
18533 -1.435636
18634 -2.0754218
18734 -2.5079129
18833 -2.4700043
18934 -1.8931947
19034 -0.3926382
19135 0.97998905
19234 1.8120322
19336 2.28938
19436 2.5309958
19536 2.7021499
19636 2.8475556
19737 2.9615374
19836 3.0710144
19937 3.1979628
20037 3.3196602
20137 3.3671312
20237 3.3535795
20338 3.0798874
20438 2.2345085
20539 1.3070936
20639 0.5866499
20739 -0.022705078
20840 -0.595912
20940 -0.9958668
21040 -1.422338
21140 -1.7326417
21240 -1.9285622
21340 -1.9976416
21441 -1.9891548
21541 -1.8119273
21642 -1.3585181
21742 -0.7546201
21842 -0.10985279
21925 0.42196703
22025 0.9860983
22125 1.5764899
22227 2.0091372
22327 2.2781076
22427 2.555152
22527 2.7351608
22627 2.8417993
22728 2.871869
22828 2.8940759
22927 2.9198942
23029 2.9695983
23129 3.0133457
23229 3.047042
23329 3.0658722
23430 3.0710278
23530 3.0740948
23629 3.0445747
23731 2.8638773
23831 2.1920137
23931 1.2769632
24031 0.3647871
24132 -0.3835597
24231 -0.8931627
24332 -1.2052834
24432 -1.5505772
24532 -1.8351359
24632 -2.0657578
24732 -2.2355838
24834 -2.284863
24934 -2.2891617
25034 -2.2524755
25134 -2.0484967
25234 -1.6830249
25334 -1.1607506
25435 -0.71591663
25535 -0.36711264
25635 0.1315732
25736 0.7052784
25836 1.4471102
25936 2.0081644
26037 2.4294596
26136 2.7308817
26237 2.8764358
26337 2.9339004
26437 2.9059234
26538 2.7923975
26638 2.7024603
26739 2.5677643
26838 2.316821
26939 1.7262855
27039 1.1475372
27140 0.603096
27240 0.1933937
27340 -0.21042776
27440 -0.6105337
27540 -0.9713278
27641 -1.3088708
27741 -1.6069283
27842 -1.8269291
27942 -1.9500432
28042 -1.9943297
28125 -1.9651959
28242 -1.4886081
28326 -0.44619846
28426 0.7513504
28527 1.6823516
28627 2.3013978
28727 2.686923
28827 2.9282007
28928 3.1256065
29028 3.2616472
29129 3.3495817
29229 3.3460064
29329 3.248808
29429 2.96203
29529 2.4278383
29630 1.8906031
29729 1.3453598
29829 0.7404623
29930 0.017944813
30031 -0.5711241
30131 -0.96799946
30231 -1.2250493
30331 -1.5348582
30432 -1.7792549
30531 -1.8915753
30633 -1.9289293
30732 -1.9490113
30833 -1.9401286
30933 -1.802777
31034 -1.2700334
31134 -0.35936832
31234 0.366601
31334 0.9477415
31433 1.3435287
31534 1.6542816
31635 1.9238472
31735 2.1222992
31836 2.2992811
31936 2.3886795
32036 2.445611
32135 2.5047655
32237 2.5986671
32337 2.6777368
32437 2.738309
32536 2.744226
32637 2.4008842
32738 1.6702943
32838 1.0654249
32938 0.5448446
33038 0.14177132
33139 -0.28906488
33239 -0.72866774
33340 -1.0985191
33440 -1.3472259
33540 -1.5090842
33640 -1.6759639
33741 -1.776516
33841 -1.8270907
33940 -1.8290436
34042 -1.8090653
34141 -1.732753
34242 -1.3943992
34342 -0.70102215
34442 -0.050838947
34526 0.39327526
34626 0.70820093
34727 0.96399546
34827 1.2925754
34927 1.5719681
35027 1.8649521
35127 2.1048164
35228 2.3769102
35327 2.5143805
35428 2.6238298
35529 2.6556482
35629 2.6586332
35729 2.6015944
35830 2.3809805
35929 1.807064
36030 1.1802378
36130 0.62389565
36231 0.1842618
36331 -0.34734917
36431 -0.8983879
36532 -1.3155262
36632 -1.6602578
36732 -1.9404216
36832 -2.2201543
36932 -2.360228
37032 -2.4366093
37133 -2.4619563
37233 -2.4799538
37334 -2.4908292
37434 -2.493791
37534 -2.388492
37634 -1.6120105
37734 -0.384717
37835 0.5593214
37935 1.3849473
38035 2.0408525
38135 2.5226798
38236 2.8336158
38336 3.0516243
38437 3.1860456
38537 3.2839966
38636 3.3474674
38737 3.391138
38838 3.40481
38937 3.3745832
39038 3.2252693
39138 2.869709
39238 2.2919846
39339 1.5375137
39439 0.85746527
39539 0.02646017
39640 -1.0731461
39740 -1.7943542
39841 -2.4120638
39940 -2.7447596
40041 -2.9681635
40141 -3.0333455
40241 -3.0383232
40342 -3.0206099
40442 -3.0109453
40542 -3.0096598
40642 -3.0086272
40725 -2.9754596
40826 -2.6597557
40926 -1.2656295
41027 0.11932039
41127 1.0685453
41227 1.9219718
41328 2.4281054
41428 2.7512398
41528 2.9092393
41628 3.0743694
41729 3.2926502
41829 3.55085
41929 3.6453981
42029 3.579296
42130 3.4082623
42230 2.7032433
42330 1.8947096
42431 1.1073036
42530 0.33366394
42631 -0.2935853
42731 -0.8688574
42831 -1.3363926
42932 -1.7206104
43032 -1.9335544
43132 -2.0268743
43233 -2.0751746
43333 -2.1171916
43433 -2.148704
43533 -2.1562824
43633 -1.9672761
43734 -1.207962
43834 -0.5393934
43935 0.08368397
44035 0.63872623
44135 1.1574798
44235 1.7813249
44336 2.2719102
44436 2.616198
44536 2.785159
44636 2.848031
44737 2.8612986
44837 2.8509316
44936 2.8136153
45038 2.7484665
45138 2.5943308
45238 2.4213204
45338 2.0323906
45438 1.4195113
45539 0.7838197
45639 -0.2633419
45739 -1.3009162
45839 -2.0242476
45940 -2.4101193
46040 -2.5816708
46140 -2.679344
46241 -2.3986382
46341 -1.2895367
46441 0.8970971
46542 2.036313
46641 2.473536
46742 2.2368875
46842 1.2240992
46925 -0.12326145
47026 -1.448875
47126 -2.3559465
47227 -2.5635211
47327 -1.5949135
47427 0.2941637
47527 1.8962388
47628 2.6740937
47728 2.7448058
47828 2.0032973
47929 0.63268757
48029 -0.80890226
48129 -1.793824
48229 -2.2712958
48329 -1.8129528
48430 -0.12813091
48530 1.5844955
48629 2.5094252
48730 2.4790773
48831 1.522212
48930 -0.42502308
49031 -1.9954333
49131 -2.8492002
49232 -2.5383203
49331 -1.0237141
49433 1.3559237
49533 2.5939126
49633 2.6694527
49732 1.6332421
49834 -0.02699089
49934 -1.6238396
50034 -2.4492793
50135 -2.2371306
50235 -0.8904667
50334 1.3633747
50435 2.5453606
50536 2.6676893
50636 1.576683
50736 -0.054600716
50836 -1.7941017
50937 -2.4897304
51036 -1.8983469
51136 -0.28581715
51237 1.8542008
51338 2.6944375
51438 2.460641
51538 0.94668865
51638 -0.8708348
51739 -2.143605
51839 -2.5374117
51939 -1.9485929
52039 -0.16243601
52140 1.8633437
52240 2.6688218
52340 2.5348434
52441 1.2693224
52541 -0.43811035
52641 -2.2276943
52741 -2.8262298
52842 -2.2765741
52942 -0.9571247
53042 1.3979235
53125 2.5335007
53226 3.0845423
53326 2.1871743
53427 0.6868701
53527 -1.1387162
53626 -2.5172715
53728 -2.8456166
53828 -2.123329
53927 -0.7368245
54028 1.2321906
54128 2.5529199
54229 2.3009443
54329 0.9867363
54429 -0.3621168
54530 -1.4885406
54630 -1.7579448
54730 -1.3024774
54830 -0.02003479
54931 1.5911202
55031 2.497548
55131 2.829196
55232 1.6633401
55332 -0.14561605
55432 -1.9126728
55532 -2.5532694
55632 -2.2104597
55733 -0.7157688
55833 1.3249226
55933 2.3963714
56033 2.6539025
56134 2.1082878
56234 0.7304044
56334 -0.86150026
56434 -1.9987454
56535 -2.0896924
56635 -1.0276878
56735 0.8990922
56836 2.2490373
56936 2.7254539
57036 2.3008475
57136 1.0278311
57236 -0.6391072
57336 -1.7289085
57437 -1.9358635
57538 -0.9521799
57638 0.7007427
57738 2.1817484
57838 2.7451162
57938 2.2521682
58039 1.3708305
58139 -0.1472907
58239 -1.6916153
58340 -2.8776312
58440 -3.1170173
58540 -2.0743773
58640 0.24764156
58740 1.8478866
58841 2.538724
58941 2.6247826
59041 1.714901
59142 0.13301754
59242 -1.28848
59325 -2.200471
59425 -2.3362134
59527 -1.0338967
59626 0.83804655
59727 2.1757898
59827 2.8843184
59927 2.704924
60028 1.387011
60128 -0.13493443
60228 -1.3199501
60328 -1.7385623
60429 -0.8416109
60528 1.0645137
60629 2.268815
60729 2.897687
60830 2.5973601
60930 1.4344254
61030 0.048311234
61130 -1.2454638
61231 -1.724153
61331 -1.380135
61431 0.24974298
61532 2.0193357
61632 2.9460783
61732 2.9481153
61831 1.8908949
61932 0.54064846
62033 -0.9133916
62133 -1.5655658
62233 -1.5599396
62333 -0.23099613
62434 1.5860748
62534 2.5524507
62634 2.781694
62734 2.1617575
62834 0.85516405
62934 -0.7142968
63035 -1.5633137
63136 -1.8027151
63236 -1.3549972
63336 0.25568867
63437 1.9171515
63536 2.4280043
63637 2.2797828
63737 1.1383066
63838 -0.6850519
63937 -2.0860696
64038 -2.27841
64138 -1.2400582
64239 0.65999126
64339 2.0300713
64440 2.3721023
64539 2.156077
64640 0.8243189
64740 -0.87560654
64840 -2.1075015
64940 -2.50291
65040 -1.3425655
65141 0.66580534
65241 2.1032448
65341 2.2507162
65441 1.4523902
65525 0.19248867
65642 -1.4432025
65726 -1.9648092
65826 -1.7066116
65927 -0.10041237
66027 1.7375765
66127 2.3367906
66227 2.3307328
66328 1.3924055
66428 -0.29516506
66527 -1.602761
66629 -2.2124047
66729 -1.7975774
66829 -0.2773466
66929 1.3834615
67030 2.0940309
67130 2.1134171
67230 1.1867352
67330 -0.38828945
67431 -1.5969074
67531 -2.3069835
67631 -2.0717187
67731 -0.61968327
67832 1.3908153
67931 1.9068146
68032 2.0215554
68132 1.4325876
68233 0.12058258
68333 -1.3656173
68434 -2.2660613
68534 -2.0696836
68634 -0.65218973
68734 1.218658
68834 2.068305
68934 2.2035646
69035 1.1623502
69135 -0.66113997
69235 -2.217565
69336 -2.7846398
69435 -2.4842057
69536 -1.1060262
69636 0.7400484
69737 1.9137588
69837 2.4273233
69937 2.224711
70037 0.9999242
70137 -0.6113386
70238 -2.0522282
70339 -2.543373
70438 -1.8284068
70539 0.07049084
70639 1.7584229
70740 2.4802337
70840 2.3077025
70940 1.0164771
71040 -0.8835497
71140 -2.3467498
71240 -3.1159883
71341 -2.8791628
71441 -1.038903
71542 0.9965825
71642 2.0393562
71742 2.0821624
71826 1.3969073
71925 -0.36946917
72025 -1.9549735
72126 -2.8467317
72227 -2.7227023
72327 -1.2809379
72426 0.6866045
72528 2.4851432
72628 2.7962127
72728 2.2835922
72829 0.584239
72929 -1.5602009
73029 -3.2442803
73129 -3.4730365
73229 -2.2677696
73330 0.016609669
73430 1.9017243
73530 2.7466688
73631 2.5714827
73731 1.2754846
73830 -0.58311176
73931 -2.1153874
74031 -2.4993489
74132 -1.6084247
74232 0.58463573
74333 2.1296449
74432 2.7196589
74533 2.4761062
74633 1.0066395
74733 -0.96115303
74834 -2.2177844
74934 -2.3222404
