13 -3.3857636
114 -4.2794447
213 -5.0
314 -5.0
413 -5.0
514 -5.0
614 -4.3214626
714 -3.082747
815 -1.7278316
915 -0.64733887
1016 0.44160557
1115 1.2769055
1215 1.9972892
1315 2.6740313
1415 3.1227474
1516 3.4004927
1615 3.5225782
1715 3.5535154
1816 3.5391788
1917 3.277586
2016 2.1585732
2117 0.958827
2434 -1.8136373
2535 -2.4649148
2634 -3.12923
2734 -3.3901498
2835 -3.538397
2934 -3.6597004
3035 -3.679539
3135 -3.507694
3236 -2.7109041
3335 -1.5383916
3435 -0.5428591
3535 0.40250254
3635 1.1277843
3735 1.7734137
3836 2.3724775
3937 2.8057137
4037 3.0349445
4137 3.1315966
4237 3.1514397
4337 2.9700103
4437 2.5497103
4537 1.5076346
4637 0.56348705
4737 -0.40401173
4840 -1.2433834
4938 -1.9294934
5039 -2.5061746
5138 -2.9142385
5239 -3.1192446
5338 -3.2867398
5439 -3.3140159
5539 -3.3380792
5639 -3.168077
5741 -2.3004556
5839 -1.1573937
5939 -0.1612091
6040 0.7805562
6141 1.5875845
6240 2.3665657
6340 2.889843
6440 3.3829222
6540 3.7269068
6640 3.8277225
6741 3.844491
6840 3.6124954
6941 3.032545
7043 2.4894767
7141 1.57866
7242 0.57404613
7341 -1.144038
7442 -2.003985
7542 -2.9866147
7642 -3.2824256
7742 -3.9804854
7843 -4.092405
7943 -4.1300764
8044 -4.1423078
8143 -4.0032496
8243 -3.3104272
8343 -1.8809164
8443 -0.56255484
8543 0.53401756
8644 1.4193497
8744 2.0196571
8843 2.6507883
8945 3.1253586
9045 3.438551
9144 3.615511
9245 3.625945
9345 3.546236
9445 3.1626015
9545 2.254449
9645 1.2754664
9748 0.06772375
9845 -0.8668127
9946 -1.9338729
10047 -2.7395864
10131 -3.2990685
10230 -3.8747659
10347 -4.1137094
10431 -4.2018666
10547 -4.183475
10646 -3.995287
10747 -3.6610267
10832 -2.8806741
10931 -1.7674141
11031 -0.5398917
11131 0.5393567
11232 1.4036331
11331 2.3821955
11448 3.160406
11533 3.6653805
11649 3.9780235
11748 4.0503454
11833 4.0327997
11933 3.834568
12032 3.2212868
12133 1.9899321
12233 0.90199995
12334 0.055224895
12433 -0.7508197
12535 -1.5443947
12634 -2.4390802
12734 -3.1763551
12835 -3.608176
12934 -3.8002658
13036 -3.8569949
13135 -3.7765708
13235 -3.3629985
13334 -2.379312
13435 -1.4260483
13535 -0.47349215
13635 0.60501385
13736 1.7939272
13836 2.59132
13936 3.2489414
14036 3.6332932
14137 3.88978
14236 3.9440022
14337 3.943781
14436 3.8147774
14537 3.2615852
14637 2.2053404
14737 0.9914994
14838 -0.2917781
14937 -1.4322057
15038 -2.5917478
15137 -3.3478208
15238 -4.0659866
15338 -4.4067874
15438 -4.529516
15538 -4.5581665
15639 -4.5152764
15740 -4.1788898
15838 -3.3100238
15939 -2.1230974
16039 -1.1351428
16140 0.031023026
16240 1.2763286
16340 2.3525443
16440 3.4578686
16540 4.054579
16641 4.485589
16740 4.4979515
16842 4.4786577
16941 4.272128
17041 3.70267
17141 2.5257401
17242 1.526475
17341 0.35134554
17442 -0.8425708
17543 -1.8976004
17642 -2.6711612
17743 -3.5978627
17842 -4.1446805
17943 -4.398302
18043 -4.547452
18143 -4.466893
18243 -4.264311
18343 -3.8210096
18443 -2.6509833
18543 -1.4915652
18645 -0.378345
18745 0.6581869
18844 1.7415762
18943 2.6344285
19044 3.4389868
19144 3.9250498
19244 4.0926237
19344 4.046834
19445 3.7410831
19545 3.1048813
19645 1.9312897
19746 0.6506424
19846 -0.5961466
19946 -1.5745361
20046 -2.6242867
20147 -3.288824
20246 -3.7127912
20347 -3.8717093
20446 -3.9049482
20547 -3.8946204
20648 -3.54404
20747 -2.656054
20848 -1.632525
20947 -0.87035036
21048 0.04959345
21148 1.0594482
21248 2.0790148
21348 3.0046453
21448 3.8203468
21548 4.2437506
21649 4.37941
21751 4.344656
21849 4.054283
21950 3.4830122
22049 2.4718728
22149 1.1355176
22249 -0.027172565
22349 -1.0039341
22450 -1.7255104
22550 -2.4496274
22634 -2.82342
22751 -3.320563
22835 -3.6192527
22934 -3.7737453
23052 -4.0685797
23134 -4.1676903
23251 -3.9010553
23335 -3.120304
23435 -1.9684272
23536 -0.8701577
23635 0.21047163
23736 1.2396188
23837 1.9686613
23937 2.5469198
24036 2.96597
24137 3.1647463
24236 3.2754993
24336 3.2360973
24439 3.0739088
24538 2.5360498
24638 1.432569
24738 0.5772953
24838 -0.61560726
24938 -1.5802898
25038 -2.5297723
25138 -3.5501246
25238 -4.164227
25338 -4.3448052
25438 -4.619795
25538 -4.6189613
25639 -4.3705893
25739 -3.7206542
25839 -2.5069752
25939 -1.2525635
26039 -0.14052534
26139 0.89742565
26240 1.8390284
26339 2.5199785
26442 3.179658
26540 3.5648289
26641 3.7248907
26740 3.7541895
26842 3.5894318
26941 2.959157
27041 2.0998178
27141 0.80664206
27241 -0.39242077
27342 -1.4063535
27442 -2.4076211
27542 -3.287559
27643 -3.9591322
27744 -4.353747
27843 -4.5963917
27942 -4.4003367
28042 -3.5272417
28143 -2.8216577
28243 -1.7566452
28343 -0.73365355
28443 0.33597422
28543 1.2995195
28644 2.1678581
28744 2.9093003
28844 3.6207495
28944 3.935934
29045 4.0410166
29144 4.0236187
29245 3.9559574
29344 3.6827345
29445 2.5512404
29547 1.3394613
29645 0.20783329
29746 -0.8480129
29846 -1.7184291
29946 -2.7510858
30046 -3.5571551
30146 -4.091734
30246 -4.351736
30346 -4.4000816
30447 -4.2987556
30547 -3.7516618
30647 -2.6040673
30747 -1.5505531
30848 -0.6314068
30947 0.4152441
31047 1.3030224
31147 2.2000709
31248 2.9785795
31348 3.6038437
31448 3.9640312
31549 4.150669
31648 4.159772
31750 3.8977337
31849 3.0169172
31949 1.9927812
32049 0.9765024
32149 -0.095579624
32249 -1.0683875
32350 -2.1217077
32450 -2.966508
32549 -3.789438
32651 -4.22092
32750 -4.3765197
32851 -4.4098663
32950 -4.3624983
33051 -4.165426
33150 -3.2148461
33251 -1.9055016
33352 -0.6369424
33451 0.48348618
33536 1.5268312
33636 2.4832659
33736 3.26478
33836 3.8229618
33936 4.0069866
34035 3.9595928
34136 3.849207
34236 3.5792675
34353 2.5470057
34437 1.4008741
34536 0.11611223
34637 -0.98770523
34738 -2.2099035
34838 -3.0402226
34937 -3.665791
35038 -4.1506376
35138 -4.4479294
35238 -4.3326015
35338 -4.012326
35439 -3.40425
35539 -2.1403356
35639 -0.8315935
35739 -0.17493439
35839 0.6991682
35939 1.6820297
36039 2.64145
36139 3.498063
36240 4.2051487
36340 4.5458593
36441 5.0
36540 5.0
36641 5.0
36741 4.879122
36841 2.0520277
36940 0.87090683
37041 -0.2089696
37140 -1.1573238
37241 -2.1621614
37342 -3.0465705
37441 -3.5702302
37541 -3.8956382
37641 -4.002358
37742 -3.9742134
37842 -3.5771399
37942 -2.5669177
38042 -1.2761517
38143 -0.123147964
38242 0.8872137
38343 1.6986976
38444 2.4433212
38543 2.7561936
38644 3.0427303
38744 3.134324
38844 3.129263
38944 2.8999872
39044 1.9534135
39144 0.80689764
39245 -0.3624015
39344 -1.2813401
39445 -2.061686
39545 -2.935658
39646 -3.6962311
39746 -4.1460857
39845 -4.486091
39945 -4.5867267
40046 -4.3117714
40146 -3.5277123
40249 -2.5753932
40346 -1.393626
40447 -0.4205346
40546 0.5790477
40647 1.5586638
40747 2.323452
40847 2.9360337
40947 3.367382
41047 3.5746107
41147 3.649004
41248 3.6416569
41347 3.371849
41448 2.2853675
41549 1.171124
41648 0.026204586
41749 -0.9416952
41848 -1.9206748
41949 -2.7565286
42050 -3.8796682
42149 -4.2065625
42250 -4.461511
42349 -4.534186
42450 -4.3442006
42550 -3.7377436
42650 -2.5188992
42750 -1.5151944
42851 -0.73967457
42951 0.3018875
43051 1.1742353
43151 2.148448
43251 2.901925
43336 3.354025
43451 3.6549797
43536 3.7434492
43635 3.7292547
43735 3.4885063
43835 2.6327987
43936 1.6100922
44035 0.4491949
44152 -0.8308668
44237 -1.6296391
44337 -2.4227805
44437 -3.206083
44536 -3.8279662
44637 -4.1003814
44737 -4.189585
44837 -4.1054854
44937 -3.9386039
45037 -3.4197826
45138 -2.5173707
45238 -1.4827011
45339 -0.556273
45438 0.41937637
45539 1.7285051
45638 2.468421
45739 3.5783215
45838 4.321512
45939 4.6265764
46039 4.6915264
46139 4.5090475
46239 3.7802544
46340 2.611834
46674 -1.3947613
46757 -2.0527146
46858 -3.022925
46958 -3.7458823
47058 -4.069747
47157 -4.136455
47274 -4.150742
47357 -4.149996
47458 -4.11091
47559 -3.5523226
47658 -2.4461994
47759 -1.1688087
47859 -0.21205997
47960 0.6776333
48059 1.4007826
48159 1.9239426
48261 2.256205
48360 2.4868326
48461 2.6776872
48559 2.7097979
48660 2.5492468
48761 1.8675232
48861 0.6045785
48961 -0.4956255
49061 -1.2440104
49160 -2.2225633
49262 -2.9176192
49363 -3.463777
49462 -3.85425
49562 -4.1744285
49662 -4.164771
49763 -4.0653496
49862 -3.639292
49963 -2.5522182
50063 -1.3291874
50163 -0.3921976
50263 1.0200386
50362 2.033227
50463 2.9562044
50563 3.5730534
50665 4.0703287
50763 4.194044
50864 4.1343975
50980 3.6752872
51063 2.762774
51164 1.5725579
51264 0.36293745
51365 -0.9753432
51465 -1.7980475
51584 -2.896305
51664 -3.4468787
51766 -3.8940363
51865 -4.16664
51966 -4.3032312
52066 -4.2617817
52165 -4.0309873
52266 -3.4108903
52366 -2.4298015
52467 -1.0142174
52566 0.1841917
52667 1.2626433
52767 2.2487297
52867 3.096016
52967 3.8380527
53068 4.1656475
53200 4.2260456
53284 4.0350876
53384 3.4026184
53485 2.4017076
53585 1.2304087
53686 0.05620241
53785 -0.96445227
53885 -1.7683785
53986 -2.72164
54086 -3.4576585
54186 -3.8842978
54286 -4.1986184
54386 -4.2421923
54487 -4.1770773
54586 -3.9838746
54687 -3.6301157
54787 -2.6257398
54888 -1.566855
54987 -0.43833113
55088 0.4807043
55187 1.2522764
55288 2.0269613
55388 2.5399017
55487 2.8219032
55573 3.0367327
55689 3.175499
55774 3.1512976
55872 2.8621087
55974 1.9727464
56088 0.4046774
56189 -0.74983454
56273 -1.5919366
56389 -2.5861154
56475 -3.1438818
56573 -3.7283573
56674 -3.9752696
56773 -4.0984936
56874 -4.120444
56973 -3.9028163
57074 -3.1471496
57174 -1.8594584
57274 -0.9172702
57376 -0.077022076
57474 0.9626055
57576 1.862783
57675 2.4406486
57776 2.8697853
57875 3.3328543
57976 3.634983
58075 3.78483
58177 3.7731352
58276 3.4795065
58376 2.4675202
58477 1.5901527
58577 0.6938505
58677 -0.28981352
58777 -1.2978859
58878 -2.209541
58977 -2.9847488
59077 -3.51232
59177 -3.7431612
59278 -3.7983692
59378 -3.79707
59477 -3.6536667
59579 -3.0965014
59678 -2.1884246
59778 -1.1034062
59878 -0.16452074
59978 0.7185154
60079 1.7673163
60178 2.4917045
60279 3.0845928
60379 3.497343
60479 3.7085085
60581 3.623539
60680 3.3077297
60780 2.6983743
60880 1.7611799
60980 0.71053934
61080 -0.41502762
61180 -1.5056102
61281 -2.3670037
61382 -3.3516517
61482 -4.0059977
61582 -4.4923234
61681 -4.66879
61782 -4.7208314
61882 -4.609935
61982 -3.7828507
62081 -2.6527133
62182 -1.5351753
62285 -0.548151
62382 0.5794821
62483 1.5064592
62583 2.3553634
62683 3.2510319
62783 3.8154564
62884 4.080555
62983 4.151724
63084 4.1426945
63184 3.908804
63285 3.1337337
63384 1.8076286
63485 0.7492418
63584 -0.20519543
63685 -1.1642792
63785 -2.2268863
63885 -3.093309
63985 -3.6455588
64084 -4.1143403
64185 -4.237925
64285 -4.4506326
64386 -4.3629513
64486 -4.0679445
64587 -3.3146298
64687 -2.3813612
64786 -1.1905835
64887 -0.21003437
64986 0.8899274
65087 1.6766005
65188 2.4834456
65288 3.2454548
65389 3.944728
65488 4.04021
65589 4.1115484
65688 3.994772
65788 3.561164
65888 2.479792
65989 1.3091063
66089 -0.044904232
66189 -1.2368767
66289 -2.7117085
66389 -3.7443442
66489 -4.4711185
66590 -4.9131336
66674 -4.989533
66773 -4.9313765
66874 -4.2190332
66973 -3.2300153
67074 -2.2758403
67175 -0.9837289
67274 -0.27102137
67375 0.91620255
67475 1.8670478
67576 2.7819428
67674 3.46134
67775 4.006398
67875 4.36191
67975 4.472272
68076 4.4361076
68175 4.0120544
68276 2.8651848
68376 1.8348627
68478 0.9394455
68577 -0.0034222603
68677 -0.894577
68777 -1.8356462
68877 -2.6356435
68977 -3.1484785
69078 -3.4972816
69177 -3.722273
69278 -3.8204024
69379 -3.8517163
69477 -3.7063162
69578 -2.7182508
69678 -1.7554691
69778 -0.79983044
69878 0.24331188
69978 1.2991872
70079 2.2455091
70179 3.0693588
70279 3.7961826
70379 4.2527256
70480 4.4152184
70579 4.4308825
70680 4.344528
70780 3.8404293
70880 2.7865882
70980 1.3473349
71080 0.12663507
71180 -0.8528781
71282 -1.7875924
71384 -2.7547266
71481 -3.5837018
71582 -4.0505524
71682 -4.334331
71782 -4.6127143
71881 -4.6326904
71982 -4.5702395
72082 -3.8830419
72182 -2.718854
72283 -1.478373
72382 -0.5919571
72483 0.46899796
72583 1.4135866
72683 2.2364435
72782 3.0081425
72884 3.6654863
72983 4.056164
73083 4.2191467
73186 4.25476
73284 4.2130194
73385 3.9023504
73484 3.017871
73584 2.0178704
73685 0.9578333
73785 -0.18719196
73884 -1.3205726
73985 -2.260979
74085 -3.0859492
74185 -3.5835276
74287 -3.9814606
74386 -4.169502
74487 -4.19772
74586 -4.1993337
74686 -4.185353
74786 -3.501921
74886 -2.4245596
74986 -1.1347992
