17 -1.3330238
116 -1.2171605
216 -1.1555817
317 -1.145268
417 -1.1449056
517 -1.143004
617 -1.132613
717 -1.1182628
817 -1.1104043
918 -1.0935383
1018 -1.0740006
1118 -1.0534763
1220 -1.0484214
1318 -1.0449414
1418 -1.0443656
1519 -1.0422535
1603 -1.0414062
1703 -1.0402973
1803 -1.0369668
1903 -1.036139
2003 -1.035804
2103 -1.0355904
2203 -1.0350101
2304 -1.0306115
2404 -0.9684591
2504 -0.143394
2604 1.1570382
2703 1.8485107
2805 2.8474984
2904 3.5991955
3005 4.0630283
3104 4.1222544
3205 3.6962519
3305 2.8366036
3405 1.1540532
3506 -0.21231747
3605 -1.5177207
3706 -2.6595838
3806 -3.018609
3906 -3.0817337
4006 -2.962973
4109 -2.4902544
4206 -1.180676
4306 -0.02985859
4409 1.1102285
4509 2.0319037
4609 2.6123695
4709 2.8640199
4809 2.8871498
4909 2.8656373
5009 1.8680925
5108 0.022250175
5208 -1.1766262
5308 -1.8585956
5409 -1.9619539
5509 -1.7921491
5609 -1.4855189
5709 -0.6743498
5809 0.43482542
5910 1.2263818
6010 1.7796264
6110 2.1280532
6210 2.2703104
6310 2.504922
6410 2.6740394
6510 2.6003838
6613 1.6916351
6711 0.42044306
6811 -0.96291876
6914 -1.8417788
7014 -2.484945
7113 -2.6086798
7212 -2.5185008
7312 -1.461021
7412 0.061779022
7512 1.321073
7612 2.573555
7712 2.9974737
7812 3.310583
7913 3.3735695
8013 3.294012
8113 2.8516045
8213 2.0794282
8313 1.1682444
8414 -0.021594524
8514 -1.2749867
8614 -2.2724204
8715 -2.4863672
8815 -2.3135054
8914 -1.3102272
9016 0.03461933
9116 1.2464247
9215 2.2727137
9315 2.9704742
9415 3.4051533
9515 3.462883
9616 3.2195282
9716 2.6642241
9816 1.4426003
9916 0.30826473
10016 -1.019628
10116 -2.0721467
10217 -2.3726692
10317 -2.4077055
10417 -2.0133247
10517 -0.40213776
10617 1.0233965
10718 2.022666
10818 2.6063209
10918 2.8387995
11019 2.7151842
11119 2.64017
11218 2.137549
11318 0.9104929
11419 0.071156025
11503 -0.6586423
11602 -1.7157009
11703 -2.4333668
11803 -2.6544688
11903 -2.545931
12003 -2.1630204
12103 -1.2519679
12203 -0.10097027
12303 1.0147972
12404 1.8263092
12504 2.234984
12604 2.5146933
12704 2.5819411
12804 2.5718307
12905 2.2589974
13005 1.5150537
13105 0.39394712
13205 -0.5039482
13305 -1.2850113
13408 -1.7074783
13506 -1.9087033
13608 -1.9568527
13705 -1.7653422
13809 -1.1981959
13906 -0.17436886
14006 0.5477333
14107 1.2486138
14207 1.7349977
14307 2.0076652
14407 2.148509
14507 2.196782
14607 2.1148033
14708 1.509079
14808 0.23034096
14908 -0.6751318
15008 -1.6757407
15108 -2.1886158
15208 -2.295687
15309 -2.197528
15411 -2.032405
15511 -1.2445531
15611 -0.15903807
15711 0.7124796
15811 1.2958646
15911 1.6129217
16011 1.782773
16110 1.8337998
16210 1.8227358
16311 1.6962981
16410 0.97899103
16513 0.056577206
16613 -0.6668258
16711 -1.4573474
16814 -2.0850754
16914 -2.2295156
17014 -2.2095895
17112 -2.0575995
17212 -1.9152153
17312 -1.8073883
17412 -1.7657151
17512 -1.7540596
17612 -1.7411246
17713 -1.728082
17813 -1.7180488
17914 -1.7131524
18013 -1.7106838
18114 -1.7079582
18214 -1.7032387
18314 -1.6565089
18414 -0.7991295
18514 0.47907495
18614 1.407402
18714 1.9872351
18815 2.3192415
18915 2.3629966
19016 2.309204
19116 2.0734916
19215 1.1280093
19315 0.07302046
19416 -0.7198906
19516 -1.2359204
19616 -1.4732213
19716 -1.5376492
19816 -1.5235457
19917 -1.3829274
20016 -0.60695744
20117 0.2700286
20217 1.308114
20318 2.3306413
20418 3.0322676
20517 3.4238958
20618 3.5174084
20718 3.3645315
20818 2.5533752
20918 1.2834425
21018 0.12756634
21119 -0.85682106
21219 -1.5355422
21319 -2.1189637
21403 -2.5021443
21520 -2.6053991
21603 -2.4437077
21703 -1.8253284
21803 -0.78614044
21903 0.09733963
22003 0.8847976
22104 1.5836244
22204 2.214521
22304 2.4242425
22404 2.4463859
22504 2.3799958
22604 1.590281
22704 0.41026974
22805 -0.4826851
22905 -1.0960476
23005 -1.5117843
23106 -1.7088127
23205 -1.7470765
23305 -1.548626
23406 -1.0223649
23506 -0.24142694
23609 0.68793726
23709 1.485939
23809 2.3595285
23909 2.9412317
24009 3.1012297
24107 3.105544
24207 2.9045143
24307 2.2714424
24407 1.1134267
24508 -0.0064611435
24608 -0.8288393
24707 -1.4545364
24808 -1.8514719
24911 -1.9496207
25011 -1.7560897
25111 -0.98615456
25211 -0.13145638
25311 0.7107172
25411 1.5149674
25511 1.9756303
25611 2.23061
25711 2.1418648
25810 1.4363136
25910 0.551178
26010 -0.30670643
26110 -1.1202857
26210 -1.7443607
26311 -2.1887794
26410 -2.3370705
26513 -2.2296634
26611 -1.7391906
26711 -0.7076359
26813 0.07444191
26911 0.66729784
27013 1.1483445
27112 1.6093049
27212 1.815486
27312 1.8180366
27413 1.4544334
27513 0.5739622
27612 -0.23459244
27715 -1.0585659
27814 -1.755233
27913 -2.1656835
28014 -2.2995324
28113 -2.42109
28214 -2.0449724
28314 -0.93174314
28414 0.02060461
28514 0.73568344
28615 1.3406086
28715 1.8534861
28815 2.033886
28915 1.9209089
29015 1.5590501
29116 0.8826804
29216 0.11678696
29316 -0.5966697
29416 -1.3727958
29516 -1.8818231
29616 -2.1145496
29716 -2.1737385
29817 -2.0708249
29917 -1.412405
30017 -0.37834072
30117 0.39085388
30217 1.1011672
30317 1.7893114
30418 2.250193
30518 2.4203963
30619 2.291068
30718 2.0114555
30818 1.0998716
30918 0.09539509
31020 -0.83056927
31120 -1.6401284
31219 -2.169952
31303 -2.4812264
31403 -2.6020503
31503 -2.4205701
31603 -1.7273014
31703 -0.31315184
31802 0.6331806
31903 1.3355618
32004 1.7973962
32104 1.9561806
32204 1.9938774
32304 1.9239707
32404 1.4530573
32504 0.45112848
32604 -0.43696165
32704 -1.1677387
32805 -1.7923322
32905 -2.288393
33005 -2.398651
33105 -2.2095644
33424 0.9187455
33523 1.9115577
33623 2.65727
33723 2.9446807
33824 3.0318995
34141 0.9502864
34241 0.038113117
34341 -0.7892108
34441 -1.6164048
34541 -2.016762
34642 -2.17456
34743 -2.1785016
34843 -1.8503492
34943 -1.1345851
35042 -0.068320274
35143 0.93552256
35243 1.6662393
35343 2.0978365
35443 2.1899886
35543 2.1464934
35643 1.8268495
35743 0.99571705
35843 0.1487999
35943 -0.64664984
36045 -1.4905064
36144 -2.025807
36244 -2.1942222
36344 -2.204291
36444 -2.091642
36545 -1.4315865
36645 -0.20746183
36744 0.67371464
36845 1.4435158
36945 1.9468775
37045 2.1139755
37145 2.1184378
37246 1.9953985
37347 1.517961
37446 0.5163021
37546 -0.08757973
37646 -0.53499556
37747 -1.033839
37847 -1.4010613
37931 -1.5360024
38030 -1.5617318
38131 -1.344677
38231 -0.67330456
38331 0.25712442
38431 1.3150959
38531 1.8997016
38631 2.1642785
38731 2.2508469
38832 2.2531524
38932 2.2191687
39032 1.6885405
39132 0.559227
39232 -0.20224524
39332 -1.0334175
39433 -1.5214272
39533 -1.7613461
39633 -1.8185129
39733 -1.7043655
39833 -1.1493988
39936 -0.17675209
40036 0.75195646
40134 1.6061158
40234 2.030323
40337 2.2848349
40437 2.3208237
40537 2.0723724
40637 1.2318802
40736 0.22884607
40837 -0.6657896
40937 -1.4124794
41035 -2.0458364
41136 -2.349837
41236 -2.422098
41336 -2.036593
41436 -1.1493144
41536 -0.19269943
41636 0.8608036
41739 1.7009568
41837 2.2922068
41939 2.5866013
42038 2.607572
42137 2.4970412
42237 1.8858595
42555 -1.3862042
42655 -2.02887
42755 -2.5992062
42855 -2.9375768
42955 -2.8886387
43056 -2.2897382
43156 -1.1480358
43256 0.24005365
43357 1.1315393
43457 1.8700347
43556 2.2723312
43657 2.5260825
43757 2.5763483
43856 2.3910432
43957 1.406343
44057 0.26871777
44157 -0.5290575
44258 -1.2892718
44357 -1.7990108
44458 -2.0245156
44559 -2.0845308
44658 -1.8416691
44758 -1.0158908
44859 0.01585865
44959 0.909781
45059 1.7499948
45159 2.289795
45259 2.5789437
45360 2.5830803
45460 2.2822776
45544 1.7461157
45644 0.7158108
45744 -0.020613194
45844 -0.6452894
45944 -1.2823014
46044 -1.7571499
46144 -1.8741617
46244 -1.724736
46344 -1.1074739
46444 -0.1847806
46545 0.80515957
46645 1.7544961
46745 2.5904098
46845 2.878057
46946 2.9257555
47046 2.6513262
47146 1.8537264
47246 0.872221
47346 0.06546879
47446 -0.482522
47546 -1.0223594
47646 -1.4852638
47747 -1.7028992
47850 -1.7163339
47947 -1.3618324
48050 -0.42542982
48147 0.50994635
48250 1.4365644
48350 2.0975218
48450 2.4862185
48549 2.6585946
48649 2.7253761
48750 2.5068574
48850 1.6752639
48950 0.6250849
49048 -0.20002842
49149 -0.912292
49249 -1.5584424
49349 -1.9223967
49452 -2.0876756
49552 -2.0271926
49652 -1.4665787
49752 -0.58326626
49852 0.32486057
49952 1.2755704
50051 2.1382155
50151 2.6541848
50252 2.853424
50351 2.7699919
50452 2.3924346
50552 1.565196
50652 0.48477268
50752 -0.30627584
50854 -1.0300426
50954 -1.532558
51052 -1.8816679
51152 -2.0975256
51252 -2.065186
51353 -1.51875
51453 -0.4676361
51553 0.5828943
51653 1.4861832
51754 2.251358
51854 2.777968
51954 2.9597054
52054 2.8186622
52155 2.132392
52255 0.987144
52354 0.18593788
52455 -0.47833538
52554 -1.1153679
52655 -1.5879283
52755 -1.7927158
52857 -1.6964049
52956 -1.237622
53056 -0.38365936
53156 0.5998297
53256 1.5334115
53356 2.164247
53456 2.4831505
53557 2.4943862
53657 2.2396417
53756 1.4344077
53857 0.43217897
53958 -0.21267653
54060 -0.8917093
54159 -1.4673355
54258 -1.8943591
54358 -2.0738378
54458 -1.9574435
54558 -1.5334847
54659 -0.58791256
54759 0.40472698
54859 1.1624403
54959 1.7544389
55060 2.1656504
55161 2.2958221
55259 2.3011298
55360 2.1430106
55460 1.1079097
55544 0.27715588
55644 -0.37240124
55744 -1.0326436
55844 -1.5176196
55944 -1.718493
56044 -1.7732463
56144 -1.7345715
56245 -1.3125279
56345 -0.41672516
56445 0.5555067
56545 1.3440619
56645 2.0039802
56745 2.3092499
56845 2.414504
56945 2.4134407
57046 2.1629014
57146 1.157691
57246 0.1458888
57346 -0.6086693
57447 -1.539844
57546 -2.103506
57650 -2.3666854
57750 -2.4004092
57849 -2.309219
57949 -1.5733237
58048 -0.28842402
58148 0.63941526
58248 1.4380312
58348 1.9700418
58449 2.259519
58548 2.3005958
58648 2.2406678
58749 1.7706633
58849 0.76528645
58949 -0.2659645
59052 -1.1282718
59149 -1.7755246
59249 -2.2680378
59352 -2.5594566
59452 -2.3392348
59552 -1.9247041
59652 -1.2602894
59752 -0.40144253
59852 0.5180197
59952 1.3010406
60052 1.849195
60151 2.1045542
60251 2.2019186
60351 2.1248841
60452 1.630506
60551 0.8158846
60652 0.08815241
60752 -0.5774007
60852 -1.1512341
60955 -1.636961
61052 -1.9105806
61154 -2.0562124
61253 -2.0321906
61354 -1.7432199
61453 -0.970551
61553 -0.077822685
61654 0.8068118
61754 1.5143652
61854 1.9596481
61954 2.3570037
62054 2.5393991
62155 2.6187959
62255 2.5997658
62356 2.245996
62456 1.0956416
62555 0.09162569
62655 -0.7616668
62756 -1.3967438
62856 -1.8193939
62956 -2.056166
63056 -2.0933156
63156 -1.9815886
63256 -1.3552182
63357 -0.29668093
63456 0.7136488
63559 1.5641074
63658 2.1463456
63757 2.4474282
63857 2.5874863
63958 2.5900168
64058 2.2905297
64158 1.4664202
64258 0.2643752
64358 -0.5334153
64458 -1.2058005
64558 -1.748219
64659 -1.9617343
64761 -2.0676365
64860 -1.9425817
64959 -1.3608723
65060 -0.48378658
65159 0.5044832
65259 1.5942421
65359 2.4065995
65461 2.9480124
65544 3.1099787
65644 3.133072
65744 2.9175606
65844 1.8486071
65944 0.60083675
66044 -0.3760233
66162 -1.4417267
66245 -1.8964512
66344 -2.3695533
66445 -2.554832
66545 -2.4240966
66645 -2.2739875
66746 -1.2115657
66845 0.085721016
66946 0.9898386
67046 1.7164307
67146 2.191616
67246 2.3902993
67347 2.4052534
67449 2.1196127
67549 1.3460765
67647 0.39715862
67747 -0.61062336
67847 -1.536181
67947 -2.1394475
68047 -2.5022562
68150 -2.4565766
68250 -2.0819573
68350 -1.1892686
68450 -0.29591465
68550 0.7537832
68651 1.6339402
68749 2.1437721
68849 2.6499763
68949 2.662778
69049 2.3797684
69150 1.9439898
69250 1.1838827
69350 0.2667384
69451 -0.57502747
69551 -1.3156204
69651 -1.8562078
69750 -2.165794
69851 -2.233005
69951 -1.8145995
70051 -0.84879255
70151 0.14423084
70252 1.0556116
70355 1.8805594
70452 2.2554407
70552 2.5875182
70655 2.6457725
70754 2.4115844
70855 1.6225443
70955 0.59746647
71054 -0.12679768
71152 -1.2473602
71253 -1.8933513
71354 -2.148806
71453 -2.076345
71554 -1.6630135
71653 -0.91575146
71754 0.33056593
71854 1.449502
71955 2.1759248
72054 2.5138297
72155 2.5877738
72255 2.1454034
72355 1.3615003
72455 0.1651597
72556 -0.7407999
72655 -1.7047145
72756 -2.250556
72856 -2.4203339
72958 -2.316132
73057 -2.0795245
73158 -1.051276
73257 -0.043553352
73357 0.8329592
73457 1.6237311
73557 2.3593001
73658 2.6676054
73757 2.5057945
73858 1.9559641
73958 1.0562091
74058 -0.026128292
74158 -0.93911076
74259 -1.7033505
74360 -2.2144392
74459 -2.3739333
74559 -2.1495008
74659 -1.5651817
74759 -0.67228556
74859 0.4227333
74959 1.5360479
