17 -2.6587782
116 -2.884528
216 -2.3911943
316 -1.4268253
418 -0.30265522
518 0.68530273
617 1.3783636
717 2.1225424
817 2.7374663
918 3.2038708
1019 3.2733345
1118 2.628704
1219 1.6089401
1319 0.54522324
1419 -0.6253271
1519 -1.3988318
1620 -2.0303092
1721 -2.4661927
1819 -2.5318618
1918 -2.2867055
2019 -1.6233058
2119 -0.68599033
2203 0.07364178
2303 0.90736055
2404 1.6411829
2503 2.3024492
2603 2.8168664
2706 3.086523
2806 3.0630512
2906 2.330133
3006 1.2015705
3106 -0.06540823
3206 -1.0917621
3307 -1.8615775
3405 -2.52582
3505 -2.9910367
3605 -3.121959
3705 -2.4242961
3805 -1.4326267
3905 -0.31687927
4006 0.7698178
4109 1.6868248
4208 2.407946
4308 2.843123
4408 2.9677
4507 2.8117628
4607 2.164874
4707 1.1163363
4807 -0.1324377
4908 -1.0782876
5007 -1.8129816
5108 -2.28008
5208 -2.4740367
5309 -2.2922444
5409 -2.0850532
5508 -1.4107375
5609 -0.08824015
5709 1.1582355
5810 2.321518
5911 3.1117344
6011 3.4471006
6109 3.3548994
6211 2.708033
6310 1.4979706
6410 0.10813618
6510 -1.111676
6610 -1.8092446
6710 -2.2835803
6810 -2.5084279
6911 -2.5959053
7011 -2.297829
7111 -1.3353462
7211 0.1615653
7311 1.5096598
7412 2.379827
7512 2.6236167
7612 2.8403158
7712 2.8380442
7812 2.7281923
7913 2.1144114
8012 0.639534
8113 -0.733233
8213 -1.7898152
8314 -2.3853679
8413 -2.6221013
8514 -2.9450955
8614 -2.4381213
8714 -1.1186459
8814 0.55273294
8915 1.7965927
9015 2.5491014
9115 3.0549011
9216 3.2881756
9315 3.2454615
9415 2.2428637
9515 0.80885124
9616 -0.61250925
9715 -1.7574208
9815 -2.176602
9916 -2.8726916
10016 -2.8550763
10116 -2.3301537
10216 -0.89664507
10316 0.4919157
10416 1.7343016
10516 2.470477
10617 2.932373
10717 3.017662
10817 3.0581913
10918 2.5274315
11018 1.1783814
11118 -0.22306776
11218 -1.2717528
11318 -1.9648159
11418 -2.56835
11518 -2.6690507
11618 -2.4053457
11718 -2.0947664
11819 -0.84125185
11919 0.59386873
12019 1.8782783
12120 2.7327714
12221 3.225216
12303 3.3501415
12403 3.260275
12503 2.6866708
12603 1.4044828
12703 -0.16502571
12804 -1.3451512
12904 -2.1810727
13004 -2.6245542
13104 -2.7973638
13204 -2.8058407
13305 -2.4117486
13405 -1.7779915
13505 -0.16334057
13605 1.1683922
13706 2.089292
13805 2.6955023
13909 3.2286968
14009 3.2429428
14109 2.888482
14209 1.7058592
14309 0.39519405
14409 -0.63574266
14506 -1.3566906
14607 -2.0626788
14707 -2.5335553
14807 -2.6920917
14907 -2.3282273
15007 -1.1750762
15108 0.27704477
15208 1.4093895
15308 2.3335266
15411 2.900836
15508 3.1402607
15611 3.2371387
15711 2.861969
15811 1.6624045
15911 0.30590582
16011 -0.8553934
16111 -1.8637547
16211 -2.5844665
16311 -3.464939
16410 -3.8861513
16510 -2.266105
16611 -1.315567
16711 -0.20502377
16811 0.98036337
16911 2.022325
17011 2.7030935
17111 3.119403
17211 3.3344145
17314 3.258669
17414 2.7214365
17512 1.5178833
17612 0.38036156
17712 -0.5860815
17813 -1.2318294
17913 -1.7961564
18013 -2.2878022
18112 -2.3951268
18213 -2.1310933
18313 -1.0654721
18413 0.055142403
18514 1.0232801
18613 1.6984391
18714 2.3207793
18814 2.6774244
18915 2.8501167
19014 2.8334184
19115 2.12951
19215 0.8962703
19315 -0.3474002
19416 -1.2035077
19515 -1.9484391
19615 -2.6256251
19716 -3.8151684
19816 -3.7039206
19916 -2.2240484
20016 -1.1207435
20116 0.08292532
20217 1.0822701
20318 1.9042768
20418 2.4732065
20516 2.7272239
20618 2.7205687
20717 2.4339418
20818 1.4966102
20917 0.4530115
21018 -0.37944698
21117 -0.8632288
21218 -1.3396637
21318 -1.805202
21418 -2.075625
21518 -1.9882474
21618 -1.3609798
21719 -0.37303638
21819 0.69205475
21919 1.598712
22019 2.36695
22119 2.884707
22203 3.1717339
22303 3.2953606
22403 3.1181564
22503 2.2200384
22604 0.7871132
22704 -0.5175133
22804 -1.4323201
22904 -2.1041143
23004 -2.7329087
23104 -3.0236635
23204 -2.8021774
23304 -2.280491
23405 -1.2617371
23505 0.1272316
23605 1.2439313
23705 2.2026176
23808 2.7364335
23905 2.920638
24008 3.0082607
24109 2.620336
24208 1.7764168
24308 0.68195105
24409 -0.32947826
24507 -0.9459257
24607 -2.1266444
24708 -2.9768953
24807 -3.7564657
24908 -4.2770896
25007 -3.2629194
25109 -1.5345879
25208 -0.14770985
25308 1.1804438
25409 2.2801523
25512 3.0041752
25608 3.4412832
25709 3.4867353
25811 3.1309614
25911 2.1543474
26011 0.6862664
26111 -0.5342798
26211 -1.4545121
26310 -2.1504602
26411 -2.5074792
26510 -2.6417701
26610 -2.3423328
26710 -2.1722302
26810 -1.0163319
26913 0.22469759
27013 1.292901
27113 2.2664537
27213 2.6594477
27313 3.0352058
27414 2.9658518
27512 2.3737955
27612 1.2717085
27713 -0.026955605
27813 -1.0218301
27913 -1.6401887
28014 -2.1821542
28115 -2.7194118
28214 -3.076979
28315 -3.401782
28413 -3.0791163
28513 -2.4491591
28614 -1.4750524
28714 -0.35246754
28814 0.7737646
28915 1.5782003
29014 2.306244
29115 2.903038
29216 3.3065443
29315 3.2969437
29415 2.4153695
29515 1.0379572
29615 -0.55743694
29716 -1.6797795
29815 -2.770655
29916 -3.8979754
30016 -4.6458216
30116 -4.8640466
30217 -3.1348073
30316 -1.5887051
30416 -0.050988197
30517 1.3637762
30617 2.3293543
30717 2.9481401
30818 3.0200071
30918 2.4813132
31018 1.6664834
31118 0.5382061
31219 -0.7269974
31319 -1.7504678
31420 -2.8859658
31520 -3.45806
31621 -4.1528645
31719 -3.7479205
31819 -2.8764105
31919 -1.5748451
32020 -0.08914089
32119 1.2212529
32203 2.052855
32520 3.2736778
32620 2.8436193
32720 1.7852416
32821 0.6205931
32921 -0.5951848
33021 -1.5731113
33121 -2.467858
33221 -3.2011337
33322 -3.23816
33422 -2.7736218
33522 -1.8301387
33622 -0.5928879
33723 0.7029691
33823 1.5911264
33922 2.1127
34023 2.7025404
34123 3.0755272
34223 3.0495243
34324 2.2481031
34424 1.2531347
34524 -0.07551384
34625 -1.2922966
34725 -2.5402265
34825 -3.4014006
34924 -3.963707
35024 -3.629808
35124 -2.8210416
35226 -1.6421521
35325 -0.63481283
35425 0.24137211
35525 1.2074757
35626 1.9998102
35725 2.771707
35826 2.9717956
35926 2.6730714
36025 1.663372
36126 0.7406683
36226 -0.3671937
36326 -1.327322
36426 -2.1504016
36527 -2.9887052
36627 -3.755357
36727 -3.617961
36827 -2.8978705
36927 -2.009832
37027 -0.93482685
37128 0.37551785
37228 1.4896746
37329 2.1714225
37428 2.6581354
37529 2.938222
37612 2.8791304
37712 2.3415513
37812 1.4780159
37912 0.2963109
38012 -0.6936083
38112 -1.6294866
38213 -2.4554713
38313 -2.9995997
38413 -3.6130853
38513 -4.0435443
38613 -3.7039125
38714 -2.4044075
38814 -1.2832286
38915 -0.1423068
39015 0.9498439
39117 1.8805275
39217 2.6810875
39318 3.1278238
39418 3.1576796
39515 2.6261163
39615 1.5318022
39716 0.31212616
39816 -0.586771
39915 -1.8509736
40017 -2.7834013
40117 -3.7297497
40217 -3.8284562
40316 -3.513108
40634 0.2948351
40734 1.429872
40835 2.2015853
40934 2.6986656
41035 3.0179663
41135 3.1282625
41235 2.9933891
41337 2.2429862
41437 1.3388028
41536 0.4253416
41635 -0.49436045
41738 -1.3479829
41836 -2.1119742
41936 -2.689736
42036 -2.9568698
42136 -2.9196627
42236 -2.4256742
42336 -1.3309016
42436 -0.29197598
42537 0.7814436
42638 1.5760927
42737 2.276403
42838 2.930828
42937 3.306878
43037 3.346591
43138 3.1214867
43238 2.225141
43338 1.176971
43438 0.04638958
43539 -1.0520351
43639 -1.6079338
43739 -2.207838
43839 -2.5400918
43940 -2.8239336
44039 -2.9492445
44139 -2.7371533
44240 -1.8322897
44341 -0.94750214
44441 0.042455196
44541 1.0020967
44642 1.5583496
44742 2.0721064
44842 2.5942063
44943 2.9695678
45043 3.0193996
45141 2.6291704
45242 1.6024704
45342 0.65492916
45442 -0.48073006
45543 -1.4117827
45642 -2.1557012
45742 -2.8472176
45843 -3.3530102
45926 -3.3257802
46026 -2.7883506
46126 -1.7364821
46226 -0.730371
46327 0.44772768
46427 1.3605223
46527 1.991118
46627 2.5396295
46727 2.8744955
46827 2.966895
46928 2.5734735
47027 1.67661
47127 0.9384208
47228 -0.031879425
47328 -0.9537635
47428 -1.7708957
47528 -2.422852
47631 -3.186566
47732 -3.474662
47831 -3.3999715
47931 -2.6445956
48031 -1.5022278
48131 -0.3355136
48232 0.8857093
48331 1.6687598
48432 2.267661
48531 2.7032876
48630 3.068987
48730 3.0284853
48831 2.1228714
48932 1.0872607
49034 -0.14160347
49134 -0.9832058
49234 -1.6092567
49334 -2.0179377
49434 -2.3564122
49533 -2.611211
49632 -2.5511882
49732 -1.8413057
49832 -0.85712624
49932 0.23097277
50033 1.2167931
50133 1.8179827
50233 2.2317352
50333 2.409665
50433 2.4466133
50533 2.2831473
50636 1.2030435
50736 0.08089924
50836 -0.8662071
50934 -1.5994625
51036 -2.1803792
51136 -2.7096362
51236 -3.0190675
51336 -2.745152
51437 -1.7467837
51536 -0.91534376
51635 0.33229208
51735 1.5360208
51836 2.3498602
51937 3.046421
52036 3.316248
52137 3.261629
52238 2.336516
52337 0.9760685
52438 -0.36058855
52539 -1.2579484
52639 -1.9599807
52737 -2.4360166
52837 -2.600353
52937 -2.243974
53038 -1.3853302
53138 -0.29249096
53238 0.76390076
53338 1.4657845
53439 1.9147172
53540 2.3138213
53638 2.621396
53739 2.6511092
53839 2.0297089
53940 0.9922643
54040 -0.009505749
54141 -0.8430934
54239 -1.6340275
54340 -2.4555025
54440 -3.1413105
54540 -2.9317365
54641 -2.0603197
54740 -1.08185
54841 0.20710278
54941 1.3053341
55041 1.9986448
55143 2.5267205
55242 3.0099726
55341 3.3008938
55442 3.3331022
55542 2.832776
55642 1.6962876
55743 0.48235607
55843 -0.6533928
55926 -1.5194302
56026 -2.2530057
56126 -2.7910578
56226 -2.5590737
56326 -1.6834557
56427 -0.790792
56527 0.37899494
56628 1.4618821
56727 2.1259942
56827 2.5163336
56927 2.6432543
57028 2.3951821
57129 1.6838517
57228 0.7883115
57328 -0.22189093
57429 -0.9798455
57528 -1.6584308
57632 -2.532132
57731 -3.0774775
57831 -3.1260343
57931 -2.572945
58032 -1.339191
58132 -0.14502573
58232 1.0692143
58332 1.9134126
58430 2.398841
58530 2.8590646
58631 3.0402508
58730 3.0317087
58832 2.6478019
58934 1.7828608
59034 0.58947897
59131 -0.6400571
59231 -1.6047692
59332 -2.6184707
59434 -3.316389
59532 -3.1838577
59632 -2.4283643
59733 -1.5474391
59833 -0.5872936
59933 0.5644469
60033 1.6230431
60133 2.2969499
60233 2.7983932
60333 3.0936222
60434 3.1712685
60534 2.9174132
60634 2.1246576
60736 1.2813845
60836 0.3563614
60937 -0.5431628
61037 -1.4124413
61137 -2.0966365
61236 -2.5076036
61336 -2.4823394
61436 -1.7856193
61536 -0.9174752
61635 0.10842562
61735 1.2755265
61836 2.0222387
61935 2.5999613
62037 3.056406
62137 3.152999
62236 2.9165444
62336 1.7423906
62437 0.50768566
62537 -0.41486216
62639 -1.0041108
62738 -1.8522422
62837 -2.6290147
62937 -2.6572986
63038 -2.1838756
63139 -1.3314312
63239 -0.27577448
63338 0.9473157
63439 1.9447618
63539 2.5292444
63639 3.1695623
63740 3.5480957
63839 3.5004969
63939 2.5295095
64039 1.5725479
64140 0.45302105
64239 -0.665061
64340 -1.4313684
64440 -2.1207395
64540 -2.846949
64640 -3.0970025
64741 -2.9018085
64843 -2.224304
64941 -1.1806324
65041 0.110985756
65141 1.1806269
65242 1.8645949
65344 2.269208
65443 2.6176443
65543 2.807335
65642 2.6042643
65742 1.7823343
65843 0.84354115
65926 0.06343317
66026 -0.73943233
66143 -1.6369882
66226 -2.2445703
66327 -2.8798165
66427 -2.8510458
66527 -2.2888649
66627 -1.2270863
66727 -0.1967516
66828 0.9075799
66927 1.7179122
67028 2.2804937
67128 2.6454363
67228 2.9735618
67328 3.1248646
67429 2.8876815
67528 1.8780832
67631 0.75399923
67731 -0.24371386
67832 -1.1925824
67932 -1.8468316
68031 -2.3871386
68131 -2.9192405
68231 -2.8733864
68332 -2.1890454
68432 -0.9874034
68530 0.32459974
68630 1.4746346
68731 2.2914872
68831 2.8949308
68931 3.4279423
69034 3.5897236
69134 3.0986118
69234 2.0275688
69334 0.8932295
69434 -0.19972706
69532 -1.1372647
69633 -1.9670663
69733 -2.6607912
69833 -2.914248
69932 -2.7692633
70033 -1.9191747
70134 -0.88292885
70233 0.39613056
70333 1.6631112
70433 2.316413
70533 2.7783875
70637 3.0505905
70734 3.0876188
70836 2.7862215
71153 -0.76631975
71252 -1.6326804
71354 -2.1405292
71453 -2.7804782
71552 -2.863861
71652 -2.687647
71752 -1.6636791
71853 -0.45841312
71954 0.82952976
72053 1.8211908
72154 2.3993049
72253 2.724753
72353 2.909482
72453 2.901423
72555 2.4047813
72654 1.4967651
72754 0.2589445
72854 -0.8428631
72954 -1.5639119
73056 -2.1897147
73155 -2.705904
73255 -2.549395
73355 -1.545712
73455 -0.4828391
73555 0.6616335
73656 1.7009377
73756 2.4560804
73856 3.2145777
73956 3.6961994
74056 3.8793945
74157 3.613779
74257 2.492176
74357 1.1800394
74457 -0.11600971
74558 -1.1623306
74659 -1.8392377
74757 -2.2772145
74857 -2.3153193
74957 -1.6395359
