5 2.4910784
105 1.6804032
205 0.42371273
306 -0.74409294
406 -1.5500202
505 -1.7625039
607 -1.4906154
707 -0.22077465
807 1.0591812
908 2.2568169
1007 2.9021196
1108 3.0645695
1207 2.680252
1309 1.6092501
1409 -0.07062149
1509 -1.3337417
1610 -2.1374857
1709 -2.2793415
1809 -1.6102681
1909 -0.10280514
2010 1.5705924
2111 2.7798615
2211 3.3369122
2311 3.3698606
2412 2.689105
2512 1.4051657
2611 -0.061651707
2712 -1.4699352
2812 -2.4271693
2913 -2.6139283
3013 -2.0158014
3113 -0.49087334
3214 1.050168
3314 2.4205084
3414 3.1269321
3514 3.2769518
3615 2.836245
3714 2.039894
3815 0.8905072
3915 -0.5478244
4016 -1.5370209
4116 -2.336368
4215 -2.5234108
4317 -2.0642936
4417 -0.5717702
4517 0.86949587
4617 2.072978
4718 2.58608
4817 2.7350006
4918 2.6255555
5018 1.8915281
5119 0.5108433
5219 -0.8493128
5302 -1.5394752
5403 -2.124199
5502 -2.012079
5603 -1.0371585
5704 0.6659622
5803 2.0016756
5904 3.1163273
6003 3.4625454
6105 3.3327808
6205 2.6281776
6305 1.3646879
6406 0.053278923
6506 -1.4047005
6605 -1.9036419
6705 -1.5479198
6807 -0.19652271
6906 1.3720732
7007 2.5672789
7107 3.2813816
7207 3.3451118
7308 2.7370515
7407 1.4142103
7509 0.34159994
7609 -1.0432053
7709 -1.766468
7808 -2.2414148
7909 -2.1075895
8010 -0.8970542
8110 0.5821643
8209 1.8809671
8310 2.459787
8411 2.6664987
8511 2.44384
8612 1.8548875
8711 0.109303
8812 -1.1636472
8912 -1.8827062
9012 -1.9484074
9113 -1.2061799
9213 0.3758073
9313 1.6392746
9413 2.59692
9514 2.89985
9614 2.6972399
9714 2.150576
9815 0.22275162
9915 -1.1219621
10015 -2.363541
10115 -2.827726
10215 -2.4972513
10315 -1.2011561
10416 0.33258772
10517 1.5709658
10616 2.4861403
10717 2.6919937
10817 2.3831382
10918 1.2498441
11017 -0.40708685
11118 -1.2388082
11217 -1.6360397
11318 -1.4701569
11419 -0.025289536
11519 1.3314734
11603 1.9750733
11702 2.4641228
11803 2.558178
11904 2.4565191
12003 1.523243
12103 0.16659069
12203 -0.784358
12304 -1.3237267
12405 -1.2144914
12505 -0.25900412
12606 1.1939559
12705 2.2462797
12806 2.973979
12906 2.9793372
13007 2.328373
13107 0.6633916
13207 -0.9691324
13306 -2.2767882
13407 -2.7017481
13508 -2.360159
13608 -0.99743843
13708 0.6648679
13809 2.0469527
13909 2.8092985
14008 2.8683586
14110 2.178338
14210 0.69440603
14309 -0.69501257
14409 -2.032433
14510 -2.4324825
14611 -2.1655428
14710 -0.7442694
14811 0.7834711
14911 2.1037126
15012 2.6555367
15112 2.6422071
15212 2.0914407
15313 0.6961007
15412 -0.5809679
15512 -1.7068691
15613 -2.193249
15713 -2.1408405
15814 -1.1945558
15914 0.20006466
16014 1.3935184
16114 2.2818365
16215 2.7284393
16315 2.7134275
16416 1.9661345
16516 0.45076132
16616 -0.7953024
16715 -1.656873
16816 -1.8658292
16917 -1.4811187
17017 -0.17872334
17117 1.2377992
17217 2.387473
17318 2.9384718
17418 3.0007477
17518 2.4447489
17619 1.2761793
17719 0.11836815
17803 -0.84920406
17902 -1.4311442
18003 -1.4640203
18103 -0.6458454
18203 0.5785532
18304 1.7275987
18403 2.718464
18505 3.051321
18605 2.916092
18704 2.057129
18804 0.6508093
18906 -0.71352434
19006 -1.8315434
19106 -2.2407024
19205 -2.2295613
19307 -1.4345202
19407 -0.07636261
19506 1.1670847
19608 2.0399446
19707 2.622532
19807 2.6476035
19908 2.3473158
20008 0.9840307
20108 -0.47556257
20209 -1.5934501
20309 -2.1610754
20410 -2.2291253
20510 -1.5786152
20610 0.24500132
20710 1.7203074
20811 2.8062806
20910 3.1899157
21010 3.0493603
21111 2.2587137
21212 1.0508757
21312 -0.49835157
21412 -1.6675773
21513 -2.289659
21613 -2.207578
21712 -0.99011946
21813 0.6950846
21914 2.128924
22014 3.0944567
22114 3.2699413
22214 2.7209868
22314 1.6312256
22415 0.077432156
22514 -1.1493149
22615 -1.9967961
22716 -1.9995322
22816 -1.0073276
22916 0.5050478
23016 1.7652793
23116 2.7844992
23216 3.2812757
23317 3.2695847
23417 2.3970504
23517 1.2452288
23618 -0.17006111
23718 -1.3082974
23818 -1.8713219
23918 -1.7034104
24018 -0.5720339
24102 0.77595377
24203 1.9955077
24304 2.7313185
24403 2.9498377
24504 2.37704
24603 1.5720887
24703 -0.0080862045
24805 -1.179955
24904 -1.6092505
25005 -1.4817727
25105 -0.41394854
25206 0.966763
25305 2.1424499
25406 3.1704426
25506 3.2881994
25607 3.0806856
25706 1.9084077
25807 0.6976137
25907 -0.7865796
26007 -1.6873431
26108 -1.9776695
26208 -1.5691218
26309 0.021950722
26408 1.3498731
26509 2.3957787
26609 2.8532257
26710 2.764165
26810 1.7489791
26910 0.43474913
27010 -0.9830084
27110 -1.7552173
27210 -1.9314151
27311 -1.6402519
27411 -0.26114655
27512 1.1025219
27612 1.8604736
27712 2.4485903
27812 2.7289405
27913 2.4093027
28012 1.3699999
28114 0.116539955
28213 -1.2088878
28314 -1.6935608
28414 -1.4275181
28514 -0.14646626
28615 1.4328642
28714 2.376227
28815 3.1476831
28916 3.1345978
29016 2.4121218
29116 1.4925537
29216 0.18673229
29317 -1.0162587
29416 -1.3871808
29517 -1.2313759
29617 0.024397373
29718 1.3812013
29818 2.471354
29918 2.9685884
30018 2.9385023
30118 2.2553644
30218 1.4295654
30302 0.038077354
30402 -1.0396366
30503 -1.4001851
30603 -1.1070392
30704 0.3648424
30803 1.5679245
30903 2.4725113
31005 2.9565496
31105 2.9631386
31205 2.256112
31305 1.2091112
31406 -0.43476677
31505 -1.6260886
31606 -2.03138
31706 -1.7980034
31806 -0.3525591
31906 1.2749949
32006 2.1495643
32107 2.3263922
32208 2.4010315
32307 1.8807383
32407 0.6568284
32509 -0.85039663
32608 -1.7663913
32709 -1.8992057
32810 -1.115268
32910 0.3815894
33010 1.8267527
33110 2.8737688
33210 3.2718906
33310 3.1401682
33411 1.8929763
33510 0.72101116
33612 -0.9649768
33712 -1.7757199
33812 -1.7915673
33912 -0.8193321
34012 0.5803118
34112 1.7273455
34213 2.383029
34313 2.5078926
34413 2.1877356
34513 1.4450202
34613 0.10713339
34714 -1.0514793
34815 -2.0060873
34914 -2.298919
35015 -2.1699424
35116 -1.3530698
35215 0.0056467056
35315 1.2639608
35416 2.1529527
35517 2.622036
35616 2.6180367
35717 1.8767176
35816 0.6083994
35917 -0.8610678
36017 -1.6792126
36118 -1.8554103
36218 -1.5064111
36318 -0.57602787
36418 0.71986866
36519 1.6183867
36602 2.1684809
36702 2.3399072
36804 2.09929
36904 1.2933125
37003 -0.21140718
37104 -1.4593627
37203 -2.0301988
37305 -2.0211232
37404 -1.1217983
37504 0.4352665
37605 1.6804199
37706 2.4203591
37806 2.594018
37905 2.0679865
38006 0.57724
38106 -0.78987217
38207 -1.8895626
38306 -2.2212567
38407 -1.991719
38508 -0.92726946
38607 0.48801327
38708 1.6755457
38808 2.406147
38909 2.5230684
39008 2.090703
39110 1.0002136
39209 -0.45816326
39310 -1.7626038
39410 -2.7162652
39510 -2.9121375
39611 -2.3369026
39711 -1.1462569
39811 0.41035748
39912 1.7320976
40012 2.5692139
40112 2.713179
40212 2.3201103
40312 1.099608
40412 -0.27438593
40514 -1.6489296
40613 -2.2923417
40714 -2.3033264
40813 -1.3889954
40914 0.16094923
41014 1.5496154
41114 2.4214425
41214 2.719545
41315 2.4164762
41415 1.457634
41515 -0.0969553
41616 -1.4706643
41716 -2.336474
41816 -2.5468774
41916 -2.0740626
42016 -1.0577877
42118 0.5895934
42217 1.8981719
42318 2.801084
42419 2.7521973
42518 1.7386217
42618 -0.051732063
42719 -1.6686718
42802 -2.4237378
42902 -2.3809218
43002 -1.1938939
43104 0.63226986
43203 2.2363892
43304 3.3694859
43403 3.6601038
43505 2.7948961
43604 1.200427
43705 -0.40491962
43804 -1.6284747
43905 -2.1863413
44006 -2.4524589
44106 -2.407233
44207 -1.7843006
44307 -0.3450632
44407 1.1990538
44507 2.3603067
44608 2.8117685
44708 2.453795
44808 1.475997
44908 0.009398937
45008 -1.1560225
45109 -1.9342337
45208 -2.0969899
45309 -1.9564321
45410 -1.138689
45510 0.252357
45609 1.4843497
45709 2.338037
45810 2.4762359
45911 1.9675431
46011 0.69856167
46112 -0.7530656
46212 -1.9144466
46312 -2.4953208
46412 -2.6549485
46512 -2.3230782
46612 -1.2506199
46713 0.19663334
46813 1.4225245
46913 2.2290306
47013 2.4929047
47114 2.3787394
47215 1.6267991
47315 0.32176447
47415 -1.0635464
47515 -2.0111423
47615 -2.4108813
47715 -2.4444416
47815 -1.9594712
47917 -0.6263876
48016 0.7123027
48117 1.7255125
48216 2.33006
48317 2.426487
48417 2.123273
48517 1.3907213
48618 -0.17110538
48718 -1.5274417
48819 -2.3875098
48918 -2.6188467
49019 -2.4547296
49102 -1.5982947
49203 -0.045594215
49303 1.1790242
49404 1.7758026
49504 2.1747818
49603 2.2125525
49704 1.9600067
49804 1.2140551
49905 -0.20715332
50005 -1.7889836
50106 -2.596764
50206 -2.8422966
50306 -2.6174855
50406 -0.7780361
50507 0.7459688
50607 1.9527016
50706 2.4663177
50808 2.534233
50907 2.1545448
51008 1.417099
51108 0.1476264
51208 -1.0322826
51309 -2.0254495
51408 -2.3307636
51509 -2.2429168
51609 -1.4655881
51710 -0.24543619
51810 1.2145529
51910 2.284388
52010 2.654264
52110 2.6238432
52211 2.1309767
52312 0.73462296
52412 -0.49522066
52512 -1.6524651
52612 -2.2377956
52712 -2.3599439
52813 -1.9133403
52913 -0.51280975
53014 0.9462991
53114 2.049337
53214 2.6168518
53314 2.5548353
53414 1.8414321
53515 0.86676836
53615 -0.8590441
53714 -2.0694265
53816 -2.756863
53915 -2.8404462
54016 -2.0733738
54115 -0.34223747
54216 1.1742773
54316 2.2577925
54416 2.88338
54517 2.9706025
54617 2.4994812
54717 1.7089586
54817 0.6247401
54918 -0.44487095
55019 -1.2800858
55119 -1.5117106
55219 -1.3581443
55302 -0.78527546
55403 0.47882366
55502 1.7771788
55604 2.6552367
55704 3.0004063
55803 2.7069716
55904 1.6916795
56004 0.36502743
56105 -0.9802022
56205 -1.9044244
56306 -2.0960717
56406 -1.6959426
56505 -0.5586839
56606 0.7921953
56706 1.9442229
56807 2.7113905
56907 2.9143028
57006 2.7515793
57108 1.8482275
57208 0.5705786
57308 -0.7355175
57408 -1.7316608
57509 -2.2480354
57609 -2.1258798
57708 -1.049129
57809 0.49955273
57910 1.8313203
58009 2.8768554
58110 3.0799322
58210 2.5005465
58310 1.4557738
58411 -0.13216496
58510 -1.3398254
58611 -2.115973
58711 -2.124427
58812 -1.3769422
58913 0.26496983
59012 1.5234337
59113 2.563273
59213 2.7394967
59314 2.1491098
59413 1.3229804
59514 0.033812046
59614 -1.4879792
59714 -2.3372858
59815 -2.571533
59915 -1.7218819
60015 0.13808584
60116 1.6101036
60215 2.5530844
60316 2.8997474
60417 2.7554526
60516 1.7855139
60617 0.6305537
60717 -0.59133625
60817 -1.3066738
60917 -1.3944619
61017 -0.8864374
61118 0.3511982
61218 1.5960464
61319 2.62156
61418 3.1136112
61518 3.0445118
61602 2.4015336
61702 0.8738966
61804 -0.6314192
61904 -1.8900256
62003 -2.304314
62104 -1.7807724
62204 -0.29066896
62305 1.2439189
62405 2.2613702
62506 3.0408077
62606 3.4112206
62706 3.264927
62806 2.320375
62905 1.2093439
63007 -0.039071083
63107 -0.91517305
63207 -1.3986874
63308 -1.475661
63408 -0.71311855
63508 0.77331877
63608 1.9409461
63708 2.808248
63808 2.990798
63909 2.554779
64009 1.6256638
64109 0.3431921
64210 -0.92890406
64310 -1.8833721
64411 -2.4120526
64510 -2.1814978
64611 -0.73072004
64710 0.7675352
64811 2.1005363
64911 2.8987284
65012 2.8880463
65111 2.007142
65212 0.73147106
65313 -0.7014375
65413 -1.6193168
65513 -1.9462707
65613 -1.7710774
65713 -0.45425034
65814 1.0626473
65914 2.2204943
66014 3.00035
66115 3.146451
66215 2.5289931
66315 1.4632401
66415 0.0684185
66516 -1.1513405
66617 -1.7722392
66716 -1.8185291
66816 -1.0629287
66917 0.4634595
67017 1.8155794
67117 2.9268522
67217 3.3771706
67318 3.2622128
67418 2.2020044
67519 0.8719773
67619 -0.58111095
67719 -1.569257
67803 -2.0182948
67902 -2.0734332
68003 -1.4772544
68104 -0.034172058
68204 1.2387371
68304 2.3905473
68405 3.0120134
68505 3.2187357
68605 2.8891869
68705 1.7061777
68806 0.4676957
68905 -0.61727715
69005 -1.4826405
69105 -1.9149594
69206 -1.9732189
69307 -1.6435959
69407 -0.35719967
69507 1.0580969
69608 2.0819488
69708 2.716586
69808 2.807303
69908 2.5791044
70009 1.6835318
70109 0.37066793
70209 -0.70568895
70309 -1.5215354
70409 -1.947979
70510 -1.8318267
70609 -0.8837781
70711 0.5347738
70810 1.744915
70911 2.569726
71011 2.9140196
71112 2.7201295
71211 1.9067826
71312 0.4618864
71412 -0.8748698
71513 -2.0421228
71613 -2.435389
71713 -2.0358632
71813 -0.7829523
71913 0.66512203
72014 1.827919
72114 2.4452276
72215 2.5889015
72315 2.2627983
72415 1.2013655
72515 -0.04384899
72616 -1.2464447
72716 -2.0550287
72817 -2.2628832
72916 -1.8811264
73016 -0.6311717
73116 0.8441143
73217 1.9610147
73317 2.6746078
73418 2.6890707
73518 2.1297417
73618 1.0891438
73718 -0.09443426
73819 -1.130769
73919 -1.8380558
74002 -2.0426078
74102 -1.7805347
74204 -0.5965133
74303 0.91266155
74404 1.8847017
74503 2.5551019
74604 2.7970796
74705 2.5769515
74804 1.6543975
74905 0.17356777
75004 -1.1795864
