12 -3.1916978
112 -3.4024353
212 -3.5961823
312 -3.716313
412 -3.7166557
513 -3.3656316
613 -2.6402369
713 -1.7527435
813 -1.0020223
913 -0.16310358
1013 0.5825567
1114 1.3423228
1213 1.9642296
1313 2.4656043
1414 2.9170494
1514 3.2107315
1614 3.4303455
1714 3.5501842
1814 3.6395617
1915 3.7055798
2015 3.7556553
2115 3.7698727
2215 3.6704826
2316 3.1833563
2416 2.5091376
2515 1.6021867
2616 0.8926201
2716 0.08502722
2817 -0.5652094
2916 -1.2783484
3017 -1.839999
3117 -2.3302624
3216 -2.6758628
3318 -2.9328456
3418 -3.1370554
3518 -3.3154247
3618 -3.4765089
3718 -3.5320227
3818 -3.4988697
3919 -3.1585903
4018 -2.351725
4119 -1.6341681
4219 -0.9168482
4319 -0.16147804
4419 0.57121754
4519 1.1361246
4620 1.7518196
4720 2.303866
4819 2.7668047
4920 3.1641264
5020 3.4120407
5120 3.656683
5221 3.846014
5320 3.9264708
5421 3.918459
5520 3.7202988
5621 2.9738135
5722 2.0982728
5822 1.260088
5921 0.5707216
6022 -0.06716442
6122 -0.6677699
6222 -1.3236225
6322 -1.9018359
6423 -2.3393025
6522 -2.753335
6623 -3.0961986
6723 -3.4100626
6823 -3.6286201
6924 -3.8284311
7023 -3.9242253
7124 -3.8997478
7223 -3.3737552
7324 -2.5072155
7424 -1.5672462
7525 -0.7652397
7625 0.080821514
7724 0.75882816
7807 1.329875
7907 1.8279457
8007 2.342784
8107 2.7160225
8207 2.971776
8307 3.2749023
8408 3.509038
8510 3.7452545
8610 3.9385319
8710 4.0772657
8810 4.1158066
8910 4.0058365
9010 3.3841
9110 2.6955109
9210 1.8301077
9311 1.0353599
9411 0.23128176
9511 -0.4234686
9611 -1.0462387
9711 -1.4980743
9811 -1.8970976
9912 -2.244418
10012 -2.5724661
10112 -3.004425
10212 -3.4826362
10312 -3.7871084
10412 -3.9149027
10512 -3.9178863
10613 -3.6946778
10713 -2.853879
10813 -1.9883358
10913 -1.0707507
11013 -0.19112778
11113 0.5380659
11214 1.1610794
11314 1.6359673
11414 2.3101158
11514 2.8312278
11614 3.3629408
11715 3.6633024
11814 3.9324665
11915 4.1441326
12283 3.482874
12382 2.744382
12483 1.9224191
12582 1.2416873
12683 0.6293173
12783 -0.046006203
12883 -0.5814638
12984 -1.158195
13084 -1.6195679
13183 -2.0344384
13284 -2.3460398
13384 -2.629643
13485 -2.9659398
13584 -3.2519002
13684 -3.429694
13785 -3.4736528
13885 -3.4832492
13985 -3.313627
14086 -2.6265557
14186 -1.9798465
14286 -1.3104024
14368 -0.82842445
14468 -0.15111017
14568 0.447505
14668 1.1331306
14768 1.6410217
14868 2.211062
14968 2.828196
15070 3.2378902
15170 3.583723
15271 3.7806492
15371 3.8541346
15471 3.8550797
15571 3.6705875
15671 3.177414
15771 2.6436143
15872 1.9429598
15972 1.2869663
16072 0.42962694
16172 -0.25979328
16272 -1.0513272
16372 -1.6532478
16473 -2.280513
16573 -2.8028479
16673 -3.2100677
17190 -3.4604428
17290 -2.890241
17390 -2.1700966
17491 -1.492656
17591 -0.7493429
17691 -0.015074253
17791 0.6196966
17891 1.3376384
17991 1.9020357
18092 2.501977
18193 2.867179
18293 3.1292162
18393 3.3338299
18492 3.4474258
18593 3.4736805
18693 3.4817896
18793 3.4505634
18893 3.121335
18994 2.309555
19094 1.7067833
19194 1.0877342
19294 0.5127325
19394 -0.017635345
19494 -0.49871683
19595 -1.0513241
19695 -1.620583
19794 -2.162559
19895 -2.6531978
19995 -3.015272
20095 -3.306085
20196 -3.47854
20295 -3.623076
20395 -3.7349296
20496 -3.8632014
20597 -3.9480834
20696 -3.9799883
20797 -3.828095
20897 -3.1670494
20996 -2.2048829
21097 -1.4392841
21197 -0.70378494
21297 -0.11810875
21397 0.42540216
21498 0.9075217
21598 1.252666
21697 1.5438128
21799 1.8646307
21899 2.2114577
21999 2.5830965
22098 2.9649477
22198 3.1839714
22299 3.3388996
22399 3.4351406
22499 3.5156307
22599 3.5510836
22700 3.5522337
22800 3.3484612
22900 2.733779
23001 2.0259924
23101 1.4399195
23201 0.70563745
23300 0.039673805
23383 -0.44589233
23483 -0.96712494
23583 -1.5466716
23683 -2.0952191
23783 -2.4939415
23883 -2.8192744
23985 -3.0692198
24085 -3.311665
24186 -3.4842749
24286 -3.6696045
24386 -3.7422545
24486 -3.7589617
24586 -3.5649807
24686 -2.9694095
24786 -2.150925
24887 -1.5334656
24987 -0.89754343
25087 -0.3870387
25187 0.24634075
25287 0.8689432
25387 1.4501748
25488 1.9968843
25588 2.3271394
25688 2.7332487
25788 3.0619526
25888 3.2775707
25989 3.3732376
26089 3.4083052
26189 3.359457
26289 2.9846969
26389 2.2085748
26489 1.4262557
26589 0.54648685
26690 -0.19616222
26789 -0.9258237
26890 -1.410672
26990 -1.7923703
27090 -2.0514016
27191 -2.27035
27508 -2.9186583
27607 -3.1289763
27708 -3.2700963
27808 -3.3264341
28142 -2.963104
28242 -2.2066407
28343 -1.4398608
28443 -0.7977152
28543 -0.18198681
28643 0.33541012
28743 0.87655926
28843 1.3255353
28943 1.6117983
29043 1.9907937
29144 2.2533937
29244 2.5602136
29344 2.7983856
29444 3.1186419
29544 3.3343868
29644 3.4316626
29745 3.4657135
29845 3.4245043
29945 3.067669
30045 2.5306787
30145 1.8950834
30246 1.3931623
30345 0.71398973
30446 0.10677624
30546 -0.4719057
30646 -0.9985094
30746 -1.5678086
30846 -1.986686
30946 -2.4521859
31047 -2.8416057
31148 -3.1114302
31247 -3.3062682
31347 -3.4134123
31447 -3.5014756
31547 -3.5304186
31647 -3.4761481
31748 -3.0096374
31848 -2.158918
31948 -1.4858308
32048 -0.9163656
32148 -0.37721157
32249 0.115911484
32349 0.696836
32450 1.3114576
32549 1.7377195
32649 2.1583223
32749 2.6467676
32850 3.051528
32950 3.3893814
33051 3.6761265
33151 3.8676243
33250 3.9486141
33351 3.9588337
33451 3.9641886
33551 3.8729782
33651 3.380084
33751 2.7418451
33852 2.0032568
33952 1.4778924
34052 0.85848904
34152 0.25710106
34253 -0.2537279
34352 -0.81049776
34452 -1.2755146
34552 -1.6760871
34653 -2.0186563
34752 -2.351995
34853 -2.6259046
34953 -2.8064282
35054 -3.0151956
35154 -3.1566997
35254 -3.2580519
35355 -3.1895082
35454 -2.590898
35554 -1.7262692
35655 -0.8751364
35755 -0.07470274
35855 0.54116154
35955 1.2325373
36056 1.6930914
36156 2.3756952
36256 2.937501
36356 3.378728
36455 3.6323452
36556 3.8119898
36657 3.8792734
36757 3.8769398
36857 3.72828
36939 3.4220371
37039 2.8656936
37139 2.2000823
37239 1.5754304
37339 0.96493006
37439 0.24099016
37541 -0.23311472
37642 -0.97889566
37742 -1.535783
37842 -2.0478752
37942 -2.4979792
38042 -2.7904878
38142 -3.0750015
38242 -3.3168244
38342 -3.537777
38443 -3.6923487
38543 -3.7961326
38643 -3.8061905
38743 -3.481619
38843 -2.6517231
38943 -1.9386556
39043 -1.292897
39144 -0.6924157
39244 -0.03939438
39344 0.55943155
39444 1.1987734
39544 1.7631049
39644 2.4526124
39745 2.9739332
39845 3.2752228
39945 3.488143
40045 3.5864267
40145 3.6296682
40245 3.6318407
40346 3.563013
40446 3.3638535
40546 2.9826179
40646 2.5386496
40746 2.015512
40847 1.514514
40947 0.87811995
41047 0.17306423
41147 -0.32183218
41247 -0.8987379
41348 -1.3529377
41448 -1.8068044
41548 -2.2414749
41648 -2.6015213
41748 -2.962542
41849 -3.2634792
41948 -3.4808137
42049 -3.606698
42366 -3.3006823
42465 -2.4831545
42567 -1.6126938
42667 -0.89807653
42766 -0.23238659
42867 0.33832788
42966 0.807827
43067 1.245183
43168 1.5354767
43268 1.8397317
43367 2.1617332
43468 2.4827642
43568 2.8168068
43667 3.0231028
43768 3.122654
43869 3.1679468
43968 3.202526
44069 3.198038
44169 2.9256945
44269 2.5280557
44369 2.0177603
44470 1.5356393
44570 0.80359364
44670 0.084985256
44770 -0.49338818
44870 -1.1258049
44970 -1.6900508
45070 -2.2450144
45171 -2.5781214
45271 -2.8664067
45370 -3.1647835
45471 -3.38567
45570 -3.4589746
45671 -3.4821537
45771 -3.4888635
45872 -3.392602
45972 -2.8092704
46073 -2.0450978
46172 -1.3486419
46273 -0.7344527
46372 -0.11522961
46472 0.45556307
46573 1.1278124
46673 1.6239257
46773 2.06252
46873 2.6015763
46974 3.0418272
47074 3.3590736
47173 3.5422497
47274 3.6102657
47374 3.6127262
47474 3.5699825
47574 3.3295622
47675 2.7624826
47757 2.2589784
48092 0.30149746
48193 -0.39801598
48293 -1.0505466
48392 -1.638129
48493 -2.1247115
48593 -2.588145
48693 -2.886168
48794 -3.13095
48893 -3.3025472
48993 -3.455157
49094 -3.607982
49194 -3.6808631
49294 -3.7040343
49395 -3.6201346
49494 -3.040932
49595 -2.180964
49695 -1.4434357
49794 -0.75415134
49895 -0.03930998
49995 0.5836439
50096 1.0986128
50196 1.5341234
50295 2.0032945
50396 2.4571395
50496 2.8324227
50596 3.144493
50697 3.3428555
50796 3.438838
50896 3.4805765
50997 3.4866276
51097 3.4306955
51197 3.0722675
51298 2.4040346
51397 1.7439942
51498 1.0318642
51598 0.22549629
51698 -0.3794279
51799 -0.9000187
51899 -1.4700382
51999 -1.987412
52099 -2.4014304
52198 -2.7164397
52299 -2.9539576
52400 -3.1748948
52499 -3.383886
52600 -3.5349033
52699 -3.6245909
52800 -3.6630557
52900 -3.6755207
53000 -3.5285525
53100 -2.874804
53418 -0.6030741
53518 0.023145676
53618 0.47381926
53718 0.9887719
53819 1.4989762
53918 2.2073603
54018 2.7201853
54119 3.072754
54219 3.3298836
54319 3.4745245
54420 3.5493221
54520 3.5777683
54620 3.58259
54719 3.4951782
54820 2.9867325
54920 2.3097014
55020 1.6359396
55120 0.95171165
55221 0.23158741
55320 -0.3949442
55421 -0.9534826
55521 -1.590908
55622 -2.1141067
55722 -2.6270669
55822 -2.9552598
55922 -3.2942226
56022 -3.5791647
56123 -3.8251839
56222 -3.9511921
56323 -3.9763236
56422 -3.907589
56523 -3.545711
56623 -2.6122632
56723 -1.8107653
56823 -0.9706869
56924 -0.21795464
57023 0.49739408
57124 1.1988468
57223 1.6617355
57324 2.2806487
57424 2.7994843
57524 3.3111467
57624 3.623108
57707 3.8015118
57807 3.8727093
57907 3.8848515
58007 3.8154697
58107 3.528346
58207 2.8650846
58309 2.155684
58410 1.4555755
58510 0.7195864
58610 -0.13776112
58710 -0.8598933
58810 -1.5176167
58910 -2.0665011
59010 -2.4114974
59111 -2.7174897
59211 -2.9269547
59311 -3.1174238
59411 -3.2550664
59511 -3.382277
59611 -3.4645338
59712 -3.496405
59812 -3.4689565
59912 -3.120269
60012 -2.4077866
60112 -1.8043952
60212 -1.0530453
60312 -0.47376347
60412 0.17129278
60513 0.7409997
60613 1.3671103
60713 1.8720689
60813 2.3985147
60913 2.805303
61013 3.086484
61114 3.3295784
61214 3.5291471
61314 3.6950474
61414 3.7701778
61514 3.783039
61614 3.717494
61715 3.4468212
61815 2.7483406
61915 1.9048638
62015 1.0658803
62116 0.17025709
62215 -0.57500505
62315 -1.200655
62416 -1.7635734
62517 -2.238216
62616 -2.7431836
62717 -3.1072593
62816 -3.382316
62917 -3.5948477
63017 -3.701137
63117 -3.7569723
63218 -3.7751236
63318 -3.6818306
63418 -3.271627
63518 -2.553996
63618 -1.8687301
63717 -1.1386688
63818 -0.54887867
63919 0.07003164
64018 0.64425564
64119 1.1666918
64219 1.7262602
64319 2.2905493
64420 2.7255821
64520 3.0862274
64619 3.4775753
64719 3.8081617
64820 4.056054
64920 4.131613
65021 4.140909
65121 4.0729074
65221 3.7404966
65321 3.04599
65421 2.293891
65521 1.5761962
65621 1.0212083
65721 0.19698238
65821 -0.37097836
65921 -0.9596081
66022 -1.5813556
66123 -2.1283696
66223 -2.6542435
66323 -3.0267465
66422 -3.3224034
66522 -3.52445
66623 -3.6558523
66723 -3.7033966
66824 -3.7067196
66924 -3.5645623
67024 -3.0962052
67124 -2.3949437
67224 -1.7537162
67324 -1.0251861
67424 -0.41040373
67525 0.24451447
67624 0.91995144
67707 1.4724617
67807 2.1908746
67907 2.680935
68007 3.0766907
68107 3.2980661
68207 3.5199966
68309 3.6436062
68410 3.6849184
68510 3.644084
68610 3.4116735
68710 2.742446
68810 2.0674553
68910 1.4321642
69010 0.87290287
69111 0.10151529
69211 -0.44049072
69311 -1.1606212
69411 -1.8542094
69511 -2.6270423
69611 -3.1672957
69711 -3.5447202
69812 -3.7177517
69912 -3.7566297
70012 -3.7355187
70112 -3.469649
70212 -2.649344
70312 -1.8469615
70412 -1.1121514
70513 -0.44130802
70613 0.10080576
70713 0.7189107
70813 1.3995123
70913 2.21306
71013 2.8326507
71114 3.30869
71214 3.5429955
71314 3.7355223
71414 3.8560057
71514 3.936307
71615 3.9714518
71714 3.9234676
71815 3.512621
71915 2.8418112
72015 2.1038346
72115 1.5608773
72216 1.0001397
72315 0.31336164
72417 -0.23668814
72516 -0.7834563
72616 -1.349477
72716 -1.8474505
72816 -2.211601
72917 -2.6700466
73017 -3.0263562
73117 -3.3687856
73217 -3.6246388
73318 -3.8079386
73418 -3.8654468
73518 -3.738524
73618 -3.1445377
73718 -2.284555
73818 -1.3544991
73919 -0.54431725
74019 0.21317005
74119 0.9034972
74219 1.6543365
74319 2.2712464
74419 2.8860717
74519 3.4436207
74619 3.8485947
74719 4.1506977
74820 4.377778
74920 4.4698267
