36 2.178071
136 2.9804459
236 3.3420334
336 3.239069
437 2.6710386
537 0.8802433
637 -0.5577593
737 -1.9066741
837 -2.715208
938 -2.7357547
1038 -2.7107491
1138 -2.2514074
1238 -1.2262528
1338 0.39304638
1439 1.4201674
1538 2.0409865
1639 2.581689
1738 2.5816855
1839 2.0886698
1939 1.0386491
2039 -0.5093026
2139 -1.8714595
2239 -2.6423295
2340 -2.965733
2440 -2.8058772
2523 -2.5744455
2623 -1.9370573
2723 -0.43909693
2822 0.81366205
2923 1.880568
3023 2.6830902
3123 2.9247704
3224 2.560842
3324 1.9808455
3425 0.76010036
3525 -0.5400839
3625 -1.6836841
3725 -2.3888614
3825 -2.6729732
3925 -2.628378
4242 0.40162277
4343 1.4217391
4443 2.2388544
4543 2.8057365
4643 2.838511
4743 2.7796378
4843 2.2967367
4944 0.5592842
5044 -0.47783566
5144 -1.6820126
5244 -2.2249894
5344 -2.367934
5444 -2.1872296
5545 -1.7051005
5644 -0.72985554
5745 0.5334301
5845 1.5794268
5945 2.083457
6046 2.5351744
6145 2.5687318
6479 -0.54511166
6580 -1.7117486
6680 -2.3890882
6780 -2.5825014
6880 -2.4859557
6981 -1.9703441
7080 -1.0563393
7181 0.30821085
7280 1.1750021
7364 1.8940339
7464 2.6150765
7564 2.7356048
7915 -0.4473405
7998 -1.7377422
8098 -2.6104302
8198 -2.8908386
8298 -2.786615
8398 -2.339298
8499 -1.2231903
8599 -0.058861732
8700 0.99701214
8800 1.8576927
8900 2.573516
9000 2.7083197
9100 2.703753
9200 2.1383142
9300 0.71625996
9401 -0.5332589
9501 -1.558208
9601 -2.4220805
9701 -2.5725217
9801 -2.4379554
9901 -1.7463448
10002 -0.44218445
10102 0.5122905
10202 1.4977531
10302 2.2759728
10402 2.668148
10502 2.6788101
10602 1.8895807
10703 0.5427718
10803 -0.71988964
10903 -2.127144
11003 -3.0269372
11103 -3.1561618
11203 -2.6775336
11304 -1.7237325
11404 -0.23048592
11504 0.8301945
11604 1.9964042
11704 2.9426832
11804 3.0656986
11904 2.6213684
12005 1.3801885
12105 0.004945278
12205 -1.1558108
12305 -2.2274103
12405 -2.6855156
12506 -2.7679577
12605 -2.5446277
12706 -1.8647771
12806 -0.6074791
12906 0.3662629
13006 1.284153
13107 1.9685135
13207 2.5353446
13541 0.112568855
13641 -1.1990514
13741 -2.3879588
13840 -3.1087673
13941 -3.3684216
14041 -3.326558
14141 -2.7805285
14242 -1.5661728
14341 -0.028841019
14442 1.0084319
14542 1.8385925
14643 2.3316588
14743 2.4065185
14843 1.7151055
14943 0.6392336
15043 -0.5090718
15143 -1.7871017
15243 -2.5943608
15344 -2.8208194
15443 -2.7740278
15543 -2.407432
15644 -1.3119621
15744 -0.09605503
15844 0.95103025
15944 1.7760315
16044 2.5514693
16145 2.7369895
16245 2.6357718
16345 2.0262785
16445 1.0107508
16545 -0.509604
16645 -1.7008889
16745 -2.553236
16845 -2.666555
16946 -2.4270995
17029 -1.8030849
17129 -0.5400672
17228 0.49505234
17329 1.4517279
17429 2.2208061
17529 2.721364
17630 2.7231874
17730 2.0096536
17830 1.285089
17931 0.043907166
18031 -1.0163109
18131 -1.9923518
18231 -2.4125564
18565 -1.2490036
18648 -0.29421997
18748 0.64648724
18848 1.6093683
18948 2.4685998
19048 2.739376
19148 2.547464
19249 2.0891848
19349 0.88823557
19450 -0.38783026
19550 -1.4273391
19650 -2.1849356
19750 -2.442677
19850 -2.4128087
19950 -2.0048842
20051 -0.9155903
20151 0.29923916
20251 1.2648869
20602 2.1525793
20702 1.6308937
20802 0.45880795
20902 -0.68022585
21002 -1.695612
21103 -2.4978871
21203 -2.770537
21303 -2.7513096
21403 -2.2766602
21503 -1.2387695
21603 0.06948185
21704 1.0702229
21803 1.8655295
21904 2.7932806
22004 2.9138145
22104 2.2413354
22204 1.5230126
22304 0.25129986
22404 -0.78223705
22504 -1.8418326
22605 -2.2675948
22705 -2.2598855
22805 -1.8772781
22905 -0.7492528
23005 0.3339491
23106 1.2392745
23205 1.9076743
23306 2.7492523
23405 2.9140549
23506 2.7451334
23606 1.6796889
23706 0.30840778
23806 -0.7746539
23906 -1.8532679
24007 -2.6334262
24107 -2.7716763
24207 -2.6823773
24307 -2.0413733
24408 -1.0031273
24508 0.07694864
24608 1.0498524
24708 1.6744103
24808 2.5281663
24908 2.6860504
25008 2.6964302
25108 1.7817054
25209 0.35603952
25292 -0.67009735
25392 -2.0834012
25492 -2.9468703
25592 -3.0755513
25692 -2.8350487
25792 -2.08425
25892 -0.98276997
25993 0.2435565
26093 1.3762717
26194 2.158867
26294 2.6848106
26394 2.7685394
26494 2.589572
26594 1.245882
26694 0.0123586655
26795 -1.2082887
26895 -2.1431632
26995 -2.5643756
27095 -2.585311
27195 -2.3197854
27295 -1.7381961
27396 -0.62149954
27495 0.50914
27595 1.6531525
27696 2.4950309
27796 3.1358566
27896 3.2875862
27996 2.7779937
28096 1.5546427
28197 0.099541664
28297 -1.120271
28397 -2.005727
28497 -2.4253888
28597 -2.4247031
28697 -1.9899862
28798 -0.99482584
29115 1.8325262
29214 2.70083
29316 2.8599114
29415 2.7989411
29515 2.010057
29616 0.70626736
29715 -0.48803043
29816 -1.4956226
29916 -2.2852352
30016 -2.5412884
30116 -2.4694486
30216 -1.9050252
30317 -0.67370605
30416 0.654017
30517 1.4081092
30618 2.1182175
30717 2.4800377
30817 2.5583038
30918 2.109099
31018 0.8411102
31118 -0.4885502
31218 -1.6626973
31319 -2.2665544
31418 -2.5861573
31518 -2.4494944
31619 -2.0812867
31719 -0.7172251
31819 0.58038235
31919 1.5524416
32019 2.1780424
32119 2.7696762
32220 2.3821678
32320 1.4018455
32420 -0.12179661
32520 -1.4937942
32620 -2.608036
32720 -3.0295026
32821 -2.9345174
32920 -2.349434
33021 -1.1401963
33121 0.07694006
33221 1.294097
33321 2.3906999
33421 3.353468
33522 3.4844913
33622 3.3356228
33722 2.2376776
33822 1.2212868
33922 -0.58210087
34023 -1.9290185
34340 -2.542582
34440 -1.9654241
34540 -0.4504137
34640 0.50417805
34740 1.7447252
34840 2.8105087
34940 3.2841368
35041 3.3827515
35141 2.7925558
35241 1.5920982
35341 0.14721966
35442 -1.3961117
35541 -2.4063694
35641 -2.5567966
35742 -2.539434
35842 -2.1235592
35942 -0.93997335
36042 0.73050404
36142 1.7469301
36243 2.9063401
36343 3.7232018
36443 3.879753
36543 3.755331
36643 3.0790234
36743 1.9577546
36843 0.65110874
36944 -1.1081982
37044 -2.1396728
37144 -2.3709142
37244 -2.4783294
37344 -2.2766395
37444 -1.6916909
37545 -0.48458433
37644 0.82847404
37745 1.9055328
37845 2.9680815
37945 3.4917479
38045 3.538416
38146 2.9551506
38246 0.0
38346 0.46523762
38446 -1.164721
38547 -2.0636706
38647 -2.4594402
38746 -2.4199178
38847 -1.8718026
38930 -1.0208886
39030 0.47633362
39130 1.3433776
39230 2.0053673
39330 2.600914
39430 2.910904
39530 2.508648
39631 1.9483795
39731 0.57392025
39831 -1.028894
39932 -2.2238085
40032 -2.6447458
40133 -2.630806
40232 -2.4384942
40332 -1.709703
40432 -0.6490469
40533 0.9051943
40633 1.6467514
40733 1.9414153
40833 2.811943
40933 2.7213426
41033 2.0501175
41133 0.84358835
41234 -0.51299286
41334 -1.7392819
41434 -2.4899478
41534 -2.6156893
41634 -2.4726996
41734 -2.0688615
41835 -0.86068964
41934 0.4851799
42035 1.3817763
42135 1.9588141
42235 2.998806
42335 3.2791967
42436 2.938758
42536 1.8902016
42636 0.6640825
42736 -1.0784798
42836 -2.2328303
42936 -2.4801672
43037 -2.5227108
43136 -2.328372
43237 -1.4657722
43337 -0.31934977
43437 0.7479563
43537 1.345521
43637 2.041532
43738 2.460579
43838 2.5376344
43938 1.9684968
44038 0.40054417
44138 -1.3727784
44238 -2.7754822
44339 -3.281221
44439 -3.400393
44539 -2.9900208
44639 -1.9558797
44973 2.0304475
45073 2.801557
45173 2.9873161
45274 2.9267516
45374 2.0932808
45473 1.1250677
45574 0.041064262
45674 -1.5559323
45774 -2.1001482
45874 -2.2270372
45974 -1.9219971
46075 -1.0944035
46408 2.5701637
46508 3.4593267
46609 3.654502
46709 3.393424
46809 2.3913207
46909 1.1426659
47010 -0.2988181
47110 -1.4940407
47209 -2.2874038
47310 -2.5807326
47410 -2.4875498
47511 -1.8445768
47610 -0.5401716
47710 0.5745306
47810 1.6317778
47911 2.1083412
48011 2.8257914
48111 2.5241609
48211 1.5586448
48311 0.12079716
48412 -0.8897486
48511 -2.02838
48612 -2.5592718
48712 -2.5303094
48812 -1.8835866
48912 -0.5675535
49012 0.53328276
49113 1.7291517
49213 2.8093543
49313 3.0395527
49413 2.8285284
49513 1.7329359
49614 0.41080666
49714 -0.89392424
49814 -1.9890037
49914 -2.5825
50014 -2.6406646
50115 -2.3431163
50215 -1.5670133
50315 -0.13438416
50415 1.0712919
50515 1.7842965
50615 2.5660772
50715 2.7028556
50815 2.2211008
50915 1.434298
51016 0.008476257
51116 -1.3322308
51216 -2.5794654
51633 -1.7438617
51733 -0.24150085
51833 0.7758999
51934 1.8264875
52034 2.5787454
52134 2.7749357
52234 2.3299851
52334 1.3798599
52434 -0.081982136
52535 -1.4184952
52635 -2.513843
52735 -2.590856
52835 -2.470076
52936 -2.0119646
53036 -0.7784238
53136 0.48820066
53469 3.5019445
53569 3.3256779
53669 3.3216467
53770 2.8794756
53870 0.9613123
53970 -0.3620491
54070 -1.9103353
54170 -2.7566943
54271 -2.9703546
54371 -2.7840543
54471 -2.2152324
54571 -1.0560176
54671 0.3816762
54771 1.4567847
54872 2.049581
54972 2.9563828
55072 3.1121235
55172 2.558854
55272 1.0318027
55373 -0.47969484
55473 -1.8128681
55573 -2.6114044
55673 -2.7687232
55773 -2.5915332
55873 -2.0289955
55973 -0.93897915
56073 0.44241714
56174 1.2516985
56274 1.9191313
56374 2.453856
56474 2.661147
56574 2.168376
56674 1.0409379
56774 -0.6988015
56857 -1.6995893
56958 -2.62433
57058 -2.887814
57158 -2.8063204
57258 -2.0869863
57358 -0.8797598
57458 0.5435457
57559 1.5302062
57659 2.286457
57760 2.8322463
57860 2.8416076
57960 2.2388678
58060 0.67380047
58160 -0.39767408
58260 -2.095603
58360 -2.9162567
58460 -2.9741735
58561 -2.6851614
58661 -1.8957295
58761 -0.6561799
58861 0.5189333
58961 1.58533
59062 2.4408112
59162 2.8750467
59262 2.661172
59362 1.8343925
59462 -0.11088085
59562 -1.9800563
59663 -3.1411223
59762 -3.6104534
59863 -3.486698
59963 -2.9693851
60063 -1.9428313
60164 -0.51060915
60264 0.7574148
60364 1.8093314
60464 2.7730207
60564 3.0881338
60664 3.0437918
60764 2.2745156
60864 0.96924114
60964 -0.41856623
61065 -1.9134336
61381 -2.733796
61482 -1.8683624
61582 -0.46698856
61682 0.38677502
61783 1.8499022
61882 2.6794906
61983 3.1464233
62083 2.9946127
62183 1.8427696
62283 0.3061347
62383 -1.2441335
62483 -2.5291848
62583 -2.8962896
62684 -2.6829295
62784 -2.2511592
62884 -1.3844619
62985 0.017440319
63084 1.0504465
63184 2.1045456
63285 3.154541
63385 3.3779163
63485 3.1067486
63585 1.8443727
63685 0.14721012
63786 -1.4417877
63886 -2.6416593
63986 -3.078558
64086 -2.876008
64187 -2.2439952
64287 -0.93635464
64386 0.3984785
64487 1.5657568
64587 2.827559
64687 3.7271938
64787 3.913866
64887 3.3951921
64988 2.2836676
65088 0.8000827
65188 -0.9300647
65288 -2.0750983
65388 -2.3587852
65488 -2.2870011
65588 -1.7171066
65689 -0.24737263
65789 0.838192
65889 1.843215
65989 2.695643
66089 3.2343044
66189 3.2379246
66290 2.5508947
66390 1.3666606
66490 -0.36798573
66589 -2.0429409
66690 -2.8154333
66790 -3.0539045
66890 -2.6363802
66990 -1.7429149
67091 -0.46066904
67191 0.60322475
67291 2.0188384
67391 2.9573746
67492 3.4765415
67592 3.4369392
67691 2.4598632
67792 0.81739426
67892 -1.0062091
67992 -2.4756658
68092 -2.9818864
68192 -3.013054
68292 -2.668731
68393 -1.6888523
68493 -0.23787975
68593 1.0768518
68693 2.4951262
68794 3.2104225
68894 3.3019142
68994 2.917222
69095 1.4641829
69194 -0.06641102
69294 -1.634824
69394 -2.727611
69494 -3.05001
69595 -3.061354
69694 -2.3091443
69795 -1.309813
69895 0.3674178
69995 1.4969454
70096 2.4637132
70196 3.3363647
70279 3.6233034
70379 3.5711298
70478 2.4133177
70579 0.7789993
70678 -1.0174987
70779 -2.454192
70879 -2.911185
70980 -2.9868624
71080 -2.5628657
71181 -1.993794
71281 -0.34587002
71381 0.5850401
71481 2.0580163
71581 2.9352236
71681 3.1911755
71781 3.086525
71881 2.0088272
72599 -1.6240265
72699 -0.09828997
72799 1.325757
72900 2.5853257
73000 3.7730665
73100 4.180772
73200 4.1515875
73301 3.6918736
73400 2.338253
73501 0.3831091
73601 -1.5406451
73701 -2.7234874
73801 -3.3325992
73901 -3.323495
74001 -2.6877556
74352 1.6511383
74452 2.6225142
74552 2.9269395
74653 2.7785406
74753 2.0326142
74853 0.85232544
74953 -0.34850597
