97 2.4266267
196 2.3921595
296 1.9127617
396 0.9639106
496 -0.467566
597 -1.9229312
697 -2.7326035
797 -2.975005
897 -2.742563
997 -2.0998366
1098 -0.8790145
1198 0.81837034
1297 1.8289132
1399 2.3282251
1499 2.3982635
1598 1.9518104
1698 0.9510579
1798 -0.60656357
1899 -1.9239509
1999 -2.5611868
2099 -2.635794
2200 -2.3192406
2300 -1.5915551
2400 -0.2363863
2500 0.86600494
2600 1.9260879
2700 2.4237108
2801 2.5946684
2901 2.5839477
3001 2.1706376
3101 0.64070463
3202 -0.84762764
3301 -2.081709
3401 -2.7749987
3503 -3.234926
3602 -3.3053565
3702 -2.8125446
3801 -2.201879
3902 -0.62694025
4003 0.90330315
4102 2.1629157
4203 3.019269
4302 3.3189392
4403 3.2895794
4503 2.814846
4604 1.7511353
4704 0.31917334
4804 -1.1991589
4903 -2.3686357
5003 -2.9568024
5104 -3.1697347
5205 -2.824386
5305 -2.3060942
5405 -1.2301593
5504 0.22082233
5605 1.4506745
5705 2.261622
5805 2.917685
5906 2.9667025
6006 2.8117003
6106 2.0878806
6206 0.73927546
6305 -0.70818424
6406 -1.7651107
6507 -2.2896454
6607 -2.3937807
6707 -2.2718806
6807 -1.8864758
6907 -1.1838081
7007 -0.017826557
7108 1.002141
7208 1.7286925
7307 2.2538137
7407 2.5441651
7507 2.539153
7608 2.201819
7709 0.7699461
7808 -0.8521738
7908 -2.0431666
8009 -2.694719
8108 -2.7985005
8209 -2.717384
8308 -2.4631557
8409 -1.6246352
8509 -0.31108093
8610 1.0391784
8709 2.0503454
8810 2.736104
8910 2.9986467
9010 2.9328094
9111 2.543479
9210 1.8804312
9311 0.8798895
9410 -0.30080223
9511 -1.6488655
9611 -2.423943
9694 -2.6079698
9794 -2.6647143
9894 -2.5400722
9994 -1.8715298
10094 -0.4778843
10194 0.67845106
10295 1.6633072
10395 2.2522202
10496 2.485457
10596 2.4899864
10696 2.2324195
10796 1.4655838
10896 0.29781103
10996 -1.0503039
11096 -2.1098828
11197 -2.5827308
11297 -2.7021127
11397 -2.6243856
11497 -2.2596965
11597 -1.3680177
11697 -0.29442883
11798 0.73555183
11897 1.5715241
11999 2.1888213
12098 2.574772
12199 2.7274308
12299 2.679699
12398 2.205452
12498 1.2228646
12599 0.026677132
12700 -1.2071788
12799 -2.0503933
12899 -2.570227
12999 -2.7654295
13100 -2.6820621
13200 -2.3977501
13300 -1.5773437
13401 -0.10131836
13501 1.1250043
13600 2.1580415
13700 2.85888
13801 3.0086136
13901 2.964244
14001 2.5483994
14101 1.5777192
14202 0.16428089
14301 -1.1663756
14402 -2.239858
14502 -2.8202481
14602 -3.1485002
14703 -2.721836
14803 -2.2841423
14902 -1.1354747
15003 0.19331264
15103 1.3925924
15203 2.1350236
15304 2.5446386
15404 2.66332
15503 2.3966475
15604 1.6420708
15704 0.607851
15804 -0.38440037
15904 -1.5769336
16004 -2.4629102
16104 -2.98123
16205 -3.0331018
16304 -2.925138
16406 -2.5999644
16505 -2.2946756
16606 -1.5468261
16706 -0.30963945
16806 0.87675
16905 1.9679084
17006 2.6040664
17107 2.7084494
17207 2.479589
17306 1.9055328
17406 1.0494719
17507 0.0166502
17607 -1.1642177
17706 -2.1981156
17807 -2.848924
17908 -3.2577715
18008 -3.4732368
18108 -3.5785656
18208 -3.3692229
18308 -2.8918185
18408 -1.5825565
18509 -0.13927126
18608 1.2055087
18708 2.2696915
18808 3.08255
18909 3.3628588
19009 3.3674889
19109 3.2644615
19210 2.7588396
19310 2.1729593
19410 1.1334195
19510 -0.018255234
19611 -1.2591846
19711 -2.4412408
19811 -3.36979
19910 -3.6599267
20011 -3.9071248
20111 -3.8144698
20211 -3.2463365
20312 -2.6243052
20412 -1.3281326
20494 -0.15920448
20594 0.8699918
20694 1.8436761
20794 2.7048287
20894 3.2537632
20994 3.5191326
21095 3.5741444
21195 3.1879978
21295 2.624269
21413 1.7037482
21496 0.7604737
21596 -0.2856741
21696 -1.4450493
21797 -2.32783
21897 -3.0302823
21997 -3.253375
22097 -3.3154364
22198 -3.3189905
22297 -3.1942215
22397 -2.5550976
22498 -1.5895362
22598 -0.4508829
22699 0.42802715
22799 1.1688666
22899 1.8377814
22999 2.6133757
23099 3.0534077
23199 3.224391
23300 3.2268248
23399 3.0093498
23500 2.0506907
23599 1.0862088
23699 -0.06962967
23799 -1.5337143
23900 -2.5547535
24000 -3.3594763
24101 -3.6639736
24200 -3.8606224
24300 -3.899346
24401 -3.760695
24501 -3.107445
24602 -2.2288024
24702 -1.0030684
24802 0.27072906
24901 1.37399
25002 2.3500738
25102 3.0770893
25202 3.4112253
25303 3.6161795
25403 3.614748
25503 3.3650436
25602 2.779584
25703 2.0011725
25804 1.228826
25903 0.11892319
26003 -0.9744563
26104 -1.810842
26204 -2.2818115
26304 -2.5387893
26404 -2.6058042
26504 -2.6225896
26605 -2.5572762
26705 -2.3129532
26805 -1.618676
26904 -0.39515066
27005 0.36639977
27105 1.6334863
27205 2.4993448
27305 3.1714287
27405 3.657833
27506 3.8687344
27605 3.8622494
27706 3.555112
27807 2.8860016
27907 1.9628305
28007 0.69574785
28106 -0.40139294
28206 -1.5354831
28307 -2.3293786
28407 -2.7075427
28507 -2.9359765
28607 -2.883585
28708 -2.8022375
28807 -2.6256175
28909 -2.217687
29008 -1.4419179
29108 -0.32633305
29209 0.4787054
29308 1.407968
29408 2.2600465
29509 2.7824068
29609 3.0757542
29709 3.1818428
29809 3.1868267
29909 3.118516
30009 2.8746896
30110 2.422184
30209 1.5562272
30310 0.31697893
30410 -0.8566346
30511 -1.7372367
30610 -2.4149287
30710 -2.777104
30811 -3.0914502
30912 -3.1699526
30994 -3.1912408
31094 -3.1923072
31194 -3.0728478
31294 -2.2539325
31394 -0.7506747
31494 0.3613577
31594 1.2890863
31695 1.9816575
31796 2.5714426
31896 2.7432275
31996 2.8330612
32096 2.8365073
32196 2.7147799
32296 2.1015205
32397 1.1116896
32496 -0.09078884
32597 -1.3416753
32697 -2.2165732
32797 -2.7070363
32897 -3.1301563
32997 -3.2391963
33097 -3.2720623
33197 -3.2672958
33298 -3.1897283
33398 -2.8581562
33498 -1.9237494
33598 -0.45548773
33698 0.48376608
33798 1.3597727
33899 2.0519943
33999 2.5828528
34099 2.9171996
34200 2.7600951
34299 2.5519142
34399 2.2753615
34500 1.7630486
34600 0.8192878
34700 0.042212963
34800 -0.8820791
34901 -1.7037129
35001 -2.3182664
35101 -2.7716238
35201 -3.2181468
35301 -3.4347594
35401 -3.4625196
35501 -3.3326302
35601 -2.9163861
35702 -2.2275755
35803 -1.2093749
35902 -0.18679523
36002 0.8969612
36103 1.7442923
36203 2.4215307
36302 2.8276887
36403 2.8532457
36503 2.7803893
36603 2.4405088
36703 1.7801604
36803 1.360013
36904 0.368989
37004 -0.90640545
37104 -1.8849528
37205 -2.549377
37305 -3.1437309
37404 -3.3894708
37505 -3.5394537
37604 -3.5619974
37705 -3.4862723
37805 -3.1247997
37905 -2.3268042
38006 -0.8228407
38105 0.2894616
38206 1.2477684
38305 1.9554911
38406 2.464119
38506 2.689251
38606 2.6238456
38707 2.5934968
38807 2.4190927
38907 1.6873803
39007 0.6331029
39107 -0.39199162
39207 -1.6024525
39308 -2.400368
39407 -2.8558238
39508 -3.182631
39608 -3.3301063
39708 -3.323625
39808 -3.063443
39909 -2.3104842
40008 -0.8719816
40109 0.140172
40209 1.0970001
40309 1.7283745
40409 2.2755828
40509 2.63758
40609 2.7477083
40709 2.5847244
40809 2.2640738
40909 2.0625648
41010 1.9747934
41110 0.4013381
41211 -0.9147234
41310 -2.1311512
41410 -2.744499
41511 -3.2056384
41611 -3.3341365
41694 -3.3235524
41794 -3.1898081
41894 -2.9382806
41994 -2.472336
42094 -1.3006625
42194 -0.16282415
42295 0.66648245
42395 1.4629946
42495 2.0343819
42596 2.5224137
42696 2.7827225
42796 2.7966986
42896 2.7562385
42996 2.5152793
43096 1.8309798
43196 0.8684206
43297 -0.044143677
43397 -1.2688994
43497 -2.2492716
43597 -2.8581357
43697 -3.2056913
43797 -3.3361921
43898 -3.3475955
43998 -3.274197
44098 -3.0549245
44198 -2.710338
44298 -1.4890671
44399 -0.35224724
44498 0.68638706
44599 1.7651939
44699 2.6546884
44799 2.975103
44899 3.094984
44999 2.9438553
45100 2.4503546
45200 1.7847238
45300 1.0507636
45400 0.0827961
45500 -0.9586029
45601 -2.0543523
45700 -2.7279916
45801 -3.071282
45901 -3.1929102
46001 -3.1973925
46101 -3.0740526
46201 -2.5089772
46301 -1.2039139
46401 0.14312744
46502 1.3405643
46602 2.4493256
46703 3.406351
46803 3.9271612
46902 4.087446
47003 4.0708876
47103 3.8703423
47203 3.4464025
47303 2.4625635
47404 1.1886835
47503 -0.090317726
47604 -1.5516193
47704 -2.4567885
47804 -2.8738234
47904 -2.9722152
48005 -2.7287583
48104 -2.292451
48204 -1.3003922
48305 -0.11014795
48405 1.0300698
48505 2.1613898
48605 3.038165
48705 3.3919668
48805 3.4672718
48905 3.3348618
49006 2.6826997
49106 1.6322274
49206 0.4365816
49306 -0.7092562
49407 -2.0909088
49507 -2.657201
49607 -3.1133766
49707 -3.1773248
49807 -2.9365995
49907 -2.4506505
50008 -1.2907772
50107 0.06340265
50208 1.2979021
50308 2.2187834
50408 2.7956185
50509 2.9616966
50609 2.9611053
50708 2.6234932
50809 1.7922225
50909 0.57332134
51009 -0.78239965
51109 -2.1353855
51209 -2.9059699
51309 -3.1791432
51410 -3.240357
51510 -2.8968148
51610 -1.9751036
51710 -0.83845997
51810 0.36703396
51911 1.7017708
52011 2.6914587
52111 3.1200504
52211 2.793818
52294 2.0802622
52394 1.165618
52494 0.019695759
52594 -1.2655334
52694 -2.375876
52794 -2.9511135
52895 -3.2251592
52995 -2.9540179
53095 -2.3275228
53195 -1.2994587
53296 0.17317533
53396 1.2724514
53496 2.1345892
53596 2.733214
53696 3.0658617
53796 3.060175
53897 2.5170531
53997 1.6156616
54097 0.5632286
54197 -0.7740922
54298 -2.1573625
54397 -2.986589
54498 -3.3651657
54598 -3.2831655
54698 -2.8791077
54798 -2.0242267
54898 -0.5756831
54999 0.8170233
55099 2.0402021
55198 2.967607
55299 3.4012604
55399 3.2055702
55500 2.2326188
55599 1.1202741
55700 -0.090415
55800 -1.7515056
55900 -2.8872733
56000 -3.3067312
56100 -3.5876126
56201 -3.412862
56301 -3.0881386
56401 -2.239154
56501 -0.82047653
56601 0.7628927
56701 2.0292692
56801 2.9883666
56901 3.3360882
57002 3.272192
57102 2.5445013
57203 1.6358862
57303 0.70350885
57402 -0.7288604
57503 -2.3711648
57603 -3.2674885
57703 -3.099435
57803 -3.511716
57903 -3.3615448
58004 -1.7625885
58104 -0.14458132
58203 1.6084719
58304 2.6482644
58404 3.3840752
58504 3.7223358
58604 3.4129658
58705 2.5151772
58805 1.2558303
58904 -0.1572671
59005 -1.5182755
59105 -2.9006362
59205 -3.298844
59305 -3.3582635
59405 -3.184979
59506 -2.3320034
59606 -0.9635992
59706 0.5004873
59806 1.7622328
59906 2.7159514
60007 3.2302961
60106 3.2991695
60206 3.0857697
60306 2.123271
60407 1.1514611
60507 -0.23071766
60607 -1.8136783
60708 -2.879806
60808 -3.3161702
60908 -3.3704462
61008 -3.1092763
61108 -2.1247277
61208 -0.43899727
61308 1.0206199
61408 2.0684953
61508 3.0369015
61609 3.4129925
61709 3.4111252
61809 2.7601562
61909 1.5054255
62009 -0.30779123
62110 -1.9105821
62210 -2.9367886
62311 -3.491498
62410 -3.6297128
62510 -3.4801347
62610 -2.4126763
62710 -0.6291442
62811 1.0230498
62911 2.2255964
62994 2.9157157
63094 2.975051
63194 2.380629
63294 1.5548363
63394 0.38635874
63494 -0.9734092
63595 -2.271879
63695 -3.0781784
63795 -3.5622082
63896 -3.502505
63996 -3.109411
64096 -1.9102025
64196 -0.022715569
64296 1.4016204
64396 2.6327844
64496 3.3919878
64597 3.5984926
64697 3.254757
64797 2.5861115
64897 1.5787096
64997 0.13174915
65098 -1.5343995
65197 -2.7873385
65298 -3.3792691
65398 -3.60573
65498 -3.4531143
65598 -3.0630758
65698 -1.9383266
65798 -0.17846727
65898 1.518012
66000 3.0537539
66100 3.6456394
66200 3.868431
66299 3.7782135
66399 3.0136614
66500 1.7755876
66600 0.21716833
66700 -1.41997
66800 -2.7109375
66900 -3.4880404
67000 -3.7641563
67101 -3.6902354
67201 -3.198311
67301 -1.8482537
67401 -0.15370989
67502 1.311657
67601 2.1876578
67702 2.9843154
67802 3.1443062
67902 2.788793
68002 1.9494705
68103 0.71824265
68203 -0.786356
68303 -2.2899961
68403 -3.200666
68503 -3.5065663
68603 -3.3688385
68704 -2.4770033
68803 -0.9561777
68904 0.6228328
69004 1.9639268
69104 2.987442
69204 3.6487436
69304 3.750023
69404 3.3358364
69505 2.1834822
69605 0.98838997
69704 -0.48900414
69805 -1.9569354
69905 -2.9023814
70005 -3.4095564
70105 -3.4461937
70205 -3.1774602
70306 -2.2754278
70406 -0.9587717
70506 0.4182167
70606 1.7941527
70706 3.0206203
70806 3.2966757
70907 3.2811146
71007 2.528029
71107 1.467958
71207 -0.09951019
71307 -1.4776058
71407 -2.5174909
71507 -2.9041314
71608 -2.8584304
71707 -2.5702057
71808 -1.8741641
71908 -0.41939116
72009 1.1409726
72108 2.5608826
72208 3.467414
72309 3.917779
72409 3.8227901
72509 3.1315947
72609 1.9145508
72709 0.52636385
72809 -1.0735786
72910 -2.319739
73010 -2.9031131
73110 -3.0361543
73210 -2.7786472
73310 -1.9331763
73410 -0.91739273
73511 0.8897357
73611 2.2298331
73694 3.3272638
73794 3.9278126
73894 4.038103
73994 3.615141
74094 2.5975294
74194 1.2770348
74295 -0.31872463
74395 -2.0499825
74496 -3.1523361
74596 -3.6243012
74696 -3.7150602
74796 -3.4461186
74896 -2.9083085
74996 -1.7505283
