41 3.2322187
142 2.8888445
243 2.2204056
341 1.3409867
425 0.8614178
525 -0.29206324
625 -1.2686055
725 -2.0804935
825 -2.7104917
928 -3.0700483
1028 -3.1653438
1128 -3.0884562
1228 -2.5882506
1328 -1.320097
1428 -0.095671654
1527 1.038971
1628 1.815927
1728 2.5522904
1827 3.1467752
1927 3.547349
2028 3.6185198
2128 3.2404509
2230 1.9915757
2330 0.49603367
2431 -0.5244875
2531 -1.4572778
2631 -2.0677233
2728 -2.6305835
2829 -2.984538
2930 -3.0879269
3030 -2.7765253
3129 -2.237062
3230 -1.3023982
3329 0.018959045
3430 0.9920621
3530 1.7851982
3630 2.4422631
3733 2.9097953
3831 3.3818998
3930 3.382842
4033 2.5040312
4131 1.2542567
4233 0.4800806
4333 -0.6917391
4434 -1.5959365
4534 -2.448027
4633 -2.9141772
4734 -3.0650277
4832 -2.9860024
4933 -2.5895336
5034 -1.9792523
5134 -1.1615047
5232 -0.11789131
5334 1.2186007
5433 2.1540947
5535 3.1340313
5634 3.7689552
5735 4.3716335
5836 4.4370375
5934 3.7924366
6034 2.3945684
6136 1.2364597
6236 0.1554904
6336 -0.87334394
6437 -1.8704696
6537 -2.609349
6635 -3.2271461
6737 -3.5341012
6836 -3.3114343
6937 -4.1772704
7036 -3.975428
7138 -2.5998292
7237 -1.4842925
7337 -0.5898442
7438 0.29429865
7538 0.6412835
7637 1.07131
7738 2.7619681
7838 3.0645466
7937 3.0977564
8038 2.7497797
8138 1.6807318
8238 0.7512932
8338 -0.057118893
8439 -0.722528
8540 -1.1821537
8640 -1.6772213
8739 -1.9689469
8839 -2.1463234
8939 -2.1497102
9040 -2.0227687
9140 -1.8738806
9241 -1.4529157
9340 -0.6980462
9440 0.23413658
9541 0.78473425
9640 1.2833414
9742 2.0943084
9843 3.0749512
9943 3.271968
10041 3.3950558
10142 3.2474413
10243 2.845459
10343 1.2950559
10443 0.14263916
10525 -0.48774433
10626 -1.2919445
10725 -1.9249444
10828 -2.412207
10928 -3.217056
11028 -3.5990915
11128 -3.3431046
11228 -2.8141127
11328 -2.2367446
11427 -0.8690052
11528 0.25771046
11627 1.4236732
11727 2.0806518
11827 2.8127174
11927 2.678115
12027 3.026103
12127 3.0130577
12228 2.5871782
12330 1.875598
12430 1.0244899
12530 -0.113372326
12630 -1.0364838
12730 -1.6482558
12828 -2.3956404
12929 -3.075707
13029 -3.7552319
13129 -3.543311
13229 -2.6858478
13330 -1.7049026
13429 -0.91503334
13530 -0.013037205
13631 0.8353281
13730 1.5862069
13830 2.408475
13930 3.2498474
14033 3.5031452
14130 4.08
14233 4.076746
14333 3.6113243
14432 2.2009225
14533 0.7312002
14632 -0.468894
14733 -1.4606967
14834 -2.2809644
14932 -2.8958108
15033 -3.387498
15134 -3.5985086
15233 -3.2592456
15335 -2.6946988
15435 -1.7992749
15534 -0.6710596
15635 0.48985815
15734 1.5274363
15835 2.1781387
15935 2.7097435
16034 2.769474
16136 1.583888
16234 -0.09680843
16334 -1.381839
16435 -1.9523027
16535 -1.5371819
16635 -0.599844
16737 0.54798603
16837 1.575326
16938 2.6187792
17035 3.0704327
17136 3.633212
17236 3.8029804
17337 3.9646893
17439 3.9546814
17538 3.7805119
17637 1.8070145
17738 0.14308739
17838 -1.269027
17937 -2.4196482
18037 -3.1347125
18139 -3.4078805
18238 -3.3661637
18338 -3.508363
18438 -3.4785466
18539 -1.7044106
18639 -0.15253782
18741 0.8045578
18840 1.536541
18939 2.0578995
19039 2.5937285
19139 2.943357
19239 2.939663
19341 2.706376
19441 1.6190557
19540 0.32501936
19640 -1.2293441
19741 -2.4880161
19841 -3.4042995
19940 -4.024205
20041 -4.4079213
20142 -4.5923905
20241 -4.4777026
20341 -4.0762315
20425 -3.5064166
20525 -2.1861484
20625 -0.9276657
20725 0.17849684
20825 1.3561296
20928 2.4438844
21028 3.056898
21129 3.526412
21228 3.5911465
21328 3.469552
21428 2.6399345
21528 1.2312856
21628 0.05677557
21727 -1.3206286
21827 -2.3361762
21927 -3.0027487
22027 -3.6300263
22128 -4.136776
22228 -4.4150887
22331 -4.127533
22428 -3.9497414
22528 -3.2781067
22629 -2.062758
22728 -0.9054365
22831 0.15445614
22931 1.303031
23030 2.0416765
23132 2.7359252
23231 3.143365
23331 3.5070019
23430 3.5338573
23531 3.1749897
23631 2.5391493
23732 1.2427473
23831 0.16503143
23931 -0.808774
24031 -1.7819562
24132 -2.5051613
24231 -2.95159
24332 -3.2885938
24432 -3.3556118
24532 -3.2134407
24632 -2.8026142
24732 -2.0308485
24832 -1.0734372
24932 -0.2866435
25034 0.8533478
25132 1.5042863
25233 1.9497733
25333 2.319487
25435 2.7847471
25534 2.9820914
25634 2.9348516
25735 2.4807281
25834 1.3806753
25934 0.12732697
26034 -1.0966942
26135 -1.9187589
26235 -2.5169463
26335 -2.9226623
26436 -3.2458405
26536 -3.3435116
26637 -3.3183584
26736 -3.1752706
26835 -2.6876254
26936 -1.7789192
27037 -0.958529
27137 -0.13748217
27237 0.7973628
27336 1.4250879
27437 2.0618691
27537 2.6765928
27637 3.099453
27737 3.2517262
27840 3.1042547
27938 2.8208528
28037 2.2195358
28138 1.1156793
28238 0.100324154
28338 -0.8666334
28439 -1.9030845
28538 -2.5233388
28639 -2.9051204
28739 -3.1006742
28839 -3.1799333
28941 -3.1484182
29040 -2.9958599
29140 -2.5465505
29240 -1.5213368
29340 -0.44812393
29440 0.6997824
29541 1.3614855
29641 1.7858992
29741 2.2771578
29842 2.8185587
29941 2.9356894
30041 2.968381
30141 2.9249587
30241 2.599968
30342 1.6696815
30442 0.19277477
30525 -0.68183994
30626 -1.5484664
30725 -2.176405
30828 -2.7473712
30928 -2.9605684
31025 -2.9971588
31128 -2.9886413
31229 -2.9636638
31328 -2.8474782
31429 -2.0705743
31528 -0.8191662
31629 0.3016324
31727 1.2338309
31827 1.9652224
31928 2.5891695
32027 3.0659084
32128 3.2742405
32228 3.3293247
32328 3.2175837
32429 3.0389013
32529 2.1897383
32631 0.98790693
32731 -0.14416742
32829 -1.0689492
32931 -1.8984275
33031 -2.529872
33131 -2.9530256
33230 -3.2074468
33331 -3.3256478
33431 -3.3185923
33531 -3.194762
33630 -2.6591015
33730 -1.5764573
33832 -0.50243235
33932 0.5155039
34032 1.2892103
34131 1.977694
34232 2.5483637
34331 2.777236
34432 2.828074
34533 2.4521012
34632 2.0680175
34734 1.5309014
34834 0.2564559
34933 -1.0255897
35033 -2.0765367
35132 -2.8658013
35233 -3.332903
35334 -3.5050924
35435 -3.5183566
35533 -3.470995
35635 -3.400704
35734 -3.2017863
35834 -2.411554
35935 -1.2704761
36036 -0.67953396
36136 0.23582554
36236 1.1388841
36335 1.7819161
36435 2.4297805
36536 2.9082375
36636 3.3042336
36737 3.534934
36837 3.324257
36935 2.9261503
37036 2.2648468
37136 0.8466625
37237 -0.24893188
37337 -0.9605875
37438 -1.5693588
37539 -2.0895507
37637 -2.1626525
37738 -2.031692
37838 -1.5931258
37938 -0.7046943
38038 0.3115101
38138 1.1035643
38238 1.6951852
38339 2.1927843
38438 2.633071
38538 3.1857653
38640 3.6157951
38740 3.618455
38841 3.1972923
38939 2.740808
39039 1.2372332
39139 0.022288322
39240 -0.97988415
39340 -1.775217
39441 -2.4699016
39540 -2.790319
39641 -2.8448672
39741 -2.8512814
39840 -2.8360066
39942 -2.6729708
40043 -2.095838
40142 -1.2156963
40241 -0.35430145
40325 0.554801
40425 1.3070273
40525 1.9528465
40625 2.6470118
40725 3.0614977
40826 3.0951176
40928 2.7641234
41028 2.5328856
41129 1.9982224
41228 0.851182
41328 0.08288622
41428 -0.8669977
41527 -1.5288441
41629 -1.9913123
41727 -2.4036186
41827 -2.7372177
41928 -2.8465943
42027 -2.778191
42128 -2.6162426
42231 -2.162012
42329 -1.2253258
42428 -0.12738514
42531 0.9581213
42631 1.7047477
42728 2.4460282
42830 2.963996
42930 3.3689127
43030 3.1597462
43130 2.713408
43229 2.2315087
43330 1.3131046
43430 -0.25715017
43530 -1.1824982
43631 -1.9577992
43731 -2.5217755
43830 -2.824387
43933 -2.893222
44033 -2.8833349
44133 -2.7828176
44234 -2.557028
44331 -2.0601935
44434 -1.1485448
44533 -0.246243
44633 0.7174759
44732 1.4412141
44833 2.049718
44933 2.6258316
45034 3.1749096
45134 3.6132307
45233 3.6663036
45333 3.4947176
45434 2.3876734
45535 1.2146101
45634 0.4199052
45736 -0.3774538
45834 -1.2012203
45936 -2.0670886
46035 -2.6246655
46136 -2.8453822
46235 -2.747072
46335 -2.4763901
46436 -2.054907
46535 -1.269448
46636 -0.417521
46736 0.5522857
46835 1.5407248
46937 2.4294786
47038 2.8398185
47137 2.8009462
47237 2.6531587
47337 2.3872886
47438 1.5814238
47537 0.2539301
47637 -0.53229713
47739 -1.6072757
47837 -2.3372438
47938 -2.7038836
48039 -2.7146204
48139 -2.6799436
48239 -2.5537848
48339 -2.1727118
48440 -1.2751088
48538 -0.4305811
48639 0.6998706
48739 1.4571977
48839 2.0142288
48939 2.0188293
49039 2.0807815
49139 2.100203
49240 1.939321
49341 1.382103
49441 0.3892274
49542 -0.91660595
49640 -1.8007028
49741 -2.7014232
49842 -3.1156414
49941 -3.1509461
50041 -3.0698829
50141 -2.8408456
50242 -2.5260208
50325 -1.8756034
50426 -0.8301873
50525 0.17394733
50625 1.126473
50725 2.0736136
50825 2.8978796
50928 3.0912933
51028 2.626017
51128 2.51658
51228 2.0484915
51328 0.7510123
51427 -0.50451183
51527 -1.4943645
51628 -2.2700582
51727 -2.73428
51827 -2.8392692
51930 -2.8110385
52030 -2.4822574
52127 -2.0262513
52230 -1.4247658
52331 -0.35289288
52428 0.77341795
52531 1.5965905
52631 2.392405
52730 2.9347138
52830 2.998932
52930 2.6542444
53030 2.2669725
53130 1.2273512
53229 0.085222244
53330 -0.9385643
53430 -1.6908696
53530 -2.2912354
53630 -2.6781464
53730 -2.7982514
53830 -2.712894
53932 -2.4838462
54033 -1.8926167
54132 -0.95114374
54233 0.0397501
54332 1.1213799
54432 1.951468
54533 2.571538
54633 2.7770743
54732 2.7985697
54832 2.7329788
54932 2.3716288
55032 1.2486343
55135 0.036985397
55234 -1.138176
55334 -2.0905313
55435 -2.7691128
55534 -2.9187083
55635 -2.847418
55734 -2.656364
55834 -2.0548174
55936 -1.1280148
56034 -0.11281872
56135 1.109386
56236 2.2393026
56334 3.1877298
56436 3.780239
56537 3.8382359
56636 3.5548344
56737 2.974904
56838 2.028441
56937 0.66356945
57036 -0.47886086
57137 -1.3349121
57236 -1.9477468
57337 -2.3937945
57437 -2.5567589
57538 -2.5336328
57637 -2.357372
57739 -1.6724286
57837 -0.7502837
57938 0.23482227
58038 1.4337716
58139 2.2448983
58239 2.841096
58338 3.4904356
58439 3.5059376
58538 3.1984873
58640 2.9574523
58741 2.6001968
58840 1.0682893
58941 -0.24813175
59041 -1.3132548
59140 -2.1854935
59240 -2.7699125
59340 -3.0716267
59440 -3.0711756
59541 -2.8198109
59640 -2.1456962
59740 -1.1239505
59841 -0.10553694
59943 1.2189455
60042 2.187992
60142 2.947381
60242 3.3026524
60342 3.3779554
60425 3.2895155
60525 2.982161
60625 2.0055451
60725 0.71855116
60828 -0.5200672
60928 -1.4758728
61028 -2.1969323
61128 -2.62829
61228 -2.7118297
61328 -2.6146042
61427 -2.4403589
61527 -1.9249549
61627 -0.823802
61728 0.20654058
61827 1.3593531
61927 1.9383111
62031 2.5294228
62131 2.6437278
62231 2.545587
62331 2.278862
62431 1.8176718
62531 0.50949955
62631 -0.77981234
62729 -1.6639779
62829 -2.3068397
62929 -2.8025908
63030 -3.0618386
63129 -3.0562394
63229 -2.8777401
63330 -1.9072671
63430 -0.8385105
63533 0.1519804
63633 1.163291
63732 1.782155
63833 2.3455873
63932 2.5561576
64031 2.5721183
64132 2.4841604
64231 2.2230463
64332 1.5945711
64432 0.23348713
64531 -1.0784638
64632 -2.119203
64734 -2.9147935
64834 -3.278809
64932 -3.3166502
65033 -3.155315
65133 -2.534286
65233 -1.2975171
65334 -0.153409
65433 1.0870953
65534 2.0291696
65636 2.6245966
65734 2.7726073
65834 2.6653442
65935 2.2041574
66036 1.2440386
66135 0.074789524
66237 -1.4244099
66336 -2.3435388
66436 -2.8511453
66536 -3.3502574
66635 -3.464621
66735 -3.3757956
66836 -2.9132602
66936 -1.9295158
67038 -0.7556057
67138 0.39725924
67237 1.210824
67338 1.8982315
67437 2.2586699
67538 2.2781782
67638 2.006434
67737 1.16045
67837 0.04818201
67938 -1.1310475
68038 -2.093456
68140 -2.9033856
68238 -3.363375
68340 -3.6675532
68440 -3.7348297
68539 -3.5900788
68639 -3.2299862
68740 -1.8018515
68840 -0.5395894
68940 0.77374697
69039 1.8077536
69139 2.6681113
69240 2.857531
69340 2.5500135
69442 2.1756454
69542 1.3746996
69642 0.18792439
69741 -0.92373943
69841 -2.0181692
69943 -2.7596774
70041 -2.8727002
70143 -2.8086965
70241 -2.711245
70325 -2.6219773
70425 -2.1083767
70525 -1.1030762
70625 -0.24366093
70728 0.89113855
70828 1.6756754
70928 2.3990502
71028 2.5998611
71128 2.4080749
71228 2.1338434
71328 1.611731
71427 0.46166515
71744 -2.5406713
71845 -3.2473629
71945 -3.3732293
72045 -3.31774
72147 -3.1873078
72246 -2.6461363
72346 -1.620261
72446 -0.3593135
72546 0.90770006
72645 1.9370675
72745 2.641036
72846 3.0377407
72946 3.0705767
73047 2.9101954
73146 2.807747
73248 2.6457953
73347 1.9148483
73447 1.262763
73547 0.5841794
73647 -0.56125593
73748 -1.2674217
73848 -2.102574
73948 -2.3632462
74048 -2.4444425
74148 -2.4873786
74248 -2.519176
74348 -1.9854867
74450 -0.78596735
74549 0.6097245
74649 1.6766534
74750 2.6992707
74849 3.4878635
74949 3.900261
