28 -0.42744255
128 0.5726824
228 1.5541182
328 2.3042898
428 2.6402102
528 2.7107606
629 2.6665487
729 2.4725442
829 1.8882484
928 1.157628
1029 0.18115139
1130 -0.87058544
1229 -1.7129757
1330 -2.3846107
1412 -2.8687654
1512 -3.278989
1612 -3.529962
1712 -3.5302
1812 -3.2944486
1912 -2.7868097
2014 -1.6932168
2114 -0.6240225
2215 0.47609043
2315 1.5438719
2415 2.3836608
2515 3.05824
2615 3.3077288
2715 3.3190393
2816 3.1846418
2916 2.9461875
3016 2.5822577
3116 1.8638139
3216 0.7938323
3316 -0.15408993
3416 -1.1686199
3517 -1.9764736
3617 -2.6506732
3717 -3.0712008
3817 -3.3024242
3917 -3.3221858
4017 -3.2555022
4118 -2.9582508
4218 -2.2818365
4318 -1.4336541
4418 -0.7175317
4518 0.16817093
4618 0.97508335
4718 1.9087563
4818 2.6784906
4919 3.2244759
5019 3.342884
5119 3.3357582
5219 3.1354542
5319 2.6908875
5420 1.9337845
5520 1.2221603
5620 0.41718054
5720 -0.3151121
5820 -1.0473866
6154 -2.846294
6254 -3.089667
6672 -1.825428
6772 -0.84721375
6872 0.010478497
6972 0.86822987
7072 1.5341377
7172 2.066564
7273 2.5146194
7373 2.7992363
7473 3.0795736
7574 3.2552738
7673 3.2740908
7774 2.9544106
7874 1.8761749
7973 0.889287
8074 -0.15245867
8175 -1.050745
8274 -1.7596221
8375 -2.4165518
8474 -2.8742185
8574 -3.1840491
8675 -3.372641
8775 -3.4099512
8875 -3.273747
8976 -2.615267
9076 -1.7776508
9176 -0.8347101
9276 0.028932571
9376 0.78359175
9477 1.856996
9577 2.4283514
9677 2.9568114
9777 3.0642872
9877 3.1234426
9978 3.058343
10078 2.8674026
10178 2.503718
10278 1.6645088
10378 0.9247365
10478 0.2084322
10578 -0.825881
10678 -1.5212445
10778 -2.379228
10879 -2.9304233
10978 -3.3543046
11079 -3.5572796
11179 -3.8976302
11280 -3.76684
11380 -3.1863747
11480 -2.3612475
11580 -1.3842754
11681 -0.2831564
11781 0.5800886
11881 1.4594393
11981 2.2321672
12081 2.9714713
12181 3.3299932
12281 3.3924255
12381 3.2436466
12481 2.7301965
12582 1.8244028
12681 1.2045817
12782 0.07890606
12882 -0.8462038
12983 -1.7971122
13083 -2.400227
13182 -2.8852694
13265 -3.1063495
13616 -3.3607867
13717 -2.959108
14134 1.3640795
14234 2.2920008
14334 2.8896203
14435 3.164218
14535 3.2718678
14635 3.295617
14735 3.2740774
14835 3.0749636
14936 2.2964387
15036 1.3706832
15136 0.55040073
15236 -0.41800117
15336 -1.3000965
15436 -2.1830733
15537 -2.622707
15637 -3.1946096
15736 -3.5006533
15837 -3.571137
15938 -3.4345267
16038 -2.9141936
16137 -1.8890185
16238 -0.9068842
16338 0.15777493
16439 1.07302
16538 1.9532332
16639 2.5481262
16739 2.9998283
16839 3.1166697
16939 2.934227
17039 2.5760217
17140 1.7257462
17240 0.9322324
17340 0.1097846
17440 -0.86501884
17540 -1.7830596
17641 -2.462251
17741 -2.7715292
17841 -3.0998015
17940 -3.6521497
18041 -3.5975864
18141 -3.0947986
18242 -2.1216333
18341 -1.1543007
18442 -0.29851294
18541 0.5498972
18624 1.2777209
18724 2.0991912
18824 2.6647887
18924 2.8521385
19024 2.888978
19124 2.8730345
19226 2.5979624
19327 2.0373306
19427 1.062676
19527 0.10317469
19627 -0.8943982
19727 -1.8947995
19827 -2.778329
19927 -3.2498918
20028 -3.4120162
20128 -3.4020286
20228 -3.3351846
20328 -3.1490712
20428 -2.7268429
20528 -1.8578179
20628 -0.7039156
20729 0.47173738
20829 1.577292
20929 2.5028787
21029 2.7518044
21129 2.800706
21229 2.832284
21329 2.8279123
21430 2.6628618
21530 2.2177033
21630 1.3796
21730 0.63525486
21830 -0.36778736
21931 -1.1990132
22031 -1.9271486
22132 -2.404592
22231 -2.619145
22331 -2.8088403
22432 -2.8846169
22531 -2.924513
22631 -2.8982465
22733 -2.430495
22832 -1.4856415
22932 -0.4334216
23033 0.5549221
23132 1.262845
23232 1.9964094
23333 2.454403
23434 2.689322
23533 2.877121
23633 2.9650016
23734 2.9812822
23834 2.894868
23934 2.1970344
24035 1.323184
24135 0.6643305
24235 0.007975578
24335 -0.8001528
24435 -1.5264709
24535 -2.1429305
24635 -2.4898858
24736 -2.760605
24835 -2.828209
24936 -2.8120124
25036 -2.523074
25136 -1.7101269
25236 -0.5678921
25336 0.2892418
25437 1.1110234
25537 1.7498598
25637 2.325263
25737 2.5940905
25837 2.8900633
25938 2.9944077
26037 2.9719558
26138 2.657271
26238 1.934423
26338 1.0598135
26439 0.28609514
26538 -0.57973003
26638 -1.3706241
26738 -2.03959
26838 -2.386198
26939 -2.5845428
27040 -2.7224956
27140 -2.6987612
27240 -2.4979925
27340 -2.1460073
27439 -1.4467213
27540 -0.5416174
27641 0.3983264
27741 1.2405267
27841 1.9285331
27940 2.5630178
28041 2.94383
28141 3.0669117
28241 3.0725002
28342 2.988936
28442 2.6490998
28524 1.9758835
28624 1.1585355
28724 0.4253068
28824 -0.47910643
28924 -1.3397987
29024 -2.0629115
29126 -2.4423747
29226 -2.7598665
29327 -2.8976908
29427 -2.9208941
29527 -2.8137543
29627 -2.5864182
29727 -2.0820115
29827 -1.4396064
29927 -0.6466837
30027 0.08522558
30128 0.8668375
30228 1.5229874
30328 2.1053886
30428 2.4290543
30528 2.5540962
30628 2.5634127
30729 2.5126686
30829 2.3277102
30929 1.9171348
31029 1.1850824
31129 0.43123913
31229 -0.4035082
31330 -1.1712811
31430 -1.928848
31530 -2.5403533
31631 -2.8733654
31731 -2.9826872
31830 -2.9788811
32165 -1.6033561
33082 3.0760832
33182 3.1072397
33282 3.119958
33383 3.1254177
33484 3.0134869
33583 2.4517508
33683 1.643506
33784 0.81467915
33866 0.04412937
33966 -0.68663883
34066 -1.3081856
34166 -1.8745968
34267 -2.1986568
34368 -2.4469435
34469 -2.585303
34569 -2.5922852
34669 -2.4388509
34769 -1.9738078
34869 -1.1589222
34969 -0.36603594
35069 0.46999598
35169 1.2001462
35270 1.9003768
35370 2.2757215
35470 2.5900588
35570 2.7009974
35670 2.7221885
35770 2.6773796
35870 2.462203
35971 1.8453674
36071 1.0156736
36171 0.16565228
36271 -0.62826204
36371 -1.5029106
36471 -2.2054353
36572 -2.8312063
36672 -3.1918705
36772 -3.3001077
36872 -3.2740898
36972 -3.1695638
37072 -2.8533912
37173 -2.3655944
37273 -1.4954934
37373 -0.6669688
37473 0.2024436
37573 0.9761653
37674 1.774395
37990 2.7878098
38091 2.7804756
38192 2.641127
38292 2.4371467
38392 1.9044967
38492 1.1960835
38592 0.45730495
38692 -0.3964877
38793 -1.3500481
38893 -2.1939719
38992 -2.649797
39093 -2.921252
39193 -3.0309978
39293 -3.0724957
39393 -2.98918
39494 -2.5461795
39593 -1.8498776
39694 -0.92623854
39793 -0.0821352
39894 0.85335064
39994 1.8212066
40094 2.469924
40195 2.8543267
40294 2.932189
40395 2.949913
40495 2.920864
40595 2.8191805
40695 2.442813
40795 1.4105959
40895 0.64040947
40978 -0.22568798
41078 -1.193919
41178 -2.0633507
41278 -2.5888958
41378 -2.8182962
41480 -2.9199665
41580 -2.9187307
41680 -2.7917237
41781 -2.3952372
41881 -1.6948082
41981 -0.8709326
42081 -0.15563345
42181 0.67263937
42282 1.4098616
42382 2.2182226
42482 2.716864
42582 2.946103
42682 2.9985251
42782 2.9633064
42882 2.7385888
42983 2.2634645
43083 1.4562135
43183 0.56703854
43283 -0.4039669
43383 -1.3639045
43483 -2.2369275
43583 -2.7432694
43684 -3.0428557
43784 -3.1240172
43884 -3.0898867
43984 -2.982684
44084 -2.708308
44185 -2.133738
44284 -1.1166034
44385 -0.08279705
44485 0.8115263
44585 1.8636689
44685 2.7104163
44786 3.146061
44886 3.2255564
45202 2.8089476
45303 2.3431053
45403 1.5951424
45504 0.78380775
45604 -0.1007781
45704 -1.1162789
45804 -1.922883
45904 -2.4513545
46004 -2.805397
46104 -2.9341717
46204 -2.9771233
46305 -2.9378378
46405 -2.8229136
46505 -2.497646
46605 -1.693407
46705 -0.8276706
46806 0.040195465
46905 0.9510832
47006 1.9414635
47106 2.6015968
47206 2.9795961
47307 3.075492
47407 3.066059
47506 2.9011726
47607 2.602481
47708 1.8689079
47808 1.0265203
47908 -0.071157455
48007 -1.1655757
48108 -2.1908844
48208 -2.9209826
48308 -3.146676
48408 -3.2876751
48509 -3.3025036
48609 -3.2300768
48708 -3.0436006
49043 -0.4097166
49125 0.18066597
49225 0.94358015
49325 1.8189139
49426 2.426815
49525 2.7427278
49625 2.8894491
49727 2.9371414
49828 2.8912973
49928 2.780661
50028 2.4285164
50128 1.6662421
50228 0.49200535
50328 -0.46642733
50428 -1.5672104
50529 -2.3649168
50629 -2.7391987
50729 -2.9625325
50829 -2.984031
50929 -2.9685998
51029 -2.872253
51129 -2.4073997
51230 -1.4307156
51330 -0.17795992
51430 0.8166003
51530 1.7683916
51631 2.4974518
51730 2.7468743
51830 2.91531
51931 2.9557776
52031 2.9510322
52131 2.879335
52231 2.6466055
52331 2.1902404
52431 0.894763
52532 -0.194911
52632 -1.3321049
52732 -2.2142427
52832 -2.7967954
52932 -3.239905
53033 -3.4086494
53132 -3.4392328
53234 -3.3747327
53333 -3.2719722
53434 -2.7869697
53534 -1.975477
53634 -0.9531002
53733 0.35259247
53834 1.2307653
53934 1.9900103
54035 2.418622
54134 2.6924906
54235 2.686572
54335 2.6532211
54435 2.5801535
54535 2.4231787
54636 1.6873655
54735 0.8094835
54836 0.07340956
54936 -0.82067585
55036 -2.0476146
55136 -2.843241
55237 -3.527887
55336 -3.501704
55436 -3.4232368
55536 -3.0332441
55637 -2.6936698
55738 -2.0106628
55837 -1.2372162
55938 -0.3288331
56037 0.61467695
56138 1.515657
56238 2.3936563
56338 2.8713355
56439 3.1393223
56538 3.269721
56639 3.2423363
56956 2.477755
57056 2.0016108
57156 1.3040404
57256 0.26602316
57356 -0.6849675
57456 -1.4898362
57557 -2.0918465
57657 -2.395186
57757 -2.426461
57857 -2.4193845
57958 -2.4238622
58057 -2.4200196
58475 -0.06963253
58575 0.6984167
58675 1.4893446
58776 2.139608
58859 2.4716043
58958 2.7802782
59058 3.0323534
59158 3.1795502
59258 3.232069
59358 3.1912727
59459 2.499072
59559 1.5670533
59661 0.67577267
59761 -0.28521967
59861 -1.1143212
60228 -2.953784
60310 -3.032968
60410 -3.049069
60510 -2.9963331
60610 -2.5777733
60710 -1.6673782
60813 -0.6040516
60913 0.41924
61013 1.3204403
61113 2.134346
61213 2.498374
61313 2.6419601
61414 2.7140741
61514 2.7460914
61614 2.753728
61714 2.5915704
61814 1.8040695
61914 1.1106977
62015 0.14904499
62115 -0.77760315
62215 -1.677877
62315 -2.297004
62415 -2.6305406
62515 -2.8089025
62615 -2.9168098
62715 -3.0072944
62816 -2.9505029
62916 -2.5262733
63016 -1.7337062
63116 -0.85143375
63216 -0.014441013
63316 1.0156779
63416 1.9164453
63516 2.4815054
63617 2.719152
63951 2.7947874
64051 2.8245955
64152 2.8301826
64252 2.6211672
64352 1.5448608
64452 0.65205574
64552 -0.36397648
64652 -1.1483872
64753 -2.0289261
64852 -2.9193597
64953 -3.3782687
65052 -3.4461155
65153 -3.318995
65253 -2.983911
65353 -2.678938
65453 -2.0731554
65554 -1.2103229
65654 -0.53251076
65737 0.5373311
65836 1.6104751
65936 2.5072708
66036 3.0097628
66136 2.5831604
66236 2.6907754
66338 2.7677383
66439 2.9055696
66539 2.943221
66639 2.0539236
66739 2.0694556
66839 0.91099644
66939 -0.066640854
67040 -0.9661565
67140 -1.6826165
67240 -2.2830977
67340 -2.6762204
67440 -2.8783753
67540 -2.9644997
67640 -3.122025
67741 -3.1488805
67841 -2.8330522
67941 -1.9592133
68041 -0.97305155
68141 -0.12853432
68241 0.86592436
68341 1.6586165
68442 2.3295298
68542 2.7333512
68642 2.9842844
68742 3.1847553
68843 3.7456732
68942 3.5280895
69042 3.0068817
69143 2.391903
69243 1.5702944
69343 0.5353346
69443 -0.22778845
69544 -1.1573944
69643 -1.8634496
69743 -2.499777
69844 -3.0789752
69944 -3.179213
70044 -3.2102451
70144 -3.1822317
70244 -2.9276974
70344 -2.2021394
70445 -1.0991783
70545 -0.16923952
70645 0.8277893
70745 1.6674814
70846 2.443503
70946 2.9266977
71046 3.1189365
71146 3.1881046
71246 3.1585026
71347 2.974742
71446 2.457736
71547 1.7432771
71648 1.0258532
71747 0.08622837
71848 -0.9274416
71948 -1.7849789
72048 -2.5626993
72148 -2.9415612
72249 -3.488798
72349 -3.49257
72449 -3.3281643
72549 -2.840633
72648 -2.3352897
72749 -1.7130885
72849 -0.8126197
72950 -0.0881176
73050 0.7967367
73150 1.626504
73249 2.1675863
73350 2.9532037
73450 3.3816366
74669 -2.7569861
74769 -2.8176618
74869 -2.9080873
74970 -2.9677863
