9 -1.066297
109 -3.003562
208 -3.707721
309 -3.5834813
409 -1.3996873
510 1.0325198
610 2.6042624
710 3.1005993
810 3.0310917
911 1.3460398
1010 -0.93292093
1111 -2.783284
1211 -3.5574176
1311 -3.2104433
1412 -1.3120644
1513 1.0264473
1613 2.6975226
1713 3.190979
1812 2.6724472
1913 0.6473341
2014 -1.4331322
2114 -2.9570835
2214 -3.1004314
2314 -1.4507301
2414 0.70381594
2515 2.6954713
2615 3.4665613
2716 3.2578526
2815 2.28514
2916 0.4630046
3017 -1.5591846
3117 -2.9373422
3217 -3.313258
3317 -2.1620052
3418 0.34045935
3518 2.606443
3618 3.2556086
3719 3.072257
3819 1.6678443
3919 -0.7017956
4019 -2.7893674
4103 -3.688502
4202 -3.9546409
4303 -1.9458809
4404 0.2836542
4504 1.7707672
4604 2.6244211
4704 2.745832
4804 1.9009848
4904 0.15801096
5005 -1.5475662
5105 -2.3880372
5206 -2.180326
5306 -0.47594452
5406 1.4743185
5507 2.88666
5606 3.1045237
5707 2.3505936
5808 0.3730383
5907 -1.8817744
6008 -3.7539463
6108 -3.9272766
6209 -1.6129451
6309 0.72282124
6409 2.776052
6509 3.5660791
6610 3.2232838
6709 1.264267
6810 -0.8901243
6909 -3.129575
7010 -4.3657794
7111 -3.345788
7211 -2.1791666
7311 0.56086254
7411 2.2905655
7511 2.76893
7611 2.1865997
7712 0.80870914
7812 -0.7937627
7913 -2.343174
8013 -2.6776352
8112 -1.3323944
8214 0.65726566
8314 2.3224983
8415 3.16292
8514 2.987773
8615 1.5993223
8715 -0.40141964
8815 -1.9586694
8915 -2.767467
9016 -2.0761309
9116 -0.26970005
9216 1.6867585
9317 2.7869124
9417 2.9951005
9517 1.927836
9617 -0.50169945
9718 -2.3144739
9817 -2.9525828
9918 -2.22403
10019 -0.5450282
10119 1.4925852
10219 2.7051458
10302 2.8836641
10402 2.0752554
10503 0.4263425
10604 -1.467205
10704 -2.6589723
10804 -3.1484282
10904 -2.9526937
11004 -1.050127
11105 1.3011508
11205 2.5728521
11304 2.6409492
11406 1.133956
11506 -0.7747421
11606 -2.4025562
11706 -3.4385748
11807 -3.290635
11906 -1.8062425
12006 0.21112013
12108 2.1992826
12208 3.1349354
12308 2.700235
12408 1.1055975
12508 -0.6077299
12609 -2.1242485
12709 -2.78108
12809 -2.421719
12910 -0.8439522
13010 1.100913
13110 2.634799
13210 3.0820847
13310 2.1233902
13411 0.26287317
13511 -1.3710015
13612 -2.4989426
13712 -2.74879
13811 -1.6658547
13913 0.13667202
14013 2.039064
14112 2.763597
14213 2.644404
14314 1.614255
14414 -0.15309381
14513 -1.8110042
14614 -2.6121497
14715 -2.7487729
14815 -1.8482797
14915 0.088728905
15015 1.9056182
15116 2.6998186
15215 2.6242952
15316 1.4280672
15416 -0.17331219
15517 -1.4929931
15617 -2.1980958
15717 -1.9333913
15818 -0.70972586
15918 0.83354425
16017 2.09192
16118 2.5481734
16218 2.7563696
16318 2.8780107
16419 2.8801422
16502 2.5526304
16619 1.5557413
16703 0.6144557
16802 -0.34552383
16904 -1.1119385
17003 -1.8402247
17104 -2.3978782
17205 -2.7402945
17305 -2.3999982
17405 -1.3366134
17504 -0.118263245
17605 1.0149555
17705 1.6526694
17805 2.050209
17906 2.1591315
18006 2.0891962
18107 1.8048768
18206 1.2898912
18306 0.17482662
18408 -0.92931414
18508 -1.7014363
18607 -2.1169508
18708 -1.9034114
18808 -0.49220753
18909 1.251277
19009 2.2905092
19108 2.7506385
19209 2.9213905
19310 2.8809738
19410 2.5871673
19511 2.2132044
19610 1.5506868
19711 0.36617088
19811 -0.7084384
19912 -1.6799557
20012 -2.2656922
20111 -2.7301302
20213 -2.9926686
20312 -3.0198073
20413 -2.7570672
20513 -2.468028
20613 -2.0120234
20714 -0.45427608
20814 0.87500906
20914 1.85356
21015 2.432953
21115 2.7324457
21214 2.8547845
21315 2.9027
21415 2.934245
21516 2.9862657
21616 2.9518166
21717 2.6543016
21817 2.009112
21917 0.53240776
22017 -1.1784687
22118 -2.3500073
22218 -2.9813192
22318 -3.269256
22418 -3.1535153
22518 -2.8935273
22618 -2.643676
22719 -1.9729896
22819 -0.93353033
22902 0.1768918
23002 1.339109
23103 2.1716056
23204 2.7150297
23304 3.0741625
23404 3.4258633
23504 3.462
23605 3.3940916
23705 3.1460018
23805 2.6583543
23922 1.4325104
24022 0.17477226
24140 -1.0801289
24240 -1.9702525
24357 -2.4681659
24457 -2.5885322
24557 -2.6459365
24657 -2.6742685
24758 -2.567324
24858 -1.795774
24991 0.1442995
25092 1.0881901
25192 2.0074053
25343 3.1310015
25443 3.3912907
25542 3.424448
25643 3.4180946
25743 3.3820791
25844 2.9839554
25977 1.9379168
26078 0.7370367
26179 -0.6768694
26312 -1.7916405
26412 -2.478244
26596 -2.990981
26695 -2.918676
26797 -2.7244544
26896 -2.5239978
26997 -2.0002599
27097 -0.49597216
27198 0.5948534
27298 1.575109
27398 2.3104858
27499 2.6720743
27598 3.0997849
27699 3.2387247
27799 3.3367434
27900 3.3421745
28000 3.138173
28100 2.7797074
28200 2.0169816
28300 1.0543947
28401 -0.05277729
28501 -1.2997448
28602 -2.0483031
28701 -2.522236
28802 -2.8131528
28902 -2.6952357
29003 -2.68836
29103 -2.6738138
29203 -2.6124823
29303 -1.8353405
29404 0.1319809
29504 1.3286805
29604 2.268588
29704 2.6376472
29804 2.9223452
29905 2.9693046
30005 2.9953585
30105 2.9993834
30206 2.9906244
30306 2.8240051
30406 2.5028715
30506 1.3055844
30606 -0.19515896
30706 -1.6104112
30807 -2.2793493
30908 -2.5473347
31008 -2.7656808
31108 -2.874844
31208 -2.8161483
31309 -2.5318375
31409 -1.7955749
31508 -0.47872925
31610 0.6816778
31709 1.6401725
31809 2.1614923
31910 2.4420547
32010 2.730044
32111 3.0480108
32210 3.39262
32312 3.5449085
32411 3.5156775
32512 3.4582615
32612 3.1847515
32713 2.242372
32812 0.87668896
32913 -0.47203588
32997 -1.5482368
33096 -2.3219047
33197 -2.565832
33298 -2.7411587
33398 -2.6963792
33498 -2.5451257
33598 -2.276861
33698 -1.4288254
33799 0.20342398
33899 1.1845441
33999 2.0270567
34100 2.6011057
34200 2.9318876
34300 3.0873175
34400 3.3421526
34501 3.4871597
34601 3.5144978
34700 3.4910908
34801 3.054081
34902 2.1298285
35002 1.0327816
35102 -0.34734535
35202 -1.4472451
35302 -2.254974
35402 -2.5454092
35503 -2.5810533
35603 -2.4042134
35704 -1.9148843
35804 -0.32338905
35904 0.7337346
36004 1.6147871
36104 2.0801783
36205 2.394567
36305 2.775753
36406 3.0952559
36505 3.327447
36606 3.3387327
36707 3.3476982
36807 2.9168959
36907 2.1585097
37007 1.5747299
37107 0.5792904
37208 -0.1950202
37308 -0.96852016
37408 -1.5892155
37508 -1.9849265
37609 -2.2695346
37709 -2.3542552
37809 -2.399223
37910 -2.4003615
38010 -2.3558414
38110 -1.8607585
38210 -0.10026646
38311 1.151474
38411 1.9928956
38511 2.6227174
38612 2.9101868
38712 3.140646
38811 3.2278566
38913 3.2323217
39013 3.145399
39113 2.7323914
39213 1.9273691
39313 0.8946686
39397 0.043744087
39497 -0.9819937
39598 -1.7937958
39698 -2.080646
39798 -2.4021924
39898 -2.610519
39998 -2.6451523
40099 -2.6281056
40198 -2.4017117
40300 -0.9436717
40399 0.63395214
40500 1.7266207
40600 2.453103
40700 2.8096123
40801 2.8964982
40901 2.9894881
41000 3.1303606
41101 3.1578188
41202 3.029131
41302 2.3260918
41402 0.9014468
41503 -0.38691616
41603 -1.3603654
41703 -1.9990795
41804 -2.5189252
41903 -2.7345772
42004 -2.7423701
42104 -2.5852144
42204 -1.774023
42304 -0.17500019
42404 1.0310311
42506 1.9652114
42605 2.5424986
42706 3.0268755
42807 3.4624577
42906 3.646906
43006 3.7512655
43107 3.7366314
43207 3.5667858
43308 2.6021643
43408 1.7010255
43508 0.5690336
43608 -0.40821266
43708 -1.4343746
43809 -2.0601437
43909 -2.3973343
44009 -2.7272768
44110 -2.7018924
44210 -2.337976
44310 -1.3468976
44411 0.05337
44510 0.8400464
44611 1.4788513
44710 2.0528197
44812 2.53621
44911 3.1120949
45012 3.530035
45112 3.7908
45213 4.0447407
45313 4.107194
45413 3.7864323
45496 3.158224
45597 1.6994872
45697 0.6971202
45798 -0.047266006
45898 -0.92884636
45998 -1.3909359
46098 -1.8404126
46198 -2.0629697
46299 -2.0651639
46399 -0.69139004
46499 1.2639117
46600 2.0668068
46700 1.7035203
46800 0.31886196
46900 -1.3945904
47001 -2.8411372
47100 -3.176906
47201 -2.1438813
47302 -0.2792883
47402 1.3928075
47502 2.5267959
47602 2.475676
47703 0.99747324
47803 -0.6505432
47903 -2.0963318
48003 -2.45448
48103 -1.956224
48204 -0.22921658
48304 1.6460218
48404 2.8529687
48504 2.5356584
48605 0.9635024
48705 -0.8570957
48805 -2.2225463
48906 -2.418282
49006 -1.8443027
49106 0.33547592
49207 2.1510468
49307 3.1057863
49407 2.4583464
49507 0.80550003
49607 -0.8555064
49707 -1.9264326
49808 -2.0723972
49909 -0.9268694
50008 0.9629321
50108 2.444468
50209 2.908927
50310 2.3698602
50410 0.52608156
50510 -1.3325458
50609 -2.6215613
50711 -3.0748284
50811 -2.3695045
50911 -0.24396896
51011 1.6119447
51112 2.6521516
51212 2.6892333
51312 1.6031814
51413 -0.122831345
51513 -1.5539937
51612 -2.3052983
51712 -2.3319535
51797 -1.6239085
51896 0.34676456
51997 2.1907005
52098 3.007759
52198 2.7045226
52298 1.4267173
52399 0.040532112
52499 -1.3610969
52599 -2.214007
52699 -2.329711
52800 -1.5719948
52900 0.44941425
53000 2.0191193
53100 2.6912131
53201 2.3515143
53301 1.0562639
53401 -0.45791674
53502 -1.7059517
53601 -2.205977
53702 -2.0187469
53802 -0.4263296
53902 1.4455748
54002 2.8725967
54103 3.3514643
54202 3.021204
54304 1.1645231
54404 -0.73793364
54504 -2.1394765
54604 -2.8307204
54704 -2.8950715
54805 -1.5703323
54905 0.18748951
55005 1.986927
55106 2.8734107
55206 2.2109551
55306 1.0126047
55406 -0.531075
55507 -1.8910375
55606 -2.618057
55707 -2.3553462
55807 -1.0244629
55907 0.4044819
56008 1.7766724
56108 2.5563784
56208 2.7181115
56308 1.9553099
56409 0.3272543
56509 -1.0192971
56610 -2.0860994
56709 -2.451565
56811 -2.135794
56910 -0.5153723
57011 0.96180487
57111 2.0242767
57211 2.0116806
57311 1.0243554
57411 -0.48962688
57511 -1.9752703
57612 -2.64026
57712 -2.5520663
57813 -1.1918952
57913 0.6990824
57996 1.794651
58096 2.3959198
58196 2.207747
58298 0.699924
58398 -1.1750214
58498 -2.379545
58598 -2.0628664
58699 -0.5473876
58799 1.248529
58899 2.558001
58999 3.222557
59099 2.997201
59200 1.281755
59300 -0.34295464
59400 -2.010685
59501 -2.9325016
59601 -2.9157805
59702 -1.7281003
59802 0.33129787
59902 2.173449
60002 2.9991393
60102 2.7884798
60202 1.5324998
60303 -0.37239933
60403 -1.9015038
60503 -2.859592
60604 -2.4674668
60703 -0.9994006
60804 0.9264326
60904 2.3515115
61004 3.0067167
61105 2.6349993
61205 0.5764327
61306 -1.4114361
61406 -2.2954884
61506 -1.9941218
61606 -0.5533552
61707 1.2482195
61806 2.4898872
61907 3.0604324
62007 2.4435663
62107 0.6716814
62208 -1.2150257
62308 -2.3980417
62408 -2.884782
62508 -2.185588
62609 -0.4393568
62709 1.3101873
62809 2.3495965
62909 2.643756
63010 2.438642
63110 0.6859007
63211 -0.987381
63311 -2.3057253
63411 -2.4637904
63512 -1.4317956
63612 0.32738447
63712 1.8628721
63812 2.705134
63912 2.9507132
64012 2.2453017
64113 0.58858967
64196 -0.7283845
64296 -1.8223407
64397 -2.1068764
64497 -1.0373497
64598 0.56759405
64698 2.208909
64798 2.9535265
64899 2.8678384
64999 1.5449715
65099 -0.39358616
65198 -1.9203277
65300 -2.8620965
65400 -2.151113
65500 -0.4240713
65600 1.6639953
65700 2.8019838
65801 2.8256836
65901 1.4827604
66001 -0.45355606
66102 -2.1270955
66202 -2.9335012
66302 -2.4833498
66403 -1.1727161
66503 0.7168441
66603 2.1096892
66703 2.4900842
66804 1.835598
66903 0.052341938
67004 -1.7144704
67104 -2.6978788
67204 -2.7342508
67304 -1.6772752
67405 0.21789312
67505 1.9056344
67606 2.5495424
67706 2.3184862
67806 0.9705143
67906 -0.89041615
68007 -2.2727156
68107 -2.716996
68207 -2.1630177
68307 -0.5201993
68408 1.1638174
68508 2.1993346
68608 2.4250364
68709 2.1161613
68808 0.31506443
68908 -1.2570877
69009 -2.4409633
69109 -2.3921943
69210 -1.0286345
69311 0.8572655
69410 2.461699
69511 3.3660622
69611 3.2131023
69711 1.3236628
69812 -0.6231575
69912 -2.2968802
70012 -3.0413957
70113 -2.6187773
70212 -0.9672017
70312 1.0067959
70413 2.6880012
70497 3.089243
70597 2.5376635
70696 0.6871395
70797 -1.0178161
70898 -2.516563
70998 -3.123446
71098 -2.2392213
71198 -0.7324419
71299 1.5898833
71399 3.0015993
71500 3.1184397
71600 1.7455063
71700 -0.2643261
71800 -1.9862809
71900 -2.578336
72001 -2.1285005
72101 -0.40941906
72201 1.7616563
72302 3.1533108
72402 3.3622837
72502 2.1817145
72602 0.29914427
72703 -1.7495027
72803 -2.8961225
72903 -2.7377112
73004 -1.3340614
73104 0.7939215
73204 2.3289337
73304 2.5506606
73405 2.1539679
73504 0.299747
73605 -1.8401217
73705 -2.842297
73805 -2.4255106
73905 -1.161243
74006 1.0954657
74107 2.7048674
74207 3.094347
74307 2.240387
74407 0.34191132
74507 -1.6968923
74608 -2.6454215
74708 -2.1419864
74807 -0.30882072
74909 1.7737975
75009 2.9981003
