4 -1.7547314
104 -2.462463
205 -3.040133
304 -3.209913
405 -3.18837
504 -3.139978
605 -2.639607
707 -1.474587
805 -0.13851309
906 0.8870344
1005 1.6896591
1106 2.7175765
1206 3.1841335
1306 3.4113617
1406 3.4014692
1507 2.731382
1607 1.2163901
1707 -0.005176544
1806 -0.8098974
1907 -1.833441
2008 -2.7214372
2108 -3.3016992
2208 -3.6616752
2307 -3.8181002
2408 -3.8158689
2508 -3.5087743
2608 -2.1617126
2708 -1.1067917
2808 -0.17208433
2908 0.71883965
3009 1.859849
3109 2.6362152
3209 3.0611105
3310 3.3173304
3410 3.6368656
3510 3.7542782
3610 3.5475655
3710 2.5117655
3810 1.0270519
3910 -0.026036263
4011 -0.9441447
4110 -2.0301042
4211 -2.874614
4311 -3.6916234
4411 -3.9938078
4511 -4.2066836
4612 -4.176163
4712 -3.2403834
4812 -2.047595
4913 -0.86512375
5012 0.08659029
5112 1.0005016
5213 2.3235803
5313 3.3819513
5412 4.081604
5513 4.5180645
5612 4.5655794
5713 4.4073763
5813 3.482297
5914 2.3981385
6014 1.0484824
6113 -0.14519596
6215 -1.1700025
6314 -2.4134517
6415 -3.3743405
6515 -4.1136217
6614 -4.380984
6715 -4.451524
6815 -4.223388
6915 -2.9311957
7015 -1.4887557
7116 0.12890291
7215 1.3373885
7316 2.267016
7416 3.5828085
7516 4.1881876
7616 4.492938
7717 4.50548
7816 4.172597
7917 3.3399029
8018 1.8962936
8116 0.81323195
8218 -0.66803074
8317 -1.8613954
8418 -2.7062457
8518 -3.9005551
8618 -4.2134743
8718 -4.2393956
8819 -4.1362176
8919 -3.582617
9018 -2.3291752
9119 -1.2185287
9218 -0.34523726
9320 0.7157674
9419 2.1704187
9503 3.1830416
9606 4.156393
9720 4.608451
9804 4.5467224
9903 4.080454
10020 3.1063175
10103 2.081327
10204 0.897398
10304 -0.3978057
10404 -1.5808187
10505 -2.5987015
10604 -3.6032887
10704 -4.094572
10805 -4.1629314
10907 -4.0395164
11005 -3.4470625
11206 -1.4714153
11239 -1.1645637
11456 1.1956058
11473 1.4284973
11573 2.326828
11672 3.0256634
11773 3.4433298
11957 4.1694975
12024 4.1785088
12195 3.9875393
12241 3.5243616
12341 1.9958754
12441 0.5442524
12541 -0.606658
12641 -1.6333833
12741 -2.4250734
12841 -3.267419
12942 -3.882928
13042 -4.146746
13143 -4.1778517
13242 -3.9842703
13342 -2.9022524
13443 -1.7267525
13543 -0.5798769
13643 0.54543495
13744 1.5967054
13843 2.6033363
13943 3.0206232
14043 3.4124517
14143 3.5640106
14245 3.5224037
14344 3.0092335
14444 1.7970438
14545 0.6322217
14644 -0.5350323
14744 -1.714606
14845 -2.7236073
14944 -3.4346883
15045 -4.0045495
15147 -4.358721
15245 -4.317451
15347 -3.769696
15446 -2.8125803
15546 -1.8380044
15646 -0.5513239
15746 0.4251566
15846 1.3801394
15946 2.2435708
16048 2.7682161
16147 2.9062753
16248 2.1181602
16347 0.5938773
16448 -0.6772852
16548 -1.7687192
16648 -2.2506845
16747 -2.9038935
16848 -3.4596822
16949 -3.8233376
17048 -3.9546278
17148 -3.8785071
17248 -3.333158
17350 -2.3198738
17449 -1.201756
17550 -0.1788392
17650 0.6619339
17749 1.369453
17850 2.0375948
17950 2.4967294
18052 2.6601934
18150 2.6166382
18250 2.015709
18351 0.8259134
18450 -0.3784852
18551 -1.5649819
18651 -2.2759347
18752 -2.9574287
18852 -3.3289592
18936 -3.3754354
19052 -3.3406272
19136 -3.2055504
19236 -2.9537349
19335 -2.6306496
19435 -2.3202198
19537 -2.1809173
19637 -2.1258378
19736 -2.0492423
19836 -2.2398531
19937 -2.9580922
20037 -3.395366
20137 -3.395767
20237 -2.405149
20337 -1.1469243
20438 -0.036450386
20538 0.8643184
20638 1.5189362
20738 2.182475
20839 2.688623
20939 3.0491428
21038 3.2984066
21140 3.4185934
21239 3.3856907
21340 2.7966347
21438 1.540184
21539 0.24056768
21640 -0.98256016
21740 -1.8310287
21842 -2.5279908
21940 -3.0425699
22041 -3.5181746
22140 -3.7838209
22241 -3.711747
22340 -3.291327
22442 -2.0137289
22541 -0.60146475
22641 0.36637735
22741 1.0729198
22842 1.7976584
22944 2.159031
23042 2.4671187
23142 2.9713964
23243 3.0737562
23343 3.0110903
23443 2.1395187
23543 1.1568856
23643 0.079154015
23743 -0.85867214
23844 -1.8276246
23944 -2.3028135
24045 -3.0413623
24144 -3.6769657
24244 -3.9825592
24343 -4.004233
24444 -3.9751158
24544 -3.5462692
24645 -2.4925969
24744 -1.4251838
24845 -0.13697958
24947 0.89072037
25045 1.6242685
25146 2.4212394
25246 2.973629
25346 3.22711
25446 3.361351
25546 3.2291508
25646 2.316751
25746 1.1990228
25847 0.10874987
25947 -0.98741055
26047 -1.892281
26148 -2.5738904
26248 -3.4678063
26347 -4.0082006
26448 -4.183002
26547 -4.015152
26648 -3.4520445
26747 -2.1158643
26848 -0.8246889
26947 0.06421375
27049 0.95802593
27149 1.8782892
27249 2.3610396
27350 2.7129884
27448 3.0556793
27549 3.2395763
27650 3.317521
27749 3.162508
27850 2.2685776
27949 0.9674144
28051 -0.1662569
28151 -1.153626
28251 -1.8761461
28350 -2.4622712
28451 -3.0393562
28550 -3.5046258
28651 -3.6545506
28751 -3.595099
28852 -3.0806537
28953 -1.8955734
29052 -0.8201418
29152 0.27057981
29252 0.9744334
29336 1.510025
29452 2.1555185
29552 2.4480476
29637 2.6590586
29753 2.798462
29837 2.8076386
29937 2.2537332
30036 1.4353943
30137 0.26075172
30238 -0.86427975
30337 -1.6122348
30437 -1.9853587
30538 -2.617436
30638 -3.0455008
30740 -3.3508139
30838 -3.5067823
30940 -3.875735
31039 -3.824864
31140 -3.5567746
31239 -2.131434
31339 -1.0917175
31439 -0.11418724
31539 0.49722147
31641 1.1654081
31740 1.5669184
31839 1.8712549
31939 1.9821687
32042 2.0662918
32140 1.9961104
32241 1.4931626
32341 0.27329206
32441 -0.6438203
32540 -1.4633033
32641 -1.8892605
32742 -2.310745
32841 -2.813471
32942 -3.0867472
33042 -3.4394565
33143 -3.6969998
33242 -3.7416468
33576 -1.5746732
33676 -0.46105576
33776 0.33240128
33876 1.1332002
33976 1.6943383
34077 2.1455283
34177 2.453916
34277 2.5617805
34378 2.569429
34478 2.5012732
34577 1.9607964
34677 1.0017562
34778 -0.28054905
34877 -1.2622178
34978 -1.9541736
35079 -2.5078657
35179 -2.8343644
35279 -3.1645274
35380 -3.4178915
35479 -3.5422764
35579 -3.5393689
35679 -3.5383527
35779 -2.8046336
35879 -1.416861
35980 -0.32010365
36080 0.635087
36180 1.3035703
36282 1.6561661
36381 1.8583422
36481 1.9303575
36581 1.8964972
36681 1.6744719
36780 0.9451952
36882 0.20907307
36982 -0.6344552
37081 -1.2947228
37182 -1.882915
37282 -2.3789496
37383 -2.7689364
37482 -3.2606394
37583 -3.4226584
37682 -3.4353733
37783 -3.4724507
37883 -3.4565973
37983 -3.3092284
38068 -2.4121835
38183 -1.193779
38267 -0.28249836
38367 0.75432014
38468 1.4491715
38567 1.811244
38685 1.8384094
38767 1.8278031
38868 1.5320501
38968 0.17327642
39068 -0.6389437
39169 -1.3174984
39268 -1.948771
39369 -2.2807837
39469 -2.5521927
39569 -2.8281531
39671 -2.9232423
39770 -2.9551258
39871 -2.7630877
39970 -1.82097
40071 -0.8248663
40170 0.059618473
40272 0.9678407
40371 1.7769194
40471 2.38935
40571 2.8865557
40671 2.9563003
40771 2.8979402
40872 2.5617042
40972 1.4777231
41072 0.17664814
41173 -0.98474026
41272 -1.7668366
41373 -2.3700914
41472 -2.7133162
41573 -2.983582
41672 -3.055778
41773 -3.081653
41874 -3.0754821
41973 -2.6591878
42075 -1.3947423
42173 -0.4350977
42275 0.55389833
42375 1.3379407
42475 2.0881944
42574 2.7913895
42674 3.1467476
42775 3.311554
42875 3.2893772
42975 2.9106941
43075 2.355329
43175 1.1434412
43275 0.10979462
43375 -0.9287367
43475 -1.811543
43576 -2.3858795
43676 -2.968458
43776 -3.2463543
43877 -3.3854356
43976 -3.407351
44077 -2.9193156
44176 -1.5378919
44311 -0.49199915
44376 0.0041570663
44477 0.98197937
44577 1.613369
44678 2.2717156
44777 2.7821188
44877 3.1493177
44979 3.2857227
45078 3.3186827
45179 3.0539923
45278 2.2899857
45379 0.8659792
45479 -0.37481785
45579 -1.6239715
45679 -2.4830585
45780 -2.9189167
45881 -3.3465993
45980 -3.6182632
46080 -3.8376715
46179 -3.7739892
46280 -3.4648468
46380 -2.7677703
46481 -1.5465252
46580 -0.303545
46681 0.99163246
46781 2.0907836
46881 3.053012
46982 3.5436
47081 3.8170786
47182 3.906147
47282 3.7743387
47383 3.1043425
47482 2.233355
47582 1.0699496
47682 -0.16582012
47782 -1.3180351
47883 -2.4117718
47983 -3.148439
48084 -3.4869905
48184 -3.706758
48285 -3.8028338
48384 -3.6831956
48484 -2.8806608
48584 -1.7250507
48684 -0.807106
48784 -0.0016593933
48884 0.95298433
48984 1.8247671
49084 2.469677
49185 3.1288767
49285 3.5921612
49386 3.964878
49485 3.9988108
49585 3.867053
49685 2.8201447
49786 1.6937509
49886 0.59961414
49986 -0.511147
50087 -1.7240734
50187 -2.6221075
50287 -3.498126
50387 -3.909555
50487 -4.1959343
50587 -4.164593
50688 -4.202904
50787 -3.7610126
50887 -2.6970344
50988 -1.4667706
51089 -0.15980005
51188 1.0945163
51288 2.2864275
51389 3.1425056
51489 3.7724895
51589 3.921526
51689 3.7286472
51789 2.9339724
51874 2.0993767
51973 0.8987913
52074 -0.2988348
52174 -1.289191
52275 -2.409446
52373 -3.3002713
52490 -3.9369617
52574 -4.188304
52691 -4.1702414
52774 -4.1128883
52875 -3.678296
52977 -2.6672623
53075 -1.4150417
53175 -0.30854225
53276 0.75642157
53375 1.6644793
53475 2.7947683
53575 2.999823
53675 3.1299686
53776 2.8530388
53877 2.422522
53976 2.0894117
54077 0.6440306
54177 -1.0084119
54277 -2.3238587
54377 -3.6152399
54477 -4.4604225
54577 -4.8967166
54677 -4.973712
54780 -4.732006
54877 -4.061376
54979 -2.814285
55078 -1.5579357
55179 -0.3225336
55279 1.1647849
55379 2.565384
55479 3.682108
55579 4.3865957
55679 4.85128
55779 5.0
55881 4.7832823
55979 4.1538134
56080 2.8107972
56180 1.8397903
56280 0.629426
56380 -0.9164419
56480 -2.0324528
56580 -2.862112
56681 -3.3619752
56782 -3.7910242
56881 -3.8286848
56982 -3.617683
57082 -2.814796
57181 -1.8295431
57281 -0.65552807
57382 0.5230427
57482 1.7265615
57582 2.5844178
57684 3.6195974
57782 4.006693
57884 4.2305107
57984 4.141428
58083 3.6867018
58183 2.8026757
58284 1.8515296
58383 0.68067265
58484 -0.2558775
58584 -1.3292587
58684 -2.2892978
58784 -3.0437498
58885 -3.5884151
58986 -3.6630554
59085 -3.666956
59186 -3.5769727
59285 -3.0150552
59385 -1.9646242
59485 -0.9354749
59585 0.0328207
59686 1.1120725
59785 2.0843687
59888 2.8455367
59985 3.4387407
60087 3.9170666
60186 4.1411667
60287 4.1841707
60387 3.7894564
60486 2.4315782
60588 0.6380968
60687 -0.6938982
60788 -2.1207545
60888 -3.2919729
60988 -4.262296
61088 -5.0
61188 -5.0
61288 -5.0
61389 -5.0
61488 -4.611162
61589 -2.680635
61688 -1.1400247
61789 0.19535923
61890 1.7112107
61989 2.9050941
62090 3.755743
62190 4.5231915
62290 4.820013
62374 4.841111
62490 4.749174
62590 4.140765
62691 2.6491709
62774 1.2995634
62875 -0.31116152
62975 -1.707519
63075 -3.0310338
63176 -4.1903963
63275 -5.0
63375 -5.0
63477 -5.0
63578 -5.0
63678 -5.0
63779 -3.16197
63879 -1.7865059
63981 -0.32092333
64078 1.0575085
64179 2.4745002
64279 3.4397717
64381 4.2929516
64480 4.891473
64579 4.933775
64680 4.882662
64780 4.694211
64881 2.919652
64980 1.8739195
65081 0.73873425
65180 -0.3032298
65280 -1.3515441
65381 -2.4421227
65481 -3.1619112
65581 -3.7839558
65681 -3.9105508
65781 -4.1993294
65881 -4.0774336
65982 -3.7321012
66081 -2.4904037
66183 -1.0152004
66281 0.093114376
66382 1.5332017
66483 2.7505965
66583 3.8473911
66683 4.52077
66783 4.62105
66883 4.6245937
66984 4.083452
67083 2.666655
67183 1.2807064
67284 -0.13741589
67384 -1.2970905
67484 -2.4152157
67585 -3.2957892
67685 -4.0276165
67784 -4.505693
67885 -4.746325
67985 -4.6303167
68085 -4.0449357
68187 -2.5429895
68285 -1.2806249
68386 0.0016341209
68484 1.248528
68584 2.242055
68684 2.9474459
68785 3.6091528
68884 3.6702662
68984 3.5456343
69084 3.4227352
69185 2.5154543
69285 0.93242407
69385 -0.5199032
69484 -1.9091983
69585 -2.8484752
69685 -3.7591262
69785 -4.247242
69887 -4.593816
69986 -4.6175194
70086 -4.3456917
70186 -3.4486442
70286 -2.368457
70386 -1.0687358
70487 0.221138
70587 1.7268348
70687 3.0155659
70788 3.9541502
70888 4.586665
70987 5.0
71087 5.0
71188 4.9672832
71287 4.422516
71388 3.017933
71488 1.4221449
71588 0.24719715
71689 -1.1018398
71789 -2.1676774
71889 -3.1237693
71990 -3.8806932
72090 -3.9991634
72189 -4.124635
72290 -4.1224704
72390 -3.8234112
72490 -3.1582303
72590 -1.7830975
72690 -0.6429014
72791 0.6399379
72890 1.881124
72991 3.0359068
73091 3.8029356
73191 4.2020855
73278 4.429181
73391 4.292696
73476 4.0776453
73592 2.532309
73677 1.2964516
73776 -0.053350925
73876 -1.5509975
73975 -2.8510556
74077 -3.858304
74175 -4.525112
74277 -4.951063
74376 -4.8502955
74477 -4.6409254
74578 -3.7921593
74677 -2.7696996
74778 -1.4662328
74878 -0.04314518
74978 1.4223185
