45 0.27519655
144 1.2253675
246 2.1057916
346 2.6607118
445 2.8420386
545 2.7936082
646 2.2355967
747 1.150343
830 0.2798772
930 -1.0060487
1030 -1.9332471
1130 -2.5644972
1230 -2.8107479
1330 -2.839417
1430 -2.5567467
1530 -2.0880291
1630 -1.2277961
1731 0.055065155
1831 1.2798338
1931 2.082324
2031 2.5814667
2131 2.7414985
2231 2.665595
2331 2.1074219
2433 0.8328743
2532 -0.566525
2632 -1.7349358
2733 -2.5435128
2833 -3.401411
2933 -4.073254
3033 -4.505949
3133 -4.066169
3233 -2.2831047
3333 -0.99752903
3433 0.2468195
3536 1.3926249
3636 2.1918817
3736 2.7071471
3836 3.05614
3936 3.2779398
4035 3.1777477
4135 2.19835
4235 0.6346488
4335 -0.88050747
4435 -1.8520272
4539 -2.4938354
4635 -2.8825195
4739 -2.9488254
4836 -2.3337564
4939 -1.274735
5036 -0.35081387
5137 0.7247057
5237 1.7282457
5337 2.4475212
5437 2.8969355
5537 3.075739
5637 3.0691938
5738 2.5561585
5838 1.7726707
5938 1.0817518
6038 0.377244
6141 -0.43550777
6238 -1.3290482
6338 -2.007781
6441 -2.5859113
6538 -2.815494
6641 -2.8766112
6741 -2.5852008
6841 -1.411588
6941 -0.37321138
7040 0.66047
7140 1.547956
7242 2.2770147
7341 2.8125772
7441 3.1384754
7541 3.3112764
7641 3.3335285
7741 3.0413494
7841 2.0577674
7941 0.9590459
8042 -0.14828444
8142 -1.1991665
8242 -1.8586366
8342 -2.412943
8442 -2.5989575
8543 -2.5881906
8643 -2.2638447
8743 -1.5788159
8843 -0.75694895
8943 0.36901808
9044 1.425437
9143 2.1216826
9244 2.6265588
9344 3.005784
9444 3.1761904
9543 3.0824413
9644 2.4248185
9745 1.2390738
9845 -0.093533516
9945 -1.2504845
10045 -2.1086497
10145 -2.8243074
10245 -3.0483658
10345 -3.232686
10446 -2.9501705
10546 -1.9002919
10646 -0.8572383
10730 0.11341381
10831 1.1910386
10930 2.1496124
11047 2.8775492
11147 3.2049065
11230 3.3184948
11330 3.3184032
11430 2.838839
11530 1.7700324
11630 0.57011604
11730 -0.6131487
11831 -1.4735618
11931 -2.1973498
12032 -2.7384324
12132 -2.9723382
12232 -3.0681245
12332 -2.6562173
12432 -1.4635162
12532 -0.4222741
12632 0.7174511
12733 1.676755
12833 2.4269652
12933 2.8995132
13033 3.154704
13133 3.181385
13234 2.9667816
13334 2.4498405
13433 1.5983224
13536 0.38964176
13636 -0.757195
13736 -1.7008221
13835 -2.4412627
13935 -3.0831494
14035 -3.5002162
14135 -3.52837
14235 -3.276964
14335 -2.0193589
14436 -1.612186
14536 -0.32103348
14636 0.62019444
14738 1.3481512
14839 2.5516114
14938 3.0607538
15037 3.2922173
15136 3.3060427
15237 2.9170485
15337 2.2187362
15437 1.2945323
15537 0.3419571
15638 -0.6095419
15738 -1.4143796
15837 -1.9350095
15939 -2.3619452
16038 -2.6398063
16138 -2.708822
16239 -2.512073
16339 -1.5477052
16439 -0.66242933
16538 0.38066006
16639 1.4738894
16742 2.3209672
16842 2.9383316
16942 3.3583164
17040 3.6185322
17140 3.7686424
17241 3.6262245
17342 2.8342261
17441 1.7318254
17541 0.52184296
17641 -0.6166153
17741 -1.5036614
17841 -2.1205945
17942 -2.6088316
18041 -2.8481956
18142 -2.9181275
18242 -2.4695358
18342 -1.5032601
18443 -0.58744335
18543 0.5302334
18642 1.5026984
18743 2.2923713
18843 3.0237103
18943 3.4851856
19043 3.7334318
19143 3.8261042
19245 3.6637936
19344 3.2806911
19444 2.7016134
19545 1.7796202
19644 0.78514004
19745 -0.32320452
19844 -1.25981
19946 -1.948148
20045 -2.5369582
20145 -2.7308567
20245 -2.7447584
20346 -2.5597727
20445 -1.7683132
20546 -0.8439965
20646 0.22425365
20730 1.0396705
20830 2.0222597
20930 2.6958017
21030 3.1911602
21130 3.4696102
21230 3.5530024
21331 3.4213104
21431 3.052369
21531 2.367321
21631 1.3137784
21731 0.3064928
21831 -0.6135192
21931 -1.3851643
22031 -2.0969932
22131 -2.47745
22232 -2.6466298
22332 -2.676249
22432 -2.4561715
22532 -1.4551876
22633 -0.36060953
22734 0.77099514
22833 1.6426673
22933 2.422483
23034 3.1569138
23134 3.6640615
23234 3.805502
23334 3.8159657
23434 3.7299128
23535 3.4832468
23634 2.848899
23734 1.8790522
23835 0.94136333
23938 -0.13231802
24038 -1.3107324
24135 -1.9082007
24238 -2.4405236
24338 -2.6720858
24438 -2.7271452
24538 -2.4608765
24638 -1.747519
24738 -0.94216967
24838 0.037237644
24937 0.9088125
25038 1.7705183
25138 2.341754
25237 2.7327385
25337 3.0004034
25438 3.1033802
25538 3.1354303
25638 2.9809618
25738 2.3269982
25838 1.2383451
25938 0.081208706
26038 -0.9292536
26139 -1.7086143
26239 -2.2884262
26339 -2.7164848
26439 -3.022717
26542 -3.0734468
26639 -2.9200072
26739 -2.3609078
26842 -1.2941449
26942 -0.42842007
27040 0.64075375
27141 1.5580568
27241 2.1777382
27341 2.8701048
27440 3.2981625
27542 3.5259295
27643 3.6119232
27742 3.6266098
27842 3.536869
27942 3.2127771
28042 2.201635
28142 0.8980212
28243 -0.29902172
28343 -1.2952862
28443 -1.9985268
28543 -2.3782477
28643 -2.5650096
28744 -2.5711246
28844 -2.3621507
28944 -1.7639179
29044 -0.9133868
29144 -0.018532276
29244 0.8859129
29344 1.6846619
29444 2.4842582
29544 3.0121956
29644 3.3205261
29745 3.4490423
29845 3.456255
29947 3.3670301
30047 2.957189
30146 2.0430899
30245 1.0142083
30346 -0.038149357
30446 -0.93139744
30530 -1.5639548
30629 -2.078505
30730 -2.5787618
30830 -2.8113124
30930 -2.8603356
31030 -2.7651353
31130 -2.586948
31231 -1.9924173
31331 -1.1218662
31431 -0.2933979
31531 0.50521755
31631 1.4056253
31731 2.396037
31832 3.109457
31931 3.7975874
32031 4.115818
32132 4.17531
32232 4.1541586
32332 3.9109793
32433 2.8842154
32533 1.8746324
32633 0.7916565
32733 -0.33286762
32833 -1.0444164
32933 -1.6285214
33034 -2.0669508
33133 -2.3451085
33234 -2.36027
33334 -2.1456468
33434 -1.6572795
33537 -0.7869158
33637 0.24598646
33737 1.0781026
33837 1.8487434
33937 2.4187956
34035 2.84442
34135 3.161625
34236 3.3128529
34336 3.363431
34436 3.330885
34536 2.9860024
34637 2.1871452
34737 1.1551309
34839 -0.23992252
34939 -1.3877487
35039 -2.1356287
35137 -2.7807088
35239 -3.0507717
35339 -3.1332805
35439 -3.0246687
35539 -2.778561
35638 -1.859756
35740 -1.1428776
35839 -0.48818398
35941 0.38081503
36039 1.2665472
36139 2.049634
36239 2.7021499
36339 3.1349974
36442 3.4228878
36539 3.4739246
36642 3.4414158
36742 3.2586632
36842 2.753766
36942 1.8074241
37040 0.5506487
37141 -0.65413237
37241 -1.5799632
37341 -2.0097027
37441 -2.3754478
37541 -2.5474467
37643 -2.4538596
37741 -2.0765376
37842 -1.2045467
37943 -0.23868608
38042 0.6410017
38142 1.4594779
38243 2.250421
38344 2.9321504
38443 3.3870258
38543 3.5808926
38643 3.6356163
38743 3.628748
38844 3.423439
38944 2.7706552
39044 1.660409
39144 0.293437
39244 -1.0458817
39344 -2.0074294
39445 -2.889232
39546 -4.45088
39646 -4.8271775
39745 -4.535545
39845 -3.5020733
39949 -2.1303666
40045 -1.4042277
40146 -0.5387864
40246 0.6303358
40330 1.3372698
40430 1.6404877
40530 2.0654054
40630 2.2348495
40730 2.23591
40830 2.069693
40930 1.424006
41030 0.6710372
41131 -0.41024828
41231 -1.7092903
41331 -2.7376642
41431 -3.275664
41531 -3.5592582
41631 -3.793991
41732 -4.017436
41832 -3.8779645
41932 -2.5753818
42032 -1.8557677
42132 -1.5140224
42232 -0.9549055
42332 -0.57093287
42433 0.40015316
42533 0.9888778
42633 1.5253844
42733 1.971858
42833 2.2753043
42935 2.4043946
43037 2.356588
43134 1.8795671
43234 1.0379391
43334 0.021224022
43434 -1.1486733
43537 -2.2658088
43637 -2.9748688
43737 -3.3074613
43837 -3.4193037
43938 -3.4161372
44036 -3.2255936
44137 -2.7258449
44236 -2.14844
44337 -1.6089206
44439 -0.61623716
44536 0.36186314
44636 1.2044559
44739 1.9893951
44839 2.4818473
44939 2.8674874
45037 3.1355867
45138 3.1954298
45238 3.1477613
45338 2.9196634
45441 2.3084974
45538 1.2852097
45638 0.43128967
45738 -0.7230625
45841 -2.1557248
45941 -2.952866
46039 -3.3536592
46139 -3.5080452
46239 -3.4605553
46340 -3.3805203
46440 -2.9177053
46539 -2.0698626
46640 -1.6140683
46740 -1.021061
46840 -0.24767685
46941 0.5072255
47041 1.2238894
47140 1.7996378
47241 2.1835275
47342 2.5581207
47441 2.8499513
47542 2.9753394
47641 3.0071678
47744 3.011259
47843 2.862504
47942 1.9304361
48042 0.8698988
48143 -0.19322062
48243 -1.3773408
48343 -2.3964102
48443 -2.89916
48543 -3.1003811
48643 -3.0928013
48744 -3.0584042
48843 -2.9665723
48944 -2.598244
49044 -1.9413652
49144 -0.9108772
49245 -0.23821211
49345 0.5130844
49445 1.3431044
49545 2.0136857
49645 2.3313704
49745 2.481421
49846 2.5898628
49946 2.632876
50046 2.6406007
50148 2.448451
50230 1.7784872
50346 0.6158662
50430 -0.21672726
50530 -1.5021386
50630 -2.4722905
50730 -2.973731
50830 -3.252908
50930 -3.2940772
51031 -3.2354922
51131 -2.9862823
51231 -2.1675127
51331 -1.5487125
51431 -0.57928276
51532 0.23079681
51632 0.72126627
51732 1.4172082
51832 2.0490541
51932 2.507277
52032 2.8309965
52132 3.1271248
52232 3.303545
52333 3.355259
52433 3.3236427
52534 2.911767
52633 1.8297415
52733 0.83498716
52836 -0.2832899
52936 -1.5375073
53036 -2.4774747
53136 -3.1789527
53236 -3.478624
53336 -3.5924995
53437 -3.3869991
53537 -3.0438328
53636 -2.6369033
53737 -1.7991815
53835 -1.2929642
53936 -0.41849232
54036 0.5712962
54136 1.267746
54236 1.7957435
54336 2.098216
54437 2.1806235
54537 2.1416907
54637 1.9947472
54736 1.8169608
54837 1.2145138
54938 0.35839367
55038 -0.6208687
55137 -1.8128047
55238 -2.580419
55338 -3.0316396
55438 -3.2775493
55538 -3.2966774
55638 -3.2167022
55738 -3.111072
55841 -2.0981061
55941 -1.2503943
56039 -0.09279156
56139 1.2059593
56240 1.8640585
56340 2.8080544
56440 3.3474255
56541 3.7878494
56641 3.8853245
56740 3.9325905
56840 3.8117046
56940 3.4943619
57041 3.1143208
57141 2.5372477
57241 1.8456063
57342 0.57202625
57442 -0.741354
57542 -1.53966
57642 -2.3446503
57742 -2.7094212
57842 -2.8334217
57943 -2.618219
58043 -2.393681
58143 -2.083032
58243 -1.7848442
58343 -1.6942685
58443 -1.438334
58545 -0.721468
58643 0.145782
58744 0.79943323
58844 1.4149537
58944 2.9574623
59044 3.3975449
59144 3.6052866
59245 3.6739712
59345 3.6772661
59445 3.5281754
59545 2.913095
59646 2.1870928
59747 1.3554912
59846 0.34585762
59945 -0.62374973
60030 -1.3523898
60130 -1.805495
60230 -1.985781
60330 -1.9939125
60430 -1.9629166
60530 -1.8703101
60630 -1.1918912
60730 -0.19431305
60831 0.59597635
60931 1.2687159
61031 1.8902411
61131 2.4429612
61231 2.7958717
61331 3.0690403
61432 3.2507477
61532 3.3221874
61632 3.332612
61732 3.3168745
61832 3.0579052
61932 2.1815214
62036 1.2487569
62133 0.38888693
62233 -0.5876837
62333 -1.4931748
62433 -2.263615
62533 -2.5566525
62636 -2.9461648
62736 -3.1412926
62834 -3.2379508
62936 -3.130427
63036 -1.9301805
63134 -1.0118072
63236 -0.14011574
63335 0.6586981
63435 1.3158154
63535 1.9180145
63638 2.4914122
63738 2.9014435
63838 3.143528
63938 3.3405914
64036 3.4588957
64136 3.4886074
64236 3.3787374
64337 2.9414353
64437 2.1789193
64537 1.3971605
64637 0.469954
64737 -0.4911213
64837 -1.4194183
64937 -1.9310231
65037 -2.506615
65138 -3.048926
65237 -3.7478306
65338 -4.792954
65441 -4.7891216
65538 -2.9338968
65641 -2.0058765
65741 -1.1293366
65841 -0.3610406
65941 0.39904118
66039 1.1666183
66140 1.8859453
66239 2.4094214
66340 2.8303924
66440 3.0592003
66540 3.205801
66640 3.2803907
66741 3.3040676
66842 3.3040905
66941 3.2303448
67042 2.7206054
67142 1.8519936
67242 1.0046744
67342 0.15171766
67442 -0.6571903
67542 -1.3623486
67643 -1.8811343
67742 -2.1189551
67842 -2.3113139
67943 -2.5127137
68044 -2.5680108
68144 -2.568079
68243 -2.4997468
68343 -2.0772595
68443 -1.2347064
68544 -0.27465725
68644 0.3999858
68744 1.0686946
68844 1.7554941
68945 2.4753866
69044 3.0720844
69145 3.3571377
69246 3.4614754
69346 3.4630136
69445 3.4107046
69545 3.1417542
69645 2.2969809
69745 1.3012748
69846 0.11357784
69930 -0.82758904
70030 -1.787693
70129 -2.3186421
70230 -2.978905
70330 -4.300786
70430 -4.807251
70530 -4.8283367
70630 -3.149368
70730 -2.188084
70831 -1.4120324
70931 -0.6290951
71031 0.22263098
71131 1.0599065
71231 1.8095274
71331 2.4255319
71432 2.9288635
71533 3.381116
71632 3.6516209
71732 3.7502956
71833 3.5964031
71933 3.0954323
72033 2.1658769
72133 1.2439103
72233 0.22727442
72333 -0.91448116
72433 -1.6740246
72533 -2.2832382
72636 -2.803757
72736 -3.2022414
72836 -3.2484632
72936 -3.2424839
73036 -2.7459176
73135 -1.4732163
73235 -0.6726651
73335 0.20022392
73435 0.99818516
73535 1.663137
73639 2.1938033
73736 2.5985441
73835 2.927115
73939 3.1454268
74039 3.2364883
74139 3.17138
74238 2.6710143
74338 1.6951356
74438 0.70600605
74538 -0.39003372
74638 -1.19667
74738 -1.8828311
74838 -2.5003989
74938 -3.2586672
