1 1.5854301
101 2.5446496
201 3.0080233
301 3.04109
401 2.6697836
501 2.0848565
601 1.0681129
701 -0.11999321
801 -1.1640325
901 -1.8532479
1001 -2.1207206
1101 -1.9542477
1201 -1.5527813
1301 -0.36715746
1401 0.9215174
1501 1.884963
1601 2.8469071
1701 3.192768
1801 3.17877
1901 2.587966
2001 1.5998573
2101 0.49465942
2201 -0.52247334
2301 -1.5786941
2401 -2.2104428
2501 -2.7403476
2601 -2.8384106
2701 -2.726238
2801 -1.87602
2901 -0.6937456
3001 0.49907446
3101 1.521244
3201 2.1896477
3301 2.4479685
3401 2.3793154
3502 1.557744
3601 0.3315568
3701 -0.93519306
3802 -1.7686234
3901 -2.3758864
4001 -2.5719266
4101 -2.447657
4201 -1.5222545
4301 -0.34868813
4401 0.7512412
4501 1.636992
4601 2.356234
4701 2.6095152
4801 2.5965552
4901 2.1128168
5001 0.8592968
5101 -0.2264309
5201 -1.400434
5301 -2.0018992
5401 -2.4394193
5501 -2.4995768
5601 -1.8967798
5701 -0.8593116
5801 0.37107038
5901 1.4550371
6001 2.2988982
6101 2.9060946
6202 3.2453241
6302 3.2641897
6401 2.755197
6501 1.5405874
6601 0.29299545
6701 -0.8143854
6801 -1.8965201
6901 -2.49697
7001 -2.7651286
7101 -2.863724
7201 -2.526939
7301 -1.3907478
7401 0.03475809
7501 1.5671897
7601 2.5269594
7701 2.9492965
7801 2.88385
7901 2.298346
8002 0.94110584
8101 -0.37229538
8201 -1.3430963
8301 -2.1097512
8401 -2.4598012
8501 -2.4989865
8601 -2.043599
8701 -0.9586396
8801 0.20435667
8901 1.2974496
9001 2.073472
9101 2.6493173
9201 2.7620497
9301 2.3939104
9400 1.1229968
9501 -0.13712406
9601 -1.0868144
9701 -1.7039256
9801 -2.0056612
9901 -2.0467641
10001 -1.8494372
10101 -0.74276066
10201 0.41337872
10485 3.0199842
10584 3.1416416
10684 2.75662
10784 1.6359239
10884 0.19971132
10984 -1.1233628
11084 -2.0347447
11184 -2.6967132
11284 -2.863418
11384 -2.5334845
11484 -1.7690353
11584 -0.4280057
11684 0.8772583
11784 2.2489595
11884 2.8810205
11984 3.0353603
12084 2.719554
12184 1.5820923
12284 0.13862085
12384 -1.0591626
12484 -1.7771347
12584 -2.0826383
12684 0.0
12784 -2.0320246
12884 -1.7272639
12984 0.09252453
13084 1.2605267
13184 2.0507278
13284 2.270896
13384 1.9593172
13484 1.0297456
13584 -0.1853776
13684 -1.3323097
13784 -2.028397
13883 -2.4912353
13984 -2.4254036
14084 -1.6819134
14184 -0.4255271
14284 0.78818035
14384 1.7918038
14484 2.691835
14584 3.140401
14684 3.3017893
14784 3.0793228
14884 2.148571
14984 0.8312831
15084 -0.24465084
15184 -1.1268609
15284 -1.865726
15384 -2.2219336
15484 -2.2625356
15584 -2.0723681
15684 -1.3561039
15784 -0.08709431
15884 1.0889316
15984 1.9916735
16084 2.6217628
16184 2.9226103
16284 2.9950843
16384 2.971856
16484 2.887838
16584 2.7926188
16684 2.6996346
16784 2.2527986
16884 0.9094095
16984 -0.24718761
17084 -1.0453434
17184 -1.496453
17284 -1.7791073
17384 -1.9749608
17484 -2.074903
17584 -2.1041813
17684 -2.106933
17784 -2.0875926
17884 -2.0657623
17984 -2.0456874
18084 -1.9316206
18184 -0.84664965
18284 -0.02076006
18384 0.7479496
18484 1.2354608
18584 1.6258202
18684 1.9760041
18784 2.2275782
18884 2.386588
18984 2.4622855
19084 2.4774537
19184 2.478774
19284 2.4527636
19384 2.1582298
19484 1.4955902
19584 0.5277114
19684 -0.38392067
19784 -1.1570106
19884 -1.5756259
19984 -1.9876258
20084 -2.129459
20184 -2.179432
20284 -2.107737
20384 -1.854691
20484 -1.5536695
20584 -0.8593445
20684 -0.035156727
20784 0.729527
20884 1.4456
20984 2.0481834
21084 2.4080267
21184 2.7242403
21284 2.829183
21384 2.8398733
21484 2.7738595
21584 2.3168154
21684 1.4428344
21784 0.7288809
21884 0.1790533
21984 -0.29025507
22084 -0.775928
22184 -1.2942758
22284 -1.4525871
22384 -1.518933
22484 -1.5505557
22584 -1.4235272
22684 -0.8639612
22784 -0.1492958
22884 0.6492529
22984 1.4245048
23084 1.8766694
23184 2.102796
23284 2.266368
23384 2.3340235
23484 2.3643045
23584 2.3659172
23684 2.078864
23784 1.5988417
23884 0.8581705
23984 0.056264877
24084 -0.46344995
24185 -1.0110524
24284 -1.2854595
24384 -1.4567513
24484 -1.5456405
24584 -1.5650609
24684 -1.5760388
24784 -1.5366273
24884 -1.1177242
24984 -0.32249928
25084 0.43258476
25184 0.99311304
25284 1.5493155
25384 1.9973373
25484 2.2494307
25584 2.4398994
25684 2.6047716
25784 2.675818
25884 2.6507607
25984 2.1459937
26084 1.0534921
26184 0.16230488
26284 -0.58118916
26384 -1.1010666
26484 -1.5061016
26584 -1.7234073
26684 -1.8357539
26784 -1.8733897
26884 -1.8113778
26984 -1.381022
27085 -0.68034124
27184 0.1598711
27284 0.76526403
27384 1.3095136
27484 1.7462196
27584 2.0907745
27684 2.3663626
27784 2.549151
27884 2.5987844
27984 2.5884638
28084 2.2397795
28184 1.3421769
28284 0.45847034
28384 -0.1481185
28484 -0.6024084
28584 -1.0408549
28684 -1.4095409
28784 -1.6558261
28884 -1.7662907
28984 -1.7922356
29084 -1.7128994
29184 -1.420681
29285 -0.583581
29384 0.20938969
29484 0.86768866
29584 1.4131651
29684 1.8994474
29784 2.1984634
29884 2.32472
29984 2.3750243
30084 2.3932824
30184 2.3751388
30284 2.0463686
30384 1.3856912
30484 0.70369005
30584 0.08633804
30684 -0.3629017
30784 -0.8009305
30884 -1.1493955
30984 -1.3505878
31083 -1.4419911
31185 -1.4731636
31284 -1.4824593
31384 -1.476865
31484 -1.3460927
31584 -0.5902438
31684 0.4480648
31784 1.110117
31885 1.6611686
31984 1.9155922
32084 2.0828028
32184 2.163741
32284 2.2127204
32384 2.2335882
32484 2.1427932
32584 1.5492029
32684 0.4738617
32784 -0.3704672
32884 -0.9646292
32984 -1.1770203
33084 -1.3054118
33184 -1.487268
33284 -1.6035333
33384 -1.6312041
33484 -1.5829778
33584 -0.91746473
33684 0.05379057
33784 0.8012986
33884 1.6729674
33984 2.3404093
34084 2.6939445
34184 2.860156
34284 2.9405794
34384 2.9633913
34484 2.9454575
34584 2.5246744
34685 1.762001
34784 0.6489043
34884 -0.3921976
35189 -1.6737754
35289 -1.7196019
35389 -1.7639549
35489 -1.7554545
35589 -1.6304474
35689 -0.8977637
35789 -0.027307034
35889 0.80016565
35989 1.3226724
36089 1.6769457
36189 1.9535322
36289 2.0619135
36389 2.1304336
36489 2.1312165
36589 2.1151571
36689 1.9730086
36789 1.4241533
36889 0.5475588
36989 -0.44170713
37089 -1.199168
37189 -1.6209469
37289 -2.00093
37594 -1.9852958
37694 -1.2982731
37794 -0.266881
37894 0.6315069
37994 1.3755608
38094 1.9421754
38194 2.5930762
38294 2.778623
38394 2.2133727
38494 2.1787615
38594 2.369564
38694 2.2657738
38998 0.4487753
39098 -0.39821625
39198 -1.1070759
39298 -1.7949669
39398 -2.0269978
39498 -2.146894
39598 -2.1818376
39698 -2.1747801
39798 -1.831372
39898 -1.1148276
39998 -0.43012524
40098 0.3888297
40198 1.1594505
40298 1.6017332
40398 2.4068818
40498 2.6551752
40598 2.7467484
40698 2.728446
40798 2.576539
40898 2.022963
40998 1.1532283
41098 0.23676968
41198 -0.6026411
41298 -1.1430697
41398 -1.8546529
41498 -2.1528227
41598 -2.2429023
41698 -2.2544553
41798 -2.0807242
41898 -1.6571667
41998 -0.87619257
42098 -0.179008
42198 0.49128103
42298 1.128068
42398 1.9110193
42498 2.4056382
42598 2.7007613
42698 2.8429947
42798 2.7835188
42898 2.566802
42998 1.913466
43098 1.1278934
43198 0.10255194
43298 -0.9038744
43398 -1.5624263
43498 -2.03563
43598 -2.2147417
43698 -2.289884
43798 -2.2167573
43898 -2.1514714
43998 -1.4518001
44098 -0.48507786
44198 0.39069843
44298 1.3206143
44398 1.9453301
44498 2.4561167
44598 2.8624902
44698 3.1554737
44798 3.2916174
44898 3.322935
44997 3.2497091
45098 2.6088028
45198 1.6806679
45298 0.7477312
45398 -0.024326324
45498 -0.7479725
45598 -1.3023727
45698 -1.641315
45798 -1.8097172
45898 -1.879602
45998 -1.8618855
46098 -1.5380752
46198 -0.922318
46298 0.28063965
46398 0.88596106
46498 1.7953596
46598 2.4232588
46698 2.7585998
46798 2.9280539
46898 2.9775429
46998 2.8609247
47098 2.2745452
47402 -0.69530964
47502 -1.3309417
47602 -1.604871
47702 -1.7901402
47801 -1.890954
47902 -1.8910277
48002 -1.667273
48102 -1.0396914
48202 -0.16477871
48302 0.8587785
48402 1.4435792
48502 2.115003
48602 2.4515657
48702 2.642418
48802 2.717772
48902 2.7337656
49002 2.6639075
49102 1.961689
49202 0.88869095
49302 -0.24879599
49402 -0.99080276
49502 -1.3372359
49602 -1.5804641
49702 -1.6871381
49802 -1.6813152
49902 -1.2970347
50002 -0.69080114
50102 0.10646105
50202 0.8085413
50302 1.6708808
50402 2.446395
50502 2.7949133
50602 3.0002613
50702 3.059824
50803 3.0341282
50902 2.291912
51002 1.1808228
51102 0.22972965
51202 -0.561399
51302 -1.1040382
51402 -1.5755584
51502 -1.7736351
51602 -1.8324168
51702 -1.7903943
51802 -1.2001076
51902 -0.26792812
52002 0.7988653
52102 1.5362997
52202 2.199563
52302 2.6387467
52402 2.8206663
52502 2.8197966
52602 2.5950403
52702 1.812046
52802 0.809515
52902 -0.150558
53002 -1.0598736
53102 -1.6719565
53202 -1.9956012
53302 -2.1461275
53402 -2.1373987
53502 -1.3050008
53812 1.7690864
53911 2.3243647
54011 2.659284
54111 2.8518486
54211 2.815535
54311 2.47367
54411 1.6080894
54511 0.444973
54611 -0.42589617
54711 -1.2326043
54811 -1.861666
54911 -2.2362661
55011 -2.3475432
55111 -2.2789774
55211 -1.6441364
55311 -0.4833579
55411 0.5128107
55511 1.3529215
55611 2.2150984
55711 2.8051825
55811 3.0090551
55911 2.8334718
56011 1.8264861
56111 0.7139368
56211 -0.21735
56311 -1.0221081
56411 -1.6233754
56511 -1.9068882
56611 -2.0248752
56711 -1.9954057
56811 -1.6896935
56911 -0.5826564
57011 0.50955296
57111 1.49158
57211 2.338323
57311 2.9483132
57411 3.2518463
57511 3.2117567
57611 2.7580247
57711 1.9337754
57811 0.7798915
57911 -0.1913395
58011 -0.8948569
58111 -1.2943616
58211 -1.5957768
58311 -1.7664666
58411 -1.7049155
58511 -1.0463653
58611 0.063272
58711 0.9480791
58811 1.8835974
58911 2.7582026
59011 3.2600088
59111 3.378004
59211 3.1892204
59311 2.337729
59411 1.0589156
59511 0.012697697
59611 -0.77183247
59711 -1.4830337
59811 -1.8235037
59911 -1.9949691
60011 -2.028933
60111 -1.7225795
60211 -0.75424814
60311 0.45042706
60411 1.2475004
60511 2.62705
60611 3.2298183
60711 3.5069218
60811 3.5533953
60911 3.306343
61011 1.9528022
61110 0.5067377
61211 -0.6608434
61311 -1.3172252
61411 -1.5903313
61511 -1.783107
61611 -1.7229762
61711 -1.0039897
61811 0.038713932
61911 1.0329256
62011 2.219046
62111 2.8877869
62417 3.2204723
62516 2.291522
62615 1.0014515
62716 -0.10549641
62815 -1.1894774
62916 -1.8162568
63016 -2.1430306
63116 -2.2833936
63216 -2.1791787
63520 1.5791306
63620 2.592431
63720 3.3101864
63820 3.740075
63920 3.835805
64020 3.4880571
64120 2.5385818
64220 1.1762314
64528 -1.764925
64627 0.0
64727 0.0
65036 0.0
65136 0.0
65236 0.0
65336 0.0
65436 0.0
65536 3.6722698
65636 3.6116657
65736 2.589673
65836 1.1308851
65936 -0.009203911
66036 -1.2222881
66136 -1.8476243
66440 -1.7650256
66540 -0.503839
66640 0.59808826
66740 1.6589265
66840 2.5000138
66940 3.0792294
67040 3.5837326
67140 3.7591572
67445 1.8951058
67544 0.5345769
67848 -1.8101015
67948 -1.9271266
68048 -1.94807
68352 0.014998913
68452 1.1408377
68552 2.0297332
68652 2.615405
68752 3.395814
68852 3.6237507
68952 3.536106
69052 2.827227
69152 1.4315119
69252 0.21050549
69352 -0.7793627
69452 -1.7272587
69757 -1.8072934
70674 3.2137222
70772 2.06574
70872 0.24104786
70972 -1.1339855
71072 -1.9823794
71172 -2.5404723
71272 -2.697086
71582 0.7406311
71681 2.0499
71781 3.1690493
71881 3.729868
71981 4.188513
72081 4.2250385
72181 3.32446
72487 -1.3808961
73392 2.7799501
73491 3.91214
73591 4.3848515
73691 4.4621696
73791 3.6415844
73891 2.3263474
73991 0.25555182
74091 -1.3270848
74191 -2.4218252
74497 -2.8074937
74597 -1.9502532
74697 -0.58496666
74797 0.61281824
16 -1.6572146
116 -2.1082354
216 -2.157543
316 -2.0305276
416 -1.4970543
516 0.049839973
616 1.2384849
716 2.2445617
815 3.0091972
916 3.666708
1016 3.8595629
1116 3.7924805
1216 3.041133
1316 1.8033075
1416 0.41860485
1516 -0.6454458
1616 -1.2943332
1716 -1.9760292
1816 -2.1743512
1916 -2.0367682
2016 -1.6388717
2116 -0.7923808
2216 0.115688324
2316 1.2304044
2416 2.2203026
2516 3.0116367
2616 3.3490353
2716 3.40736
2816 3.0247078
2916 1.7851057
3016 0.7359133
3116 -0.058809757
3216 -0.80393887
3316 -1.5142045
3416 -1.6936429
3516 -1.5936837
3616 -0.51839876
3716 0.6344867
3816 1.516819
3916 2.7397566
4016 3.2717571
4116 3.3826075
4216 3.0711126
4316 2.039083
4416 0.7604408
4516 -0.4113207
4616 -1.3180492
4716 -1.9758468
4816 -2.1444237
4916 -2.0103831
5016 -0.9929733
5116 0.21836281
5216 1.4418716
5316 2.473732
5416 3.2632122
5515 3.7392607
5616 3.813696
5716 3.2885485
5816 1.693757
5916 0.09973431
6016 -0.711144
6116 -1.4109135
6216 -1.8079457
6316 -1.7101235
6416 -1.2248292
6516 -0.42481613
6616 0.577404
6716 1.7785921
6816 2.8187227
6916 3.4863415
7016 3.6237373
7116 3.04004
7216 2.026826
7316 0.8920479
7416 -0.031870842
7516 -1.0969014
7616 -1.8532529
7716 -2.3813777
7816 -2.2891157
7916 -1.2661011
8016 -0.21760654
8116 0.90658855
8216 2.033208
8316 2.9582167
8417 3.4253302
8517 3.459505
8694 1.8372374
8793 0.4365039
8905 -0.6611042
9005 -1.2578425
9105 -1.6879914
9205 -1.7969413
9305 -1.8023231
9405 -1.1642165
9505 0.41775036
9605 1.664907
9705 2.4640145
9805 2.9239044
9905 2.9444513
10005 2.2197113
10105 1.0071588
10205 -0.40648365
10305 -1.643348
10405 -2.5060115
10505 -2.9673867
10605 -2.9930172
10705 -2.2222433
10805 -0.95204544
10905 0.45255756
11005 1.6250443
11105 2.584516
11205 2.9789
11305 2.7348127
11405 1.6643629
11505 0.27959585
11605 -0.79977226
11705 -1.3824954
11805 -1.7669654
11905 -1.438622
12005 -0.7266679
12105 0.11773777
12205 0.7971158
12305 1.8021631
12404 2.9313889
12505 3.5843382
12605 3.5291767
12705 2.5238
12805 1.0369563
12905 -0.16247034
13005 -1.1642175
13105 -1.7391267
13205 -1.7168801
13305 -1.3476577
13405 -0.49292135
13505 0.5145693
13605 1.7177095
13706 2.6706786
13805 3.3108778
13905 3.6194515
14005 3.2217999
14105 1.9860992
14205 0.66764116
14305 -0.85470676
14405 -1.9404092
14505 -2.4080095
14605 -2.327828
14705 -1.8087144
14805 -0.51080227
14905 0.4736166
15005 1.4736032
15105 2.290732
15205 2.9865904
15305 3.2407665
15405 2.9789338
15505 2.0771475
15604 0.8458457
15705 -0.4667244
15805 -1.4408176
15905 -2.0826573
16005 -2.4445214
16105 -3.0104976
16205 -2.4041805
16305 -1.4669957
16405 -0.28862238
16505 0.97817755
16605 1.8027945
16705 2.5582
16805 3.1278439
16905 3.3925228
17005 3.540763
17105 3.5269642
17205 2.5282693
17305 0.93098927
17405 -0.4484892
17505 -1.3887649
17605 -1.8479886
17705 -2.0209825
17805 -2.0228255
17905 -1.8450007
18005 -1.5601776
18105 -0.98870325
18206 0.17301464
18305 1.086237
18405 1.8737297
18505 2.4798899
18605 3.0444613
18705 3.3989954
18805 3.5630732
18905 3.5889702
19005 3.4344997
19105 2.4223313
19205 1.1331992
19305 0.04529667
19405 -0.73333836
19505 -1.2900987
19605 -1.6939754
19705 -1.9824624
19805 -1.9903262
19905 -1.8860936
20005 -1.6879966
20105 -0.923192
20205 0.26756382
20306 1.1770377
20405 1.6698189
20505 2.0754914
20605 2.3797827
20705 2.517582
20805 2.553421
20905 2.4878983
21005 1.9737868
21105 0.9119563
21205 -0.3883829
21305 -1.2855029
21405 -1.9182296
21505 -2.083878
21605 -2.2588725
21705 -2.1068075
21805 -1.9599252
21905 -1.8870006
22005 -1.6064923
22105 -0.50084543
22205 0.53489923
22305 1.3800406
22405 1.9502563
22505 2.2930207
22605 2.5841918
22705 2.697071
22805 2.676477
22905 2.4725904
23005 1.4756584
23105 0.28808308
23205 -0.73866653
23305 -1.5029857
23405 -2.0198674
23505 -2.2939699
23605 -2.435657
23705 -2.458201
23805 -2.3078418
23905 -2.0717282
24005 -1.186379
24105 0.015336037
24205 1.07479
24305 1.9052873
24405 2.395587
24505 2.697587
24605 2.8704576
24705 2.9098473
24805 2.86379
24905 2.4676857
25005 1.5433664
25105 0.70603895
25205 -0.08442879
25305 -0.8293829
25405 -1.4317124
25505 -2.0186677
25605 -2.0473905
25705 -2.6526017
25805 -2.618571
25905 -2.2913938
26005 -0.76476765
26105 -0.025863647
26205 0.7994809
26305 1.5108147
26405 2.1778274
26505 2.6869478
26605 3.0828028
26705 3.187563
26805 3.1717749
26905 2.9575133
27005 2.2119584
27105 1.1971145
27205 0.09059811
27305 -0.95921326
27405 -1.6044574
27505 -2.0106568
27605 -2.0572324
27705 -1.8819363
27805 -1.6730409
27905 -1.2266514
28005 -0.6627588
28105 0.43799305
28205 1.4056368
28305 2.142634
28405 2.701982
28505 3.0348034
28605 3.1387205
28705 3.121603
28805 2.9671607
28905 2.6024528
29005 1.4975204
29105 -0.05749464
29205 -1.2527642
29305 -1.9919622
29405 -2.3224702
29505 -2.5863914
29605 -2.5936532
29705 -2.4095893
29805 -2.074292
29905 -1.2741909
30005 -0.44443703
30105 0.63024235
30205 1.6407499
30305 2.346695
30405 3.2258148
30505 3.4845152
30605 3.6141186
30705 3.6220818
30805 3.4621773
30905 2.789678
31005 1.4749665
31105 0.14022112
31205 -0.9719682
31305 -1.6653972
31405 -2.119771
31505 -2.2760963
31605 -2.2902722
31705 -2.1691284
31805 -1.7686069
31905 -0.7660804
32005 0.1385107
32105 1.1797938
32205 2.0210924
32305 2.5648742
32405 2.880362
32505 2.9876266
32605 2.985095
32705 2.9170294
32805 2.6322489
32905 1.9414201
33005 0.77560234
33105 -0.33095598
33205 -1.1129673
33305 -1.7758434
33405 -2.2401462
33505 -2.360308
33605 -2.234808
33705 -2.0970027
33805 -1.6453805
33905 -0.60988903
34005 0.45829344
34105 1.4826937
34205 2.237546
34305 2.6820068
34405 2.9333544
34505 3.0219336
34605 3.0496855
34705 2.9966836
34805 2.549254
34905 1.15276
35005 0.12138891
35105 -0.8305578
35205 -1.5633602
35305 -1.8535936
35405 -1.9441955
35505 -1.9172499
35605 -1.7969902
35705 -1.571141
35805 -1.0790019
35905 -0.34290457
36005 0.51725626
36105 1.2949467
36205 2.0066438
36305 2.5382562
36405 2.910421
36505 3.0657082
36605 3.165432
36705 3.190835
36805 3.0147324
36905 2.1406336
37005 1.0405521
37105 -0.18139744
37205 -1.1663837
37305 -1.8575101
37405 -2.2955549
37505 -2.497363
37605 -2.4781036
37705 -2.0412753
37805 -1.2958438
37905 -0.3078823
38005 0.71075106
38105 1.6325583
38205 2.3150635
38305 2.7765021
38405 2.967227
38505 3.0851192
38605 3.081007
38705 2.9953194
38805 2.5864725
38905 1.3975248
39005 0.034662724
39105 -0.86551285
39205 -1.4398446
39305 -1.9086261
39405 -2.0110068
39505 -1.9654624
39605 -1.8812964
39705 -1.6071804
39805 -0.8001385
39905 0.11027956
40005 0.87845373
40105 1.7100968
40205 2.3108087
40305 2.6046576
40405 2.884757
40505 2.991726
40605 2.9471755
40705 2.3932238
40805 1.1363626
40905 -0.082378864
41005 -1.2640412
41105 -1.8038564
41205 -2.1609263
41305 -2.30332
41405 -2.2984145
41505 -2.086596
41605 -1.6264064
41705 -0.69213724
41805 0.3926096
41905 1.2710085
42005 2.0176368
42105 2.5040617
42205 2.7623954
42305 2.8831902
42405 2.9349365
42505 2.9325042
42605 2.7523866
42705 1.7844367
42805 0.38080692
42905 -0.7441797
43005 -1.4725833
43105 -1.8041706
43205 -1.9008346
43305 -1.849014
43405 -1.7558541
43505 -1.5771527
43605 -0.87396336
43705 0.24150562
43805 1.0863714
43905 1.8663063
44005 2.4701462
44105 2.8736367
44205 3.0854073
44305 3.1753197
44405 3.1637363
44505 2.9423661
44605 2.103919
44705 1.1020613
44805 0.264709
44905 -0.83718395
45005 -1.6168962
45105 -1.8017144
45205 -1.8724608
45305 -1.8399069
45405 -1.7288475
45505 -1.4919136
45605 -0.7708082
45705 0.13577175
45805 1.0250974
45905 1.8466635
46005 2.5173225
46105 2.9221764
46205 3.1364403
46305 3.1985006
46405 3.1011992
46505 2.22547
46605 0.9376612
46705 -0.40209723
46805 -1.3392043
46905 -1.7186401
47005 -2.0697286
47105 -2.1347952
47205 -2.1538014
47305 -2.1234317
47405 -1.5909266
47505 -0.24680853
47605 1.031867
47705 2.1150208
47805 2.764833
47905 2.8827734
48005 2.851983
48105 2.5842795
48205 1.818759
48305 1.0488763
48405 -0.38922024
48505 -1.3232441
48605 -1.8769634
48705 -2.0609977
48805 -2.100951
48905 -1.8399291
49005 -1.1908603
49105 -0.85012627
49205 -0.17884731
49305 0.74368477
49405 1.6970162
49505 2.553926
49605 3.2252665
49705 3.493392
49805 3.52672
49905 3.2791147
50005 2.4500618
50105 1.4557314
50205 0.35992622
50305 -0.7559905
50405 -1.5648906
50505 -1.877166
50605 -1.9006166
50705 -1.6783364
50805 -1.2725511
50905 -0.4625373
51005 0.60873365
51105 1.4996176
51205 2.4394393
51305 3.0572138
51405 3.4752445
51505 3.5869236
51605 3.5789394
51705 3.2518234
51805 2.1298037
51905 0.9544234
52005 -0.32225418
52105 -1.2304192
52205 -1.6931472
52305 -1.9562144
52405 -2.001462
52505 -1.7895951
52605 -1.1945572
52705 -0.15922022
52805 0.9938936
52905 1.9055123
53005 2.5995278
53105 3.0145893
53205 3.290719
53305 3.396862
53405 3.3099117
53505 2.7299523
53605 1.7352066
53705 0.6840091
53805 -0.4245758
53905 -1.2116275
54005 -1.7216716
54105 -1.8286037
54205 -1.9072042
54305 -1.8260124
54405 -1.296262
54505 -0.23672533
54605 0.8571892
54705 1.7912307
54805 2.483037
54905 2.8886719
55005 3.0737705
55105 3.089137
55205 2.9673934
55305 2.2983346
55405 1.2109756
55505 -0.09228945
55605 -1.3039253
55705 -1.9227314
55805 -2.200437
55905 -2.0987308
56005 -1.7874184
56105 -1.1278358
56205 -0.044730186
56305 1.0114775
56405 1.9387026
56505 2.6936455
56605 3.115923
56705 3.2246952
56805 3.119895
56905 2.6439195
57005 1.6654329
57105 0.25414133
57205 -0.77934074
57305 -1.555373
57405 -1.8804564
57505 -1.9842136
57605 -1.7561002
57705 -1.5369372
57805 -0.8428564
57905 0.1694889
58006 1.2800198
58105 2.0637712
58205 2.7412653
58305 3.1140804
58404 3.1861134
58505 3.1263828
58605 2.792314
58705 1.578218
58805 0.20403528
58905 -1.1352334
59005 -1.6769862
59105 -1.9286599
59205 -1.8841853
59305 -1.6257057
59405 -1.2603679
59505 -0.45936394
59605 0.78376484
59705 1.9414496
59805 2.8885279
59905 3.5267782
60005 3.8438091
60105 3.712988
60205 2.8394232
60305 1.7600708
60405 0.4550023
60505 -0.88888454
60605 -1.6164501
60705 -1.9915147
60805 -2.217359
60905 -2.1994128
61006 -1.8501382
61105 -1.0904114
61205 -0.011363506
61305 1.1714396
61405 2.1454935
61505 2.7994828
61605 3.1688051
61705 3.2814932
61805 3.2454872
61905 2.8638167
62005 1.923429
62105 0.7658696
62205 -0.76715946
62305 -1.743742
62405 -2.386857
62505 -2.4483018
62605 -2.3045523
62705 -2.1065803
62805 -1.6781144
62906 -1.3696513
63005 -0.067922115
63105 0.75459146
63205 1.7944245
63305 2.5007677
63405 2.8527932
63505 3.044321
63605 3.1043873
63705 3.0717888
63805 2.2973213
63905 0.9761877
64005 -0.4309988
64105 -1.6556466
64205 -2.3432865
64305 -2.7843318
64405 -3.0756521
64505 -3.1322408
64605 -2.7745938
64705 -1.5965774
64805 0.017867565
64905 1.284287
65005 2.2901483
65105 2.9600053
65205 3.3130665
65305 3.3673534
65405 3.1063385
65505 2.2276168
65605 1.2382431
65705 -0.08832884
65805 -1.3981915
65905 -2.0494614
66005 -2.3680005
66105 -2.2338915
66205 -1.9290218
66305 -1.6889439
66405 -1.1731911
66505 0.027338505
66605 0.98652935
66705 1.9435797
66805 2.4795952
66905 2.9565988
67005 3.3439026
67106 3.5040112
67205 3.3903732
67305 2.7462325
67404 1.4613638
67505 0.013697147
67605 -1.2794557
67705 -2.199863
67805 -2.6044438
67905 -2.654791
68005 -2.5014114
68105 -1.83848
68205 -1.0247257
68305 0.2539096
68405 1.4685836
68505 2.3176966
68605 2.8378854
68705 3.1820097
68805 3.2697582
68905 3.2294912
69005 2.7743173
69105 1.8030229
69205 0.3148036
69305 -1.239383
69405 -2.1238437
69505 -2.2479491
69605 -2.2268462
69705 -2.0519633
69805 -1.8169377
69905 -1.1542728
70005 0.24904537
70105 1.5579681
70205 2.6227942
70305 3.4036722
70405 3.816825
70505 3.9536266
70605 3.8221216
70705 3.3299427
70805 2.3145118
70905 0.84972286
71005 -0.534781
71105 -1.6435318
71205 -2.3726764
71305 -2.5910459
71405 -2.5571103
71505 -2.2534523
71605 -1.8825643
71705 -0.9733882
71805 0.5163026
71905 1.7584
72005 2.692141
72105 3.5207195
72205 3.9193935
72305 3.9884167
72405 3.662097
72505 2.2581353
72605 0.80281687
72705 -0.928874
72805 -1.9416761
72905 -2.5348918
73005 -2.5657995
73105 -2.439333
73205 -2.3057833
73305 -1.7200675
73405 -0.3077078
73505 0.80913067
73605 1.8426847
73705 2.534855
73805 2.9801307
73905 3.2315893
74005 3.2731438
74105 3.060213
74205 2.0875692
74305 0.95234394
74405 -0.6479187
74505 -1.5194561
74605 -2.2012913
74704 -2.4490764
74805 -2.5130389
74905 -2.3762643
