269 1.4456625
370 1.8707781
470 2.049797
571 2.178102
671 2.2415009
771 2.2511916
870 2.0628119
971 1.0111532
1071 0.24073362
1171 -0.23431587
1271 -0.4573245
1372 -0.6175966
1471 -0.7251425
1572 -0.75859356
1673 -0.735322
1772 -0.4736681
1873 0.45042276
1973 1.1555758
2073 1.8074102
2173 2.1686754
2273 2.4167838
2374 2.439588
2473 2.3962936
2574 2.0747213
2674 1.3881407
2773 0.7869034
2874 0.18159246
2974 -0.2519374
3075 -0.43635654
3174 -0.5951958
3275 -0.6617532
3375 -0.6712022
3475 -0.6455393
3576 -0.4945097
3675 0.18051052
3776 1.0669012
3858 2.0012407
3958 2.3855886
4058 2.6977744
4158 2.8580718
4258 2.9015503
4358 2.871653
4460 2.8335066
4560 2.7148046
4661 2.3485932
4761 1.3728638
4861 0.65417576
4961 0.055139065
5061 -0.12730217
5161 -0.19900274
5262 -0.19541073
5362 -0.13032532
5462 0.09740162
5562 0.60708904
5662 1.3419662
5762 1.8303285
5862 2.0358877
5963 2.1369934
6063 2.1675124
6163 2.1843047
6263 2.1888123
6363 2.1894507
6463 1.9296508
6563 0.23111773
6664 -0.5264902
6764 -0.9669924
6864 -1.1302669
6964 -1.1720657
7064 -1.1217244
7164 -0.8941579
7265 -0.2931676
7365 0.37673426
7465 0.9942651
7565 1.5172796
7665 1.803309
7766 1.9655161
7866 2.0195694
7966 2.0514436
8066 1.8989134
8166 1.0617795
8266 0.24872494
8366 -0.52965117
8466 -0.9581628
8566 -1.0377762
8668 -0.959342
8767 -0.6917615
8867 -0.20745087
8967 0.29698133
9067 0.8056631
9168 1.5666947
9268 2.292572
9369 2.664145
9468 2.7799683
9569 2.794931
9669 2.8028603
9768 2.8048577
9869 2.7794495
9969 2.0878754
10070 0.9368124
10387 -0.8124461
10487 -0.9538374
10587 -0.96605206
10687 -0.8674841
10787 -0.019754887
10888 0.9171877
10988 1.6376939
11088 1.9599671
11188 2.210679
11288 2.3200364
11388 2.3702369
11488 2.3943644
11589 2.404953
11989 1.769063
12090 0.65646076
12507 -0.012653351
12607 0.21608257
12707 0.51413107
12807 0.7450557
12908 0.99740887
13008 1.3631258
13108 1.5766501
13208 1.6629844
13308 1.6663885
13408 1.6028314
13509 1.114685
13609 0.73147964
13709 0.18410015
13809 -0.32225513
13909 -0.53583336
14009 -0.5457816
14109 -0.46183968
14210 -0.17955399
14310 0.19308329
14410 0.7262559
14510 1.2660575
14611 1.4231339
14710 1.4842811
14810 1.4998093
14911 1.4599023
15011 1.115303
15111 0.38469982
15211 -0.3181343
15311 -0.42913437
15411 -0.45663214
15512 -0.43950033
15611 -0.26810026
15712 0.17730474
15813 0.6453347
15913 1.2290263
16012 1.6359453
16112 1.9872322
16213 2.2008452
16314 2.2861533
16414 2.3590279
16513 2.4027429
16614 2.4379869
16714 2.4625611
16815 2.4678626
16915 2.4684372
17014 2.4685717
17114 2.4687195
17214 2.2094932
17315 1.2678242
17415 0.5550065
17515 0.060836792
17616 -0.35153103
17933 -1.7469609
18032 -1.8117003
18132 -1.8430593
18233 -1.8559852
18333 -1.8483152
18433 -1.6784546
18534 -0.6030431
18634 0.12638378
18734 1.0850949
18834 1.8792472
18935 2.235241
19035 2.9899359
19135 3.217867
19234 3.2328482
19335 3.2344837
19436 3.2347527
19536 3.2291908
19635 1.8614044
20003 -1.0542343
20102 -1.3143013
20203 -1.420546
20303 -1.4430718
20403 -1.4019713
20503 -1.0241356
20604 0.08034897
20704 1.30268
20805 1.9048295
20905 2.4599752
21004 3.1152353
21105 3.894209
21204 4.1553545
21539 3.7437496
21638 2.895687
21738 2.0450478
21840 1.1028671
21939 0.08017731
22040 -0.4322033
22139 -0.6257758
22240 -0.667243
22339 -0.6775298
22440 -0.6887579
22541 -0.6101141
22641 0.31668472
22723 1.0576267
22823 1.6786375
22923 2.1266022
23023 2.7327433
23124 3.2823439
23223 3.6779528
23323 3.938611
23425 3.9394894
23792 2.8763428
23892 1.5016623
23992 0.80603695
24092 -0.016899109
24193 -0.6755934
24293 -1.1406238
24394 -1.4273021
24493 -1.4900126
24594 -1.508899
24693 -1.3676472
24794 -0.5892248
24894 0.067521095
24995 1.0469608
25311 2.6830702
25412 2.7632318
25512 2.8638968
25613 2.8944387
25712 2.9015121
25813 2.7597528
25913 1.8661547
26012 0.6763587
26113 -0.2808032
26213 -0.86124086
26314 -1.0516376
26414 -1.1518223
26513 -1.2475612
26614 -1.3067367
26714 -1.3239567
26815 -1.2419255
26915 -0.91138554
27014 -0.070702076
27115 0.7303972
27215 1.4966764
27316 1.8145876
27415 1.9586716
27515 2.5111947
27616 2.7950134
27716 2.8026018
27816 2.8050766
27916 2.7747192
28016 2.731256
28116 1.7397261
28217 0.9087267
28316 0.37824535
28417 -0.06491804
28516 -0.55725
28617 -0.90297794
28718 -1.0724921
28818 -1.1268158
28918 -1.1494508
29018 -1.1235695
29118 -0.9455209
29218 0.09542704
29318 0.9594717
29419 1.5140953
29518 1.8363571
29619 1.9391861
29719 2.4244828
29819 2.542849
29920 2.546949
30019 2.5471754
30120 2.5473228
30220 2.5484467
30320 2.2114754
30420 0.5637202
30521 -0.41694546
30620 -0.985919
30721 -1.2331054
30803 -1.3344383
30903 -1.3537755
31003 -1.2868705
31103 -1.1597469
31203 -0.50459814
31303 0.17733288
31405 0.79655933
31505 1.299356
31606 1.543448
31706 1.9769707
31806 2.7203932
31906 3.1950836
32006 3.212119
32106 3.8590298
32207 3.778719
32306 3.714261
32407 1.8112311
32507 0.76421213
32607 0.043934822
32707 -0.48858833
32807 -0.8553872
32908 -1.0943966
33008 -1.1306717
33108 -1.1244998
33208 -1.0222077
33308 -0.87360764
33408 -0.21490002
33509 0.57178164
33609 1.0294619
33709 1.6590757
33809 2.5493903
33909 3.6600132
34009 0.0
34110 0.0
34210 0.0
34310 0.0
34627 0.0
34727 0.0
34827 0.0
35161 0.0
35261 0.0
35361 0.0
35462 0.0
35562 0.0
35662 0.0
35762 0.0
35863 0.0
35963 0.0
36063 0.0
36163 0.0
36264 1.2693787
36363 -0.19263363
36464 -1.0673289
36564 -1.3954129
36664 -1.4747491
36764 -1.3830173
36865 -1.1735001
36965 -0.69141483
37065 0.07152367
37165 0.9196768
37265 1.3016753
37366 1.5267882
37466 1.6401491
37566 1.9480233
37665 2.2833533
37766 2.3133316
37865 2.3837938
37966 2.4670777
38067 2.7414918
38167 2.8163576
38266 2.8457246
38367 2.8768334
38467 2.763781
38567 2.4051652
38668 1.954072
38768 1.199789
38868 0.45179272
38950 -0.7698331
39050 -1.6181133
39150 -2.5372705
39250 -2.60082
39350 -2.5721056
39450 -2.4821277
39552 -1.9363542
39652 -1.34379
39753 -0.7538433
39853 -0.14074516
39953 0.56308126
40053 1.337235
40153 1.904489
40253 2.708922
40353 3.4572668
40454 3.955638
40554 3.9704342
40654 3.6548796
40754 3.2103386
40854 2.4608068
40954 1.7194734
41055 1.0604835
41155 0.3659544
41255 -0.2975855
41355 -1.4504223
41455 -2.3906841
41555 -2.457161
41656 -2.4571123
41756 -1.9788651
41856 -0.9949188
41956 -0.17793751
42056 0.6476469
42156 1.4291024
42256 1.9496903
42357 2.4088602
42457 2.5531845
42557 2.9288154
42657 3.0870094
42757 3.0978756
42857 3.2102623
42957 2.7233086
43058 1.8238425
43158 0.9372721
43258 0.23620129
43358 -0.40744066
43458 -1.0539608
43558 -1.3239255
43658 -1.6638534
43759 -1.7283809
43859 -1.6852665
43960 -1.1282496
44060 -0.2573161
44160 0.26288652
44260 1.0111938
44360 1.6030059
44461 2.094119
44560 2.6721406
44660 2.8739023
44760 2.8815627
44861 2.8827186
44961 2.8932772
45062 2.86452
45162 1.9569511
45261 1.3559036
45361 0.3950262
45462 -0.20480537
45562 -0.59653187
45663 -0.8557291
45762 -0.9938793
45863 -1.034287
45963 -1.0082259
46063 -0.7166729
46163 0.08969641
46263 0.6779914
46363 1.1016169
46464 1.4346733
46564 1.748918
46664 2.0855942
46764 2.135848
46865 2.167769
46965 2.1677222
47065 2.0722952
47165 1.8709183
47265 1.5964675
47365 1.3484693
47465 0.8437319
47566 0.33298588
47665 -0.017413616
47766 -0.15312243
47866 -0.14669895
47967 -0.06397867
48067 0.071056366
48167 0.40983534
48267 0.85288334
48367 1.0560842
48467 1.1711302
48567 1.3537455
48667 1.3556967
48768 1.3401117
48868 1.257163
48950 1.1153073
49050 0.91710806
49151 0.5572958
49250 0.13915491
49350 -0.109274864
49450 -0.25284147
49552 -0.37137413
49652 -0.33807516
49753 -0.13593578
49853 0.4085021
49953 0.95048237
50053 1.5039673
50153 1.6601548
50253 1.674479
50354 1.6761107
50454 1.640832
50554 1.0590277
50654 0.42682743
50754 -0.05241871
50854 -0.34728146
50954 -0.5019865
51055 -0.5324364
51155 -0.47614622
51255 -0.25669146
51355 0.25485802
51455 0.5867748
51555 0.9136348
51656 1.3988886
51756 1.6900163
51856 1.7485137
51956 1.7432165
52056 1.5745645
52156 1.0460877
52256 0.44548464
52357 -0.0010228157
52457 -0.44650412
52557 -0.6036043
52657 -0.62343454
52757 -0.45010662
52857 -0.23604107
52957 0.14029598
53058 0.7006178
53375 1.6628442
53475 1.6912003
53575 1.693788
53676 1.6924009
53776 1.6817031
53876 1.3886528
53976 0.83836746
54076 0.27668428
54177 -0.14923
54277 -0.44169092
54376 -0.4406991
54477 -0.2597928
54578 -0.034472942
54677 0.4080019
54778 1.2244825
54877 2.0861673
54977 2.5847244
55078 2.7822914
55178 2.3720946
55279 1.5781732
55379 0.56123304
55479 -0.24061775
55579 -0.6412749
55679 -1.2074592
55780 -1.3543563
55880 -1.3012624
56213 0.9178438
56313 1.5876374
56413 2.0458145
56513 2.334773
56614 2.3583288
56715 2.2935762
56814 1.9207525
56914 1.0781054
57015 -0.040798187
57115 -0.8448014
57215 -1.3477612
57316 -1.5893726
57416 -1.678812
57799 -0.9907484
57899 0.22292471
57999 1.0894985
58099 1.7077141
58200 2.1821609
58300 2.3967972
58400 2.4264288
58501 2.2548995
58600 1.68395
58700 0.82900333
58800 0.29386044
59218 -0.26950645
59318 0.061818123
59419 0.44338036
59518 0.8416853
59619 1.4183602
59720 2.0047035
59820 2.2946281
59919 2.3653326
60020 2.3357277
60120 2.1652465
60220 1.5473661
60320 0.79220295
60421 0.12213993
60520 -0.35013676
60871 -0.78787994
60953 -0.59364843
61053 0.16968966
61153 1.3267059
61253 2.1065264
61355 2.6580315
61456 2.8023024
61556 2.8197565
61656 2.7955527
61756 2.6081262
61856 1.6490402
61956 0.9175048
62057 0.13737917
62157 -0.71094704
62257 -1.1677747
62357 -1.2825475
62457 -1.3157177
62557 -1.3443131
62658 -1.3831813
62757 -1.2902088
62858 -0.443089
62958 1.4324493
63058 2.4355493
63158 3.0605907
63258 3.4433851
63358 3.494403
63458 3.3659725
63559 3.1265087
63659 2.4389205
63760 0.94289446
63859 -0.21686363
63959 -0.7408366
64060 -0.9853482
64160 -0.99363756
64260 -0.9187918
64360 -0.7821617
64460 -0.53405094
64561 -0.3221841
64660 -0.2682829
64760 -0.22966862
64861 -0.18019867
64961 -0.09706831
65062 -0.050887108
65161 -0.02126503
65261 -0.014536858
65362 -0.046335697
65461 -0.33510542
65562 -0.5855551
65662 -0.7609019
65763 -0.834568
65863 -0.82432556
65962 -0.5555377
66063 -0.07174444
66163 0.46194506
66264 0.9595895
66363 1.346549
66463 1.477263
66564 1.5020499
66664 1.4519706
66764 1.364924
66864 0.86754274
66965 0.25654364
67064 -0.08340359
67165 -0.3706665
67265 -0.44419956
67366 -0.47318983
67466 -0.44676876
67566 -0.37386274
67666 -0.1741767
67765 0.38464117
67866 1.2112737
67967 1.6534181
68066 1.7539139
68167 1.7573051
68267 1.7483225
68367 1.7121758
68467 1.397635
68568 0.6659746
68668 -0.106767654
68767 -0.82232666
68868 -1.3405681
68968 -1.5217919
69068 -1.4980652
69168 -1.1942687
69269 -0.55410194
69369 -0.1588006
69469 1.022891
69569 1.6988878
69669 1.9911041
69769 2.0109186
69869 1.9399872
69969 1.8583999
70070 1.7175331
70170 1.294972
70270 0.5659628
70371 -0.08151674
70470 -0.49516535
70571 -0.79116154
70671 -0.8355799
70753 -0.8173394
70853 -0.56364346
70953 -0.09415293
71053 0.3817315
71153 0.8262434
71255 1.4598098
71355 1.6562476
71455 1.67763
71556 1.6778307
71656 1.6553726
71756 1.4814339
71856 0.6447077
71956 0.046991825
72057 -0.5698123
72157 -1.0447209
72257 -1.1485202
72357 -0.9899039
72457 -0.62294865
72557 -0.2769766
72657 0.09260273
72757 0.6826601
72858 1.1298199
72958 1.2863569
73058 1.2724228
73158 1.228591
73259 1.1346254
73359 0.65804815
73459 -0.042203903
73559 -0.6479745
73659 -1.0403163
73759 -1.2547035
73859 -1.258084
73959 -0.99376345
74060 -0.22681522
74160 0.39801073
74261 0.86673117
74360 1.1930189
74460 1.399095
74560 1.4520044
74661 1.3497787
74760 1.0026126
74861 0.42296505
74961 -0.077282906
49 -0.31909657
148 0.3783064
249 1.1432528
349 1.7867365
449 2.2624145
549 2.4973426
649 2.5363874
750 2.374446
849 1.6876478
949 0.50789595
1050 -0.098507404
1150 -0.4969945
1250 -0.90062
1351 -1.1334546
1451 -1.2919242
1551 -1.2907536
1634 -1.2434239
1733 -1.1657932
1833 -1.074532
1933 -0.843101
2033 0.22502422
2135 1.5735221
2236 2.1737795
2336 2.594798
2669 1.5946302
2769 0.5014715
2870 -0.13485146
2969 -0.5038495
3070 -0.78332996
3170 -1.0806689
3270 -1.1937859
3371 -1.0096142
3470 -0.37463856
3553 0.3486328
3653 1.1915894
3753 1.7506385
3853 2.226954
3953 2.3990426
4053 2.3900862
4155 2.1349478
4256 1.7438765
4356 1.4772272
4456 0.962697
4556 0.34910297
4656 -6.914139E-4
4756 -0.22131348
4856 -0.26954174
4957 -0.1625843
5057 0.6532774
5157 1.5347242
5257 2.1526327
5357 2.505641
5457 2.727262
5557 2.7387671
5658 2.3906965
5758 0.9037638
5858 -0.22480822
5958 -0.5577936
6058 -0.6716175
6158 -0.6793289
6258 -0.6085367
6358 -0.40826893
6459 -0.023585796
6559 0.7849755
6659 1.5582924
6759 2.2572374
6860 2.521772
6960 2.5061073
7060 2.3682938
7161 2.0714483
7260 1.0066967
7360 -0.059206963
7461 -0.67272663
7560 -0.9735117
7661 -1.1025891
7761 -1.0847516
7861 -0.8676672
7961 -0.18314838
8062 0.92121553
8162 1.583838
8262 1.7900743
8362 1.821383
8462 1.5756135
8562 0.30866814
8663 -0.46183395
8763 -0.8677726
8863 -0.97846603
8963 -0.9634857
9063 -0.788743
9414 0.8476949
9513 0.8633394
9615 0.22261143
9714 -0.7257385
9815 -1.1595502
9915 -1.4393883
10015 -1.5350921
10114 -1.4703975
10215 -1.1200359
10316 -0.026322365
10415 0.89277697
10516 1.8640647
10616 2.3570871
10950 1.6881781
11050 0.57314444
11150 0.03727436
11250 -0.21916628
11351 -0.40905
11451 -0.5395446
11551 -0.5921569
11651 -0.5384269
11751 0.029828548
11851 1.3354068
11951 2.1582117
12052 2.360756
12134 2.3762145
12234 2.382577
12334 2.384449
12434 2.2782006
12534 1.6484575
12634 0.7682924
12736 0.032374382
12837 -0.50604534
13204 -1.1554112
13304 -1.0331185
13403 -0.57851124
13504 0.59583855
13604 1.4794855
13704 2.31324
13805 2.6707473
13905 2.685553
14004 2.469317
14105 1.9948874
14205 1.4571471
14305 0.29568768
14405 -0.47697163
14505 -0.94577265
14606 -1.1811497
14706 -1.2234445
15023 -0.10836506
15123 0.85129404
15224 1.5699944
15323 1.9667411
15424 2.172511
15524 2.1159134
15624 1.8071709
15724 0.9077463
15824 -0.0053167343
15925 -0.561697
16025 -0.9529772
16125 -1.2188237
16225 -1.3421702
16325 -1.3730369
16426 -1.2311909
16525 -0.06486368
16626 1.0710449
16727 1.7452178
16826 2.1053557
16926 2.2697892
17026 2.2990828
17126 2.3054419
17227 2.0435638
17328 1.0959482
17428 0.05084133
17528 -0.51763344
17628 -0.7840729
17728 -0.9810896
17828 -1.128154
17929 -1.1522248
18028 -1.1404481
18129 -0.8972244
18228 -0.0059313774
18329 0.94441605
18429 1.6491914
18529 2.0699377
18630 2.2853827
18729 2.4501467
18830 2.4924264
18930 2.48739
19030 2.3523726
19130 1.3854389
19547 -1.5227609
19647 -1.5664592
19748 -1.5528705
19848 -1.5339127
19948 -1.4464467
20048 -0.08852482
20149 1.4137201
20249 2.045333
20349 2.3576803
20767 3.2941313
20867 3.1727543
20967 3.0359573
21067 2.6765127
21167 2.0293412
21267 0.898963
21367 -0.021674156
21467 -0.64412737
21568 -1.1089988
21667 -1.3610446
21768 -1.3849292
21868 -0.918982
21969 0.5141344
22069 1.4133162
22168 2.0832534
22269 2.5482888
22369 2.645658
22469 2.980063
22570 3.2651834
22670 3.4814243
22770 3.2535105
22869 2.8446984
22970 2.3665113
23070 0.7569623
23171 0.03899145
23271 -0.38951635
23370 -0.6123266
23471 -0.7727299
23571 -0.92365694
23671 -1.072406
23989 0.8737745
24088 1.5432091
24189 2.0642443
24289 2.7374878
24389 3.2646847
24489 3.4396906
24590 3.4540596
24690 3.0972185
24790 1.9819169
24890 1.1738553
24990 0.65872383
25089 0.17886591
25190 -0.5530515
25290 -1.6946743
25390 -2.3069837
25491 -2.6204894
25590 -2.5641522
25691 -2.2164016
25791 -1.4607532
25892 -0.077756405
25992 0.6846342
26092 1.5524626
26192 2.6397486
26292 3.1751318
26393 3.428543
26493 3.5573454
26593 3.6181746
26693 3.6570692
26793 3.4737701
26893 2.542375
26994 1.1257553
27094 -0.014691353
27194 -0.825192
27294 -1.5578399
27394 -2.188663
27494 -2.5434668
27595 -2.4915757
27694 -2.382277
27795 -1.5954926
27877 -0.21953917
27977 1.0349054
28077 1.861763
28177 2.491375
28277 2.768979
28377 2.954255
28479 3.1404858
28579 3.2825356
28680 3.3102112
28780 3.0285788
28880 2.3853173
28980 1.3305254
29080 0.4480276
29180 -0.5793805
29280 -1.3001156
29381 -1.976923
29481 -2.1778193
29581 -2.0071013
29681 -1.1446643
29781 0.15219784
29881 0.9847703
29981 1.6526861
30082 2.0329895
30182 2.1381288
30282 2.4172196
30383 2.685946
30482 2.7934866
30582 2.8216386
30683 2.8213134
30783 2.7003975
30883 2.0720687
30983 1.3816476
31083 0.6927185
31183 0.31953478
31283 -0.070469856
31384 -0.33516788
31484 -0.6191888
31584 -0.6989231
31684 -0.70833683
31785 -0.56161404
31884 0.4106183
31986 1.0296144
32086 1.4928994
32186 1.850966
32286 2.3027039
32385 2.683982
32486 2.7392058
32585 2.746502
32686 2.7493348
32787 2.6820564
32887 1.7542777
32986 0.42843485
33087 -0.18874979
33187 -0.37957287
33287 -0.5442095
33387 -0.67741966
33487 -0.73857784
33588 -0.75479174
33688 -0.7550082
33788 -0.7416215
33888 -0.64721394
33988 0.106556416
34088 0.9127946
34189 1.5894027
34289 1.9433718
34389 2.229969
34489 2.3446283
34590 2.3783479
34690 2.337574
34789 1.9823904
34890 1.0127659
34990 0.29075718
35090 -0.11531305
35191 -0.31311846
35290 -0.45781326
35390 -0.5184355
35491 -0.5322218
35591 -0.53678894
35691 -0.5230894
35791 -0.4262128
35892 0.2760048
35991 0.99169016
36092 1.3964748
36192 1.7786245
36293 2.030829
36393 2.1633058
36492 2.2055497
36593 2.220543
36693 2.18897
36793 1.9698067
36893 1.3642764
36994 0.780004
37094 0.47635698
37194 0.22049236
37294 -0.061408997
37394 -0.20696783
37495 -0.30570316
37595 -0.32168722
37695 -0.2544427
38012 1.6967392
38112 1.7571707
38212 1.7846069
38312 1.8478136
38413 2.042791
38513 2.4436555
38612 2.6100416
38713 2.5226226
38813 1.7602396
38913 0.8144212
39014 0.45481157
39114 0.28382778
39214 0.11841059
39314 -0.0057935715
39414 -0.06456852
39815 0.5609369
39915 0.72508574
40015 0.9504957
40115 1.221231
40215 1.7810297
40316 2.2187476
40416 2.4494467
40516 2.5134897
40616 2.5327392
40716 2.5257387
40816 2.2904854
40917 1.9473968
41017 1.1379442
41117 0.59240437
41217 0.38640785
41317 0.2063961
41417 0.09334135
41517 0.056847572
41618 0.07063007
41718 0.33556318
41818 1.0823188
41919 1.5317078
42018 1.9112215
42118 2.090908
42219 2.2654076
42319 2.3485346
42419 2.3774629
42520 2.3789163
42619 2.380227
42719 2.3321328
42820 1.9861016
42919 1.7447386
43020 1.4713569
43121 0.8372941
43220 0.3282237
43321 -0.011185646
43420 -0.1496706
43521 -0.17836475
43622 -0.18726397
43722 -0.17557192
43821 -0.11299229
43922 0.39974403
44021 1.4324951
44122 1.8350496
44221 1.9923196
44322 2.0837326
44423 2.2534509
44523 2.4320588
44623 2.4697561
44723 2.3171058
44823 1.1970816
44924 0.33318806
45023 -0.10641956
45123 -0.38070965
45224 -0.53102684
45324 -0.6128316
45424 -0.6443629
45524 -0.65479755
45624 -0.6504545
45724 -0.42335176
45824 -0.11161232
45925 0.48285675
46025 1.5858316
46125 1.9309821
46226 2.0600824
46326 2.0764503
46426 2.0766602
46525 2.0707345
46626 1.954895
46727 1.5598946
46826 0.6868639
46927 0.054395676
47027 -0.5154729
47127 -0.81873035
47228 -0.95969105
47328 -1.0057075
47427 -1.0076256
47528 -1.0037181
47628 -0.99661684
47728 -0.91401815
47829 -0.26542044
47929 0.74697065
48028 1.2549548
48129 1.5698113
48229 1.734201
48329 1.794528
48429 1.8147674
48530 1.8193946
48629 1.8230066
48730 1.8028898
48812 1.7003393
48912 1.5125527
49012 1.4236555
49112 1.2827716
49212 0.6019001
49313 -0.14626217
49414 -0.5048008
49514 -0.7599554
49615 -0.82228184
49715 -0.8476734
49815 -0.85736465
49915 -0.8535185
50015 -0.8038044
50115 -0.6870365
50215 -0.2042656
50316 0.6382675
50416 1.2442994
50516 1.5124335
50616 1.569613
50716 1.6140518
50816 1.6163583
50916 1.617074
51017 1.6107774
51117 1.4047747
51217 0.8780885
51317 0.20097446
51417 -0.23354149
51517 -0.73205376
51617 -1.0497851
51718 -1.1306336
51818 -1.1152275
51919 -1.0990517
52018 -1.0707562
52118 -0.97455883
52219 -0.63574505
52319 0.41828823
52419 1.2441316
52519 1.5477538
52619 1.6333961
52720 1.5769806
52819 1.4762177
52921 1.3126693
53021 1.0832477
53120 0.56053925
53221 0.2873273
53537 -0.3381605
53638 -0.39897203
53738 -0.4224825
53838 -0.4319105
53938 -0.43630266
54039 -0.43586397
54139 -0.388669
54239 -0.10668039
54339 0.53738785
54440 0.77295923
54539 0.8124671
54640 0.8029928
54739 0.7840824
55141 0.3569231
55241 -0.04272318
55340 -0.4281826
55440 -0.6179495
55541 -0.73506975
55641 -0.727653
55741 -0.6331587
55841 -0.5367727
55941 -0.43385077
56041 -0.19371367
56141 0.19820642
56242 0.60011005
56343 0.7869277
56442 0.8819027
56543 0.95325994
56642 1.0412893
56742 1.1506248
56844 1.2831545
56943 1.3286433
57043 1.357048
57144 1.3539653
57243 0.8320341
57345 -0.048810005
57444 -0.42305326
57545 -0.73384094
57644 -0.84575367
57745 -0.8581743
57845 -0.81993294
57944 -0.55149937
58046 0.26240826
58146 0.8796644
58245 1.3769789
58346 1.6652269
58446 1.8529043
58547 1.9128594
58646 1.9252739
58747 1.866313
58847 1.6965933
58946 1.0108314
59047 0.3261099
59147 -0.11358261
59247 -0.3680482
59347 -0.52852964
59448 -0.5677662
59548 -0.52562046
59648 -0.20921421
59982 0.94170856
60065 1.3531427
60164 1.6175728
60264 1.7621398
60364 1.7952523
60716 1.0770988
60816 0.5305948
60916 0.23294544
61017 0.09289503
61117 0.041157722
61217 -0.028700829
61318 -0.055233
61417 -0.04133892
61518 0.48855305
61617 1.338624
61718 1.6610527
61818 1.8652115
62152 2.0615325
62252 1.5437722
62352 1.0994668
62453 0.69759893
62553 0.40186357
62653 0.17531681
62753 0.081912994
62854 0.07428455
62953 0.07363844
63054 0.08489609
63136 0.18272066
63236 0.76298094
63336 1.359344
63436 1.5016327
63536 1.6431684
63636 1.6691499
63738 1.6498194
63838 1.6197791
63939 1.5547767
64039 1.3435674
64139 0.89011955
64239 0.44992352
64339 0.25886106
64439 0.18440437
64539 0.1698885
64640 0.18274069
64740 0.55266285
64840 1.1830807
64940 1.5597167
65040 1.6849875
65140 1.7998695
65240 1.8484182
65341 1.8637328
65658 0.7823911
65758 0.33254957
65858 0.06022978
65958 -0.085395336
66058 -0.17351818
66158 -0.19661856
66258 -0.17946434
66359 -0.09964657
66460 0.14974594
66559 0.65401316
66660 1.0744467
66759 1.3081846
66860 1.4031014
67261 1.4071264
67361 0.8952098
67461 0.33746052
67561 0.069065094
67661 -0.031338215
67761 -0.06137085
67861 -0.06868839
67961 -0.045449734
68062 0.14958382
68162 0.63947487
68496 1.2689791
68596 1.2846799
68697 1.2696581
69113 0.59014416
69214 0.5543804
69314 0.5387068
69414 0.86732197
69831 1.3686571
69932 1.3724985
70031 1.3084326
70131 0.97525597
70233 0.5146537
70333 0.24306393
70432 0.1427989
70533 0.08004284
70615 0.042462826
70715 0.039069653
70815 0.41719532
70915 1.2596788
71015 1.6978197
71115 1.8046522
71217 1.8213806
71317 1.8190298
71418 1.7081275
71518 1.4479814
71618 0.74850607
71718 0.17881393
71818 -0.13753605
71918 -0.3023095
72019 -0.42547417
72119 -0.46139097
72219 -0.46291065
72319 -0.4253559
72419 -0.09335327
72520 0.8997526
72619 1.2203798
72720 1.3540583
72820 1.38342
72920 1.3882127
73237 0.06935835
73337 -0.20853376
73438 -0.2983389
73538 -0.29260635
73638 -0.23965359
73738 0.03313923
73838 0.8281646
73938 1.3162303
74038 1.4433107
74138 1.4732733
74239 1.4702272
74339 1.3996744
74439 1.1201715
74540 0.6741514
74639 0.19678831
