70 3.1221933
171 3.4691677
270 3.6397104
371 3.5820665
470 3.0885077
571 2.4627128
673 1.4602752
771 0.58004713
871 -0.3239298
971 -1.301714
1073 -2.2975762
1172 -2.8405268
1273 -3.0313544
1373 -2.986269
1472 -2.9099798
1572 -2.6012304
1673 -1.8959024
1772 -0.41915035
1873 0.69370174
1973 1.8271942
2073 2.648655
2174 3.2019215
2274 3.4025106
2374 3.3953695
2474 3.1532135
2574 2.6599169
2674 1.9693689
2776 0.962409
2876 -0.018522263
2975 -1.1521893
3076 -2.3283348
3175 -3.1859689
3276 -3.665466
3375 -3.8812547
3476 -3.6565623
3576 -3.2090354
3676 -2.430842
3776 -1.3017211
3876 -0.2595253
3978 0.7911458
4077 1.9609728
4177 2.7592087
4278 3.3385239
4377 3.4811497
4477 3.4831657
4578 3.320012
4677 2.739554
4778 1.8684387
4878 0.73993015
4978 -0.2698393
5078 -1.3817368
5179 -2.4340546
5279 -2.9888082
5379 -3.3178246
5479 -3.3331685
5579 -3.0982037
5680 -2.5038831
5781 -1.5749245
5880 -0.72995806
5979 0.35921717
6080 1.4060068
6180 2.17734
6280 2.8878417
6380 3.244792
6480 3.3995476
6580 3.435728
6681 3.2725945
6782 2.822957
6882 2.0575933
6981 1.0663786
7082 0.102892876
7181 -0.8421221
7282 -1.7258472
7382 -2.2027752
7482 -2.3934565
7582 -2.4570878
7683 -2.400367
7783 -1.8197463
7884 -0.84709597
7984 0.04707575
8084 1.042881
8183 1.8543749
8284 2.6636658
8384 3.1450481
8468 3.4574642
8584 3.5572224
8668 3.5734196
8769 3.509695
8869 3.0374727
8969 1.9800744
9069 1.1243658
9169 0.082680225
9285 -1.1350238
9368 -1.9967628
9485 -2.566955
9569 -2.6739874
9670 -2.5369916
9770 -2.0142732
10053 0.21471119
10153 1.0417633
10253 2.0037065
10354 2.7844214
10454 3.4137707
10555 3.627184
10655 3.6452618
10754 3.5242748
10854 3.0748415
10954 2.2523623
11055 1.2779269
11154 0.18307066
11255 -0.9474716
11340 -1.7388654
11439 -2.5200505
11539 -2.8745198
11639 -3.030363
11740 -3.0736313
11839 -2.94478
11957 -2.3157852
12040 -1.4498343
12140 -0.09281826
12490 3.7322254
12591 4.0489426
12691 4.1268244
12791 4.1053896
12891 3.8856754
12991 3.1502895
13092 2.2427912
13192 1.027071
13292 -0.20116329
13392 -1.5925045
13493 -2.6249118
13592 -3.4361176
13693 -3.7224557
13792 -3.7061155
13893 -3.420548
13977 -2.9339607
14077 -2.1758695
14194 -0.75937176
14277 0.52429104
14394 2.0119233
14479 2.8632545
14594 3.5615635
14679 3.7254963
14777 3.7150478
14879 3.4192066
14977 2.9967027
15078 2.2062035
15178 1.2401528
15279 0.2974043
15379 -0.8154974
15478 -1.748323
15578 -2.5682921
15679 -3.1294653
15780 -3.3846865
15879 -3.3952594
15981 -3.234075
16080 -2.5868025
16181 -1.4002671
16280 -0.27406025
16380 0.80682564
16481 1.958107
16581 2.7995858
16682 3.418972
16781 3.65304
16881 3.7508192
16982 3.77672
17082 3.7732563
17181 3.7371435
17282 3.2145653
17382 2.0743384
17482 0.735034
17583 -0.5806656
17683 -1.8010793
17782 -2.818357
17883 -3.269746
17983 -3.3621533
18083 -3.1262364
18183 -2.6546028
18283 -2.0957837
18384 -1.2139733
18484 -0.09321785
18584 0.8549576
18685 2.0079641
18784 2.8670835
18886 3.426237
18984 3.6022549
19085 3.6315584
19185 3.4591713
19285 3.1605844
19385 2.6391234
19486 1.9196143
19586 0.8648133
19686 -0.05476284
19787 -1.2799842
19887 -2.2567103
19987 -2.578565
20086 -2.7471988
20187 -2.6092331
20287 -2.2239044
20386 -1.2794895
20488 -0.30665493
20588 0.66877127
20688 1.6664762
20787 2.4165459
20888 2.9355059
20988 3.2385569
21089 3.3362179
21188 3.3101645
21288 3.130805
21388 2.770172
21489 2.080123
21589 0.74393463
21688 -0.35341263
21791 -1.6354527
21889 -2.2700796
21990 -2.8284614
22090 -2.9336598
22190 -2.87491
22290 -2.537875
22390 -1.5529685
22492 -0.63576365
22591 0.28039312
22690 1.2433634
22791 2.0332313
22891 2.6343102
22992 3.1286306
23092 3.4531326
23191 3.5771818
23292 3.5772085
23391 3.4463196
23491 2.652224
23594 1.0551815
23692 -0.30291653
23793 -1.5636897
23893 -2.6483703
23993 -3.2227955
24093 -3.4277656
24193 -3.5578823
24293 -3.2428105
24394 -2.6070113
24494 -1.6405921
24594 -0.3354082
24695 0.7158556
24794 1.5752206
24895 2.3349748
24995 2.8383188
25095 3.1327686
25195 3.3016605
25295 3.33354
25394 3.2882404
25495 3.096036
25580 2.7123237
25679 2.071794
25780 1.142416
25879 0.26223516
25980 -0.72526455
26079 -1.6180358
26180 -2.2338655
26280 -2.6422725
26380 -2.793324
26482 -2.68955
26580 -2.325528
26680 -1.6720672
26780 -0.9304266
26881 0.117174625
26981 1.0219173
27082 1.9486771
27182 2.611322
27281 2.978427
27382 3.185238
27482 3.2227573
27583 3.1966343
27683 3.0886898
27784 2.6695223
27883 1.9056444
27983 0.89194775
28083 0.0126953125
28183 -0.91977215
28283 -1.6816883
28384 -2.1947358
28484 -2.4048293
28584 -2.494475
28684 -2.430645
28785 -2.2611713
28884 -1.6612229
28984 -0.5904789
29084 0.50095224
29184 1.3383684
29285 1.9336243
29385 2.4884353
29485 2.8910623
29588 3.1158152
29686 3.1665106
29787 3.1355886
29885 2.9227815
29986 2.4757223
30086 1.5401726
30187 0.561286
30287 -0.34962273
30387 -1.14697
30487 -1.7716243
30587 -1.9789908
30688 -2.0614104
30788 -2.0094633
30888 -1.7167649
30989 -1.1045747
31089 -0.40333557
31188 0.38090086
31288 1.1140928
31388 1.8974648
31489 2.4753294
31590 2.9395661
31689 3.0978336
31789 3.1313133
31890 3.0979671
31990 2.9477668
32089 2.3780289
32190 1.4375825
32289 0.265769
32391 -0.6374326
32492 -1.5289993
32590 -2.071913
32691 -2.4093308
32790 -2.3986063
32892 -2.1602035
32991 -1.521317
33091 -0.5986395
33191 0.32070637
33291 1.0281458
33391 1.6931443
33492 2.1478453
33593 2.5149088
33693 2.8119555
33793 3.1064196
33892 3.2742643
33993 3.3122892
34093 3.2223587
34193 2.7477913
34293 1.5576491
34393 0.49545193
34495 -0.30559635
34594 -1.1854095
34694 -1.6477642
34794 -1.8527937
34895 -1.9066529
34994 -1.9079912
35094 -1.8775442
35412 0.75978374
35512 1.7818427
35612 2.5869112
35712 3.0109196
35813 3.2687168
35912 3.3655434
36013 3.406227
36113 3.4147053
36214 3.4158525
36313 3.4060822
36413 3.0285635
36513 1.7679048
36613 0.64542294
36715 -0.27590895
36815 -1.1741288
36915 -1.6953704
37014 -1.8599229
37115 -1.8622661
37215 -1.7362359
37315 -1.4051754
37415 -0.285851
37515 0.51854324
37617 1.4297042
37716 2.1733527
37816 2.7628417
37916 3.113658
38017 3.3116913
38115 3.4203424
38217 3.479123
38316 3.4964924
38417 3.4743366
38516 3.2881203
38617 2.5793252
38718 1.2973433
38818 0.023413658
38919 -0.97421074
39018 -1.8496301
39118 -2.2778213
39218 -2.3610747
39318 -2.3337975
39418 -2.0460124
39519 -1.4209957
39619 -0.39446354
39720 0.4563055
39820 1.1901369
39919 1.9256644
40020 2.488906
40120 2.9455514
40220 3.1733189
40320 3.2437906
40420 3.2247095
40519 3.0200586
40621 2.3702102
40720 1.6698523
40820 0.89841557
40921 0.109036446
41021 -0.65247774
41122 -1.1865292
41221 -1.7510247
41322 -1.9207568
41421 -1.9002898
41522 -1.7358227
41607 -1.3502326
41722 -0.36128807
41806 0.34336948
41906 1.2558384
42006 2.1690216
42106 2.7929854
42224 3.215026
42323 3.3751698
42423 3.426692
42508 3.419755
42623 3.2814445
42707 2.9410949
42807 2.0659533
42910 1.2257352
43010 0.23719311
43111 -0.5921736
43211 -1.4428363
43311 -1.9750011
43412 -2.1397521
43512 -2.208022
43611 -2.1610255
43711 -1.8743038
43812 -1.1066194
43912 -0.075665474
44012 0.7990594
44113 1.8032799
44212 2.529252
44313 3.0213146
44412 3.2190228
44513 3.281519
44612 3.28687
44712 3.2232323
44813 3.039034
44913 2.503209
45015 1.3808231
45113 0.44821405
45214 -0.6076875
45314 -1.5519061
45414 -1.9783947
45514 -2.1066327
45615 -2.0358632
45715 -1.5818944
45815 -0.82780933
45914 0.06303787
46014 0.6861143
46116 1.4723082
46216 2.167674
46316 2.5852194
46416 2.8857713
46516 2.9962258
46616 3.02392
46716 3.0233564
46817 2.8876839
46917 2.4647799
47018 1.406352
47116 0.44721603
47216 -0.5803375
47317 -1.5723717
47418 -2.3138652
47518 -3.0877984
47617 -3.4513931
47718 -3.6701696
47818 -3.6621044
47915 -3.4503512
48016 -2.9238753
48116 -1.8391824
48216 -0.7585478
48316 0.44431257
48417 1.520256
48517 2.400847
48617 2.9136214
48718 3.087389
48818 3.1111317
48918 3.094143
49018 2.9044952
49118 2.2806244
49217 1.1265774
49318 0.025505543
49420 -1.1822734
49518 -2.378985
49618 -2.7337122
49719 -3.6943345
49819 -3.872308
49919 -3.8366873
50019 -3.5942004
50119 -2.5908706
50219 -1.4352355
50320 -0.2016592
50637 2.9408646
50737 3.4309368
50837 3.7033815
50937 3.9548244
51038 4.16483
51138 4.216895
51237 4.0187483
51338 3.4280872
51437 2.5726252
51538 1.5987425
51639 0.6773977
51740 -0.14901209
51838 -1.0501637
51939 -1.9128098
52040 -2.455593
52139 -2.5817697
52240 -2.6192718
52340 -2.5448165
52440 -2.3597045
52539 -1.6434975
52640 -0.43037462
52740 0.8542609
52840 1.7350731
52941 2.4963174
53041 2.9364023
53141 3.1724453
53241 3.2889662
53342 3.3516073
53441 3.3729296
53542 3.300478
53641 2.580934
53742 1.4476218
53842 0.46881914
53942 -0.4661131
54043 -1.6660752
54143 -2.4312677
54243 -2.7822452
54343 -3.0048373
54444 -3.0473611
54543 -3.0370274
54644 -2.9402602
54744 -2.4467702
54843 -1.3456738
54944 0.010641098
55045 1.0990124
55144 1.891614
55245 2.6235895
55345 3.042635
55428 3.3367386
55528 3.5392208
55629 3.6401825
55729 3.6477184
55830 3.5093126
55929 2.984439
56030 2.256616
56129 1.2255449
56229 0.12655973
56329 -0.9839206
56430 -1.8555989
56532 -2.3234665
56630 -2.510023
56731 -2.5255375
56831 -2.4440887
56931 -2.3252141
57030 -2.0532322
57131 -1.2602539
57231 0.007285118
57332 1.0873041
57433 1.9159446
57532 2.5799851
57632 3.1539326
57732 3.5294943
57834 3.9202566
57933 4.0548906
58033 4.046488
58132 3.790947
58233 2.9995437
58333 1.835145
58433 0.63597393
58533 -0.77865744
58633 -2.0673218
58951 -3.6979425
59052 -3.6960342
59152 -3.6237385
59251 -3.2637267
59351 -2.3822026
59452 -1.1349723
59552 8.201599E-4
59652 1.0700426
59751 1.9210005
59853 2.7582054
59952 3.3748055
60053 3.7182455
60153 3.7992706
60253 3.8154306
60353 3.7148647
60453 3.3658562
60553 2.5289474
60654 1.3620758
60755 -0.048065186
60853 -1.2284234
60953 -2.4328141
61054 -3.4238544
61155 -3.7864385
61255 -3.9491026
61354 -3.8884718
61454 -3.705488
61555 -3.232242
61655 -1.9963851
61756 -0.71185017
61855 0.5933304
61956 1.7532921
62056 2.698709
62156 3.3255024
62256 3.6041088
62356 3.6762981
62456 3.63834
62557 3.4432201
62657 2.9175124
62758 1.7603049
62857 0.4804678
62957 -0.8868451
63058 -2.1965685
63158 -3.012597
63258 -3.689363
63358 -3.5818365
63458 -3.6485848
63558 -3.4017704
63659 -2.9314857
63759 -1.8937545
63859 -0.52017355
63960 0.6968088
64060 1.5362616
64159 2.345942
64260 2.8054137
64359 3.053753
64460 3.1291924
64560 3.144082
64660 3.105918
64760 2.8842468
64861 2.028717
64960 0.87869644
65061 -0.22689915
65161 -1.3204045
65261 -2.306622
65361 -2.9194584
65461 -3.361191
65561 -3.3950098
65661 -3.3545613
65762 -3.1472054
65847 -2.6633239
65962 -1.4065533
66063 -0.06904459
66162 0.96460676
66262 1.67278
66347 2.1832113
66463 2.6627746
66562 2.9260368
66664 3.0261421
66748 3.0470886
66847 2.9944458
66948 2.6448684
67048 1.7891488
67148 0.8489013
67247 -0.34525204
67348 -1.5319545
67448 -2.6185546
67548 -3.2819076
67649 -3.7286663
67748 -3.7833998
67850 -3.6495302
67952 -3.3846467
68051 -2.835688
68152 -1.6215835
68251 -0.271986
68352 0.93728304
68451 1.9135981
68552 2.7963424
68652 3.368497
68752 3.6685581
68852 3.7393475
69169 2.8426695
69270 1.4910064
69369 0.34050465
69470 -1.0524185
69570 -2.1735387
69670 -2.9617198
69771 -3.320276
69871 -3.449907
69971 -3.365682
70071 -3.154355
70172 -2.731573
70272 -1.7584541
70372 -0.62245417
70471 0.73149395
70573 1.6594367
70672 2.3990145
70773 2.8210692
70872 3.1270084
70972 3.2279873
71072 3.2389088
71173 3.204649
71273 2.882989
71373 2.2164497
71474 1.0879393
71574 0.036837578
71674 -0.935235
71773 -1.8856971
71873 -2.4690523
71973 -2.7109275
72074 -2.7286513
72174 -2.6459088
72274 -2.560547
72374 -2.513577
72474 -2.3937507
72575 -1.7550817
72675 -0.40558338
72776 0.70132494
72874 1.5872359
72974 2.292983
73074 2.8488946
73174 3.1676254
73274 3.2836628
73374 3.1885777
73474 2.7557516
73574 1.9355607
73675 0.9003968
73775 -0.1730032
73876 -1.3883228
73977 -2.4850898
74076 -3.1702719
74176 -3.4918785
74276 -3.5525851
74376 -3.364854
74477 -3.060392
74576 -2.1437678
74677 -1.1606243
74778 -0.056159496
74877 1.1285434
74961 1.8716798
16 2.8392267
116 1.7835517
217 0.6178751
317 -0.5951047
416 -1.7361252
518 -2.7565498
616 -3.4655252
717 -3.8577075
817 -3.8923452
918 -3.7300143
1017 -3.040363
1118 -1.8167834
1218 -0.33821106
1317 0.9517393
1419 2.1003203
1518 2.9724412
1619 3.514906
1953 3.5046892
2053 3.0509062
2153 2.040619
2253 1.0554686
2353 -0.082463264
2453 -1.1253021
2553 -2.1184492
2653 -2.897557
2754 -3.343192
2853 -3.406017
2955 -3.3259292
3054 -2.6001933
3155 -1.4402382
3255 0.015599251
3355 1.1838794
3457 2.1690874
3555 2.8869944
3656 3.3313332
3755 3.4408865
3856 3.4622288
3956 3.4086456
4056 3.1463041
4156 2.5142822
4256 1.750299
4357 0.6475477
4457 -0.378294
4558 -1.6860096
4656 -2.8692555
4758 -3.8446417
4858 -4.1119065
4958 -4.2844124
5058 -4.2213283
5158 -3.977574
5258 -3.0365913
5358 -1.6357608
5459 -0.24656057
5558 0.99384785
5659 2.2090197
5759 3.0571136
5859 3.4894009
5959 3.573925
6059 3.5053997
6160 3.3929758
6260 3.2684813
6359 2.8194304
6460 1.8558707
6560 0.46973324
6660 -0.7558923
6761 -2.013287
6861 -3.0731769
6961 -3.4155865
7061 -3.4100049
7161 -3.1683793
7261 -2.673995
7361 -2.0712276
7462 -1.218462
7561 0.15294361
7664 1.4899473
7762 2.343727
7863 3.1004353
7962 3.409174
8063 3.4298859
8162 3.241516
8263 2.9006643
8363 2.4520125
8463 1.8389678
8565 0.7592325
8663 -0.28248072
8765 -1.4969277
8864 -2.4909964
8964 -3.1508863
9064 -3.4286618
9164 -3.5039659
9264 -3.4251838
9365 -3.2902744
9466 -2.9885006
9565 -2.0638714
9665 -0.67617893
9765 0.668725
9866 1.9230981
9966 2.7917833
10066 3.189557
10166 3.2683191
10266 3.2085285
10367 3.0647259
10466 2.8495855
10568 2.2987313
10667 1.2947211
10767 -0.0471735
10867 -1.3847694
10967 -2.473
11068 -3.1114902
11167 -3.3235745
11268 -3.3700767
11368 -3.2274253
11468 -3.0210438
11568 -2.711534
11670 -1.8565898
11768 -0.45700598
11869 0.99426174
11969 2.187162
12053 2.8744369
12169 3.574441
12269 3.6604376
12369 3.5325031
12454 3.3821993
12554 3.1525974
12653 2.7217765
12755 1.8159246
12853 0.70979595
12954 -0.5078993
13054 -1.742868
13154 -2.6691613
13254 -3.4457178
13355 -3.7138019
13455 -3.7244763
13555 -3.6000845
13656 -3.0425558
13756 -1.9802957
13857 -0.7023659
13956 0.7049136
14057 1.8736334
14158 2.857657
14257 3.2494192
14358 3.345666
14457 3.2958813
14558 3.1373377
14658 2.8810606
14758 2.24727
14858 1.1056232
14958 -0.0626502
15057 -1.3640435
15159 -2.3511147
15259 -2.8953774
15359 -3.0048623
15459 -2.9663465
15559 -2.7933652
15659 -2.534031
15759 -2.105341
15860 -1.2618046
15960 0.030146599
16060 1.098669
16160 2.1493745
16260 3.064661
16362 3.6953478
16461 3.9654312
16562 4.0577774
16660 3.9043798
16761 3.4853153
16862 2.586791
16961 1.7454057
17064 0.5666604
17162 -0.63356495
17261 -1.9574118
17363 -2.9520814
17463 -3.7019386
17562 -4.0015435
17663 -4.0572023
17763 -4.0484033
17863 -3.864359
17962 -3.1507168
18063 -1.947793
18163 -0.82321644
18263 0.106181145
18362 1.0466313
18463 1.8460641
18565 2.7021117
18663 3.266405
18764 3.475151
18864 3.4618216
18965 3.1952772
19064 2.6871338
19164 1.9453096
19264 0.951818
19364 -0.13839626
19466 -1.625586
19564 -2.6113448
19664 -3.2774608
19765 -3.4165277
19866 -3.2754703
19965 -2.8221002
20066 -2.037379
20165 -1.0120099
20266 0.040344715
20366 1.0298381
20467 1.893888
20568 2.6390848
20667 3.074192
20767 3.2100391
20866 3.2185116
20968 3.1081266
21067 2.877079
21168 2.3402047
21268 1.1380482
21368 -0.043480873
21468 -1.5448525
21568 -2.6004243
21668 -3.2615304
21769 -3.3193052
21869 -3.2546954
21969 -2.9475741
22069 -1.8228145
22169 -0.8552165
22270 0.1127367
22370 1.1093364
22469 1.9055681
22571 2.4905763
22670 2.721816
22771 2.7565727
22870 2.694056
22970 2.5085106
23070 2.1528945
23171 1.3138227
23255 0.40022945
23371 -1.0406146
23455 -1.9671404
23555 -2.631312
23655 -2.7851205
23755 -2.6814597
23855 -2.2412698
23956 -1.4391785
24056 -0.6311207
24156 0.28879786
24272 1.182035
24356 1.8177261
24456 2.4542427
24557 2.8789206
24657 3.0402088
24757 3.0512524
24857 2.9536781
24958 2.5031242
25057 1.5277662
25157 0.48808098
25257 -0.8102846
25358 -1.8135781
25460 -2.645528
25559 -2.7974057
25659 -2.7973266
25759 -2.5392504
25859 -1.9032838
25959 -0.99991083
26059 -0.1920805
26159 0.64816
26259 1.3510723
26360 1.9941454
26459 2.4362974
26560 2.654602
26660 2.6939254
26761 2.6579466
26861 2.4018302
26961 1.7524948
27060 0.6131425
27160 -0.48127413
27263 -1.7323623
27361 -2.6267457
27461 -3.0936017
27561 -3.1569252
27661 -3.008078
27762 -2.5753033
27862 -1.9165158
27962 -1.1512017
28063 -0.2542553
28163 0.78652716
28263 1.6772308
28363 2.447547
28462 2.9394808
28563 3.1880465
28664 3.2112188
28764 3.1374512
28863 2.781186
29030 1.4198623
29131 0.25590038
29231 -1.0002372
29330 -2.0218515
29431 -2.6567187
29531 -2.8364537
29632 -2.797714
29731 -2.6448247
29831 -2.272449
29934 -1.3862484
30032 -0.24729824
30133 0.85546064
30233 1.8019319
30333 2.3732705
30433 2.8249078
30533 2.9964538
30633 3.0521326
30733 3.0239058
30834 2.8114824
30933 2.0550508
31035 0.82599163
31134 -0.26235294
31235 -1.3707168
31334 -2.0520215
31435 -2.2581248
31534 -2.2654161
31634 -2.104219
31735 -1.5268788
31835 -0.80047464
31937 0.12819386
32035 0.8111501
32136 1.4019165
32236 1.9875174
32336 2.3966956
32436 2.7992392
32536 2.9907289
32637 3.0424585
32736 2.9898057
32836 2.6993904
32937 1.9834733
33036 0.94632244
33138 -0.21181822
33238 -1.1729083
33338 -1.8787277
33438 -2.0877075
33538 -2.0953002
33638 -1.9204845
33738 -1.4599144
33838 -0.64545965
33924 0.19307613
34023 1.1049547
34123 1.7557402
34222 2.3462892
34323 2.920888
34423 3.4178715
34540 3.5858727
34622 3.6040592
34723 3.5817184
34840 3.336977
34923 2.714151
35024 1.5295534
35123 0.4736657
35225 -0.7652273
35323 -1.6640022
35424 -2.1573792
35525 -2.2738976
35625 -2.0718675
35725 -1.5834713
35825 -0.8924279
35928 0.074745655
36026 0.86865425
36126 1.6031446
36225 2.25253
36327 2.7924833
36427 3.239893
36527 3.4765024
36629 3.536913
36726 3.5370188
36828 3.430523
36927 2.9086318
37027 1.8574438
37128 0.98652935
37228 0.07917833
37327 -0.7252102
37428 -1.271841
37528 -1.651257
37629 -1.7557712
37728 -1.7280736
37829 -1.4838626
37929 -0.59673786
38029 0.5394659
38129 1.6735291
38229 2.5353646
38329 3.2048092
38430 3.5994682
38530 3.7579784
38629 3.8384504
38730 3.8291416
38829 3.7682352
38930 3.5306225
39030 2.7849488
39130 1.6355829
39231 0.4783597
39330 -0.6938052
39431 -1.4978478
39531 -1.9563069
39631 -1.997396
39733 -1.7420483
39831 -1.2586765
39933 -0.5015459
40031 0.33897495
40133 1.3285456
40233 2.1630912
40332 2.7980232
40432 3.2655401
40533 3.4389973
40633 3.4712725
40733 3.4239483
40833 3.2824821
40933 2.8067198
41033 1.679358
41134 0.5423598
41234 -0.55177355
41334 -1.7204056
41435 -2.285479
41534 -2.5129855
41634 -2.4546454
41735 -2.0728202
41835 -1.3392835
41936 -0.299088
42035 0.83372116
42136 1.8245583
42236 2.7560859
42336 3.2850513
42435 3.656126
42536 3.7590199
42636 3.7610664
42737 3.6963596
42837 3.411046
42938 2.4583993
43038 1.349052
43137 0.25182247
43238 -0.8578448
43337 -1.7269435
43438 -2.098577
43538 -2.185503
43638 -2.116815
43741 -1.8899224
43838 -1.5123279
43939 -0.69232845
44038 0.39401674
44139 1.5167303
44239 2.4043646
44338 3.0224705
44438 3.3369007
44539 3.4185076
44625 3.3969402
44724 3.243434
44825 2.6359062
44923 1.8270235
45024 0.76388836
45123 -0.30740595
45224 -1.4536195
45324 -2.0738263
45424 -2.2098489
45524 -2.1034982
45624 -1.6746361
45727 -0.81299686
45825 0.19134855
45925 1.1756792
46026 2.03341
46126 2.6572647
46226 3.1415272
46326 3.409192
46426 3.5167599
46526 3.4708004
46629 2.9663634
46726 1.6957793
46827 0.44426298
46927 -0.8055687
47028 -1.9845078
47128 -2.828268
47228 -3.388726
47328 -3.4426193
47428 -3.3800898
47528 -3.0093303
47628 -1.9330988
47730 -0.49757624
47829 0.72025204
47929 1.7989302
48029 2.7407598
48129 3.5425625
48228 3.7901926
48329 3.7915611
48429 3.3315792
48529 2.268855
48629 0.85703754
48729 -0.31300306
48830 -1.7290485
48930 -2.7284255
49031 -3.404419
49130 -3.6181276
49231 -3.487869
49330 -2.893506
49430 -1.9396815
49531 -0.70842075
49630 0.38280392
49731 1.5193405
49831 2.4551024
49932 3.2940302
50032 3.7241554
50132 3.812767
50232 3.7446337
50332 3.3907824
50433 2.3051767
50533 1.1384835
50634 -0.10907507
50733 -1.4535782
50833 -2.6271243
50933 -3.2721217
51034 -3.6366012
51134 -3.5262547
51234 -3.2672486
51334 -2.632402
51434 -1.5747943
51537 -0.18329954
51634 0.92836285
51735 1.9204216
51834 2.6217942
51935 3.093092
52035 3.2023554
52135 3.0851803
52236 2.6817489
52335 1.9258819
52435 0.9358797
52535 -0.2755537
52636 -1.5596619
52736 -2.6533942
52836 -3.6184125
52936 -3.9172518
53037 -3.9309897
53137 -3.6148624
53237 -2.994902
53337 -1.9554362
53438 -0.6850996
53537 0.5754452
53638 1.596406
53738 2.5003748
53838 3.03195
53939 3.2970657
54038 3.3459892
54138 3.3016367
54239 3.0261774
54339 2.4447198
54439 1.5703597
54539 0.6038308
54640 -0.67252636
54739 -1.8164814
54841 -2.8276176
54940 -3.40416
55041 -3.546574
55124 -3.5039148
55241 -3.0949214
55341 -2.1338935
55440 -1.0430183
55525 -0.017760754
55625 1.0288177
55724 1.8372931
55824 2.4509344
55926 3.0604992
56025 3.4366007
56125 3.51715
56225 3.4644623
56325 3.1054668
56425 1.9013038
56526 0.87760925
56628 -0.19347382
56726 -1.1088314
56827 -1.9604163
56926 -2.5736403
57028 -2.9343276
57127 -3.0859718
57228 -3.0942903
57328 -3.0764441
57428 -2.967524
57529 -2.3911316
57628 -1.076395
57728 0.34282684
57829 1.50566
57928 2.344802
58028 2.9877472
58129 3.438489
58229 3.646162
58329 3.6621113
58430 3.3973103
58529 2.5422173
58630 1.2741642
58729 0.2522955
58830 -1.118056
58930 -2.08805
59030 -2.7096856
59130 -2.9897208
59231 -3.033498
59331 -3.008999
59431 -2.8069987
59532 -2.1921716
59631 -1.1783767
59731 0.13760567
59831 1.2137384
59932 1.9564996
60031 2.4752846
60132 2.8176522
60231 2.9882178
60332 2.9789543
60432 2.714635
60533 2.0875955
60634 1.1004705
60733 -0.052276134
60833 -1.3454888
60933 -2.4269264
61034 -3.1023982
61133 -3.4890213
61234 -3.5375638
61333 -3.2048528
61651 0.806674
61751 1.7479959
61851 2.5584817
61953 3.1754503
62051 3.6696758
62152 3.8767948
62252 3.8808813
62352 3.5655909
62453 2.467958
62552 1.2383184
62654 -0.06417656
62753 -1.246547
62854 -2.265472
62953 -2.9102056
63054 -3.3366358
63153 -3.5124583
63254 -3.5302968
63353 -3.4452178
63454 -2.72899
63554 -0.9486804
63654 0.34794044
63755 1.6130476
63854 2.5995665
63955 3.5039616
64055 4.179577
64155 4.5495186
64255 4.59041
64356 4.338661
64456 3.6667995
64556 2.5766654
64656 1.3285818
64756 0.003294468
64856 -1.0557246
64957 -2.422204
65057 -3.1417258
65156 -3.3871555
65257 -3.42498
65357 -3.3767414
65457 -3.18916
65557 -2.5495389
65657 -1.5966651
65759 -0.18854189
65858 0.9685931
65958 2.029233
66058 2.850872
66159 3.4777088
66258 3.5090103
66358 3.5064669
66459 3.5526972
66559 3.4969616
66661 3.1374521
66759 2.2473383
66860 0.90401936
66959 -0.34333515
67060 -1.6825631
67144 -2.6627285
67260 -3.65702
67360 -4.13238
67460 -4.267574
67544 -4.212257
67645 -3.8458614
67745 -2.9746346
67844 -1.6957386
67945 -0.28717852
68045 0.86503506
68145 1.9709806
68245 2.7551613
68345 3.2742863
68448 3.4424334
68548 3.5025806
68648 3.511673
68748 3.3887463
68848 2.9515038
68949 2.0042028
69048 0.8972635
69150 -0.35842752
69249 -1.4685333
69349 -2.5752554
69449 -3.2835584
69550 -3.8210862
69649 -4.0191913
69750 -4.0476136
69850 -3.8946624
69950 -3.32227
70050 -2.080911
70150 -0.81714916
70250 0.4933772
70351 1.5690298
70451 2.39601
70551 3.1037693
70651 3.4786768
70751 3.6495714
70851 3.6959105
70952 3.7201262
71051 3.6476383
71152 3.034151
71251 1.9887724
71352 0.79727364
71452 -0.31993675
71552 -1.4010422
71653 -2.3028867
71753 -2.9621663
71853 -3.4179735
71953 -3.595665
72053 -3.6874518
72153 -3.6381483
72253 -3.559265
72353 -3.1744328
72454 -1.7012386
72554 -0.20979548
72655 0.96146584
72755 2.073063
72855 3.0207157
72955 3.3610096
73055 3.5631847
73155 3.643796
73255 3.6539268
73356 3.6125393
73454 3.3503475
73556 2.3747444
73654 1.2113333
73755 -0.19412613
73854 -1.4161987
73956 -2.563312
74055 -3.314673
74155 -3.7152653
74255 -3.8331647
74356 -3.747401
74456 -3.4069512
74556 -2.543535
74656 -1.0032303
74756 0.3148985
74857 1.5237222
74956 2.4420805
