6 0.5728946
106 2.3039398
206 3.2184353
306 3.4471445
407 3.4769077
507 3.3810368
606 3.1735487
708 2.6570802
807 0.8160219
908 -0.6326084
1008 -1.5621083
1108 -2.4329133
1209 -3.4245033
1309 -4.0595055
1410 -4.727144
1509 -4.856242
1609 -4.41524
1710 -3.0971205
1810 -1.519661
1910 -0.29250097
2011 0.8601284
2111 2.1601553
2211 2.9284286
2529 2.793635
2629 1.5727777
2730 0.067043304
2830 -1.2063656
2930 -1.8628333
3030 -2.3822036
3130 -2.6190944
3230 -2.690453
3330 -2.4701102
3432 -2.019564
3531 -1.0985026
3631 -0.17874622
3732 0.8868947
3833 1.9652929
3933 2.5181322
4033 2.6961555
4133 2.694687
4234 2.6767554
4334 2.6405892
4434 2.1135378
4601 -0.310318
4701 -1.5066528
4802 -2.3135111
4902 -2.650101
5002 -2.7398021
5103 -2.7449539
5203 -2.7240295
5303 -2.3841138
5403 -1.3866239
5504 -0.15936136
5603 1.2912402
5704 2.311914
5805 2.7158065
5905 2.8484864
6004 2.9187279
6105 2.8326974
6206 2.6569471
6305 1.8434501
6406 0.5052042
6507 -0.8122096
6606 -1.9443378
6706 -2.7940736
6807 -3.1146019
6908 -3.128862
7007 -3.0969372
7108 -3.0233445
7209 -2.5292306
7308 -1.5881219
7409 -0.41086674
7509 0.7594862
7593 1.869513
7692 2.6599436
7793 2.8970194
7894 2.9912758
7993 2.9995704
8094 2.7772512
8194 2.0415978
8295 0.72621346
8395 -0.666698
8495 -1.5934703
8595 -2.4326596
8696 -2.875189
8796 -3.2037287
8896 -3.3387673
8996 -3.2341235
9096 -2.953961
9197 -2.3274984
9296 -1.4397349
9398 -0.25102806
9498 0.9818411
9598 1.7746696
9697 2.4979086
9799 2.8797846
9899 2.94952
9999 2.8153343
10099 2.3127794
10199 1.1116652
10500 -2.3727105
10583 -2.7123113
10683 -3.1249092
10785 -3.203036
10885 -3.1898727
10985 -3.0681932
11084 -2.4056304
11185 -1.264534
11286 -0.012893677
11386 1.0514569
11486 1.8848124
11586 2.343
11687 2.5863495
11787 2.660314
11887 2.5836592
11988 2.2129393
12087 1.4854612
12187 0.48812675
12288 -0.88234806
12388 -1.7215858
12488 -2.1677697
12589 -2.3930078
12690 -2.4743588
12790 -2.3920028
12890 -2.177486
12989 -1.8632913
13091 -0.9090581
13191 0.23214006
13291 1.0795331
13391 2.057486
13491 2.510817
13592 2.725268
13691 2.7484808
13793 2.7108393
13892 2.2004776
13993 0.8154645
14093 -0.5918875
14193 -1.7298248
14528 -3.251638
14628 -3.1472304
14728 -2.9191344
14828 -2.5015988
14929 -2.029468
15029 -0.9018583
15129 -0.08147383
15230 1.2636824
15330 2.0907454
15431 2.5973067
15531 2.7448487
15631 2.8180633
15731 2.750609
15831 2.1066628
15931 0.60458183
16032 -0.59252405
16132 -1.5219998
16232 -2.121163
16333 -2.435614
16433 -2.5575666
16533 -2.521686
16634 -2.107215
16734 -0.9618292
16834 0.57833767
16934 1.6242037
17035 2.3069892
17135 2.5819001
17235 2.6590796
17334 2.690497
17436 2.4582672
17536 2.0511804
17636 1.3989987
17736 -0.06222105
17837 -1.347569
17937 -2.1027422
18036 -2.3746808
18137 -2.3478475
18237 -2.3142803
18337 -2.2445664
18438 -2.0740304
18538 -1.4581561
18639 -0.030837059
18738 1.1267228
18823 1.7884474
18923 2.633851
19023 3.0489426
19123 3.3776464
19223 3.406722
19324 3.324379
19423 3.1998844
19525 2.8835282
19625 1.7262449
19725 0.5357647
19825 -0.5857382
19926 -1.1998374
20026 -1.631506
20125 -1.9466166
20227 -2.1120496
20326 -2.170674
20427 -2.1698403
20527 -2.1316602
20627 -2.0006816
20728 -1.0960858
20827 0.3458848
20928 1.5031424
21028 2.3972635
21129 3.0024595
21229 3.1456852
21329 3.1378317
21429 3.1114054
21529 2.9496665
21630 2.0330095
21730 0.70820904
21831 -0.5183449
21930 -1.346386
22031 -1.9286704
22131 -2.124255
22232 -2.2244666
22332 -2.244605
22432 -2.2037225
22533 -2.1596723
22633 -2.1060722
22732 -1.4944406
22833 -0.11584854
22934 1.1654568
23034 2.1708093
23134 2.7618904
23235 3.0196552
23335 2.8246841
23435 2.789949
23535 2.7717295
23635 2.675396
23736 1.7058878
23836 0.48055983
23936 -0.7630749
24036 -1.6363907
24136 -2.420714
24237 -2.7871835
24337 -2.9712913
24438 -2.9712803
24538 -2.8718224
24638 -2.7561529
24738 -2.7275171
24839 -2.6535559
24939 -1.5892582
25273 2.1368532
25373 2.7093568
25474 2.8927894
25573 2.906855
25674 2.865996
25775 2.829711
25875 2.60532
25975 1.2926717
26075 0.27855682
26176 -1.0045714
26275 -1.9500096
26376 -2.4980912
26476 -2.8227217
26577 -2.8541381
26677 -2.8272047
26776 -2.7629762
26861 -2.7245815
26961 -2.6804736
27061 -2.5615816
27162 -0.8040204
27262 0.77363443
27361 2.2428336
27462 2.7579446
27563 2.8365755
27663 2.8334823
27762 2.8182273
27863 2.8148475
27964 2.8018198
28064 2.5913963
28164 1.1424828
28265 -0.30753136
28364 -1.4366269
28465 -2.2147374
28565 -2.4874337
28665 -2.5331864
28766 -2.4400582
28866 -2.368586
28967 -2.3391871
29067 -2.3317084
29167 -2.3261764
29267 -2.2737222
29367 -1.1101995
29468 0.33079243
29568 1.166194
29668 1.7048349
29769 1.9418931
29869 2.010714
29969 2.0154734
30069 2.0153685
30169 2.0197687
30269 2.0008287
30370 1.2651243
30470 -0.5805502
30788 -2.8791156
30888 -2.8729494
30988 -2.8632796
31088 -2.8670683
31189 -2.8493667
31290 -2.7668273
31389 -2.226973
31723 1.4655595
31807 1.7567682
31908 1.963748
32007 2.0202827
32108 2.0327773
32209 2.034594
32309 2.0050964
32408 1.6789627
32509 1.2788062
32610 0.44553852
32710 -0.7972231
32810 -1.7739902
32911 -2.3687901
33011 -2.5163405
33111 -2.5721698
33211 -2.5734875
33311 -2.5522826
33412 -2.5293772
33512 -2.48765
33612 -2.1546464
33712 -1.0339196
33813 0.33154774
33913 1.5162401
34013 2.3058138
34114 2.6070762
34214 2.6814117
34313 2.637735
34414 2.6108947
34515 2.6045074
34614 2.355588
34715 0.67976856
34815 -0.6264634
34916 -1.4839654
44374 -2.562583
63325 0.0
63424 0.0
63525 0.0
63626 0.0
63725 0.0
63826 0.0
63926 0.0
64026 0.0
64127 0.0
64210 0.0
64311 0.0
64411 0.0
64510 0.0
64612 0.0
64712 0.0
64811 -1.9204116
64913 -3.6735752
65012 -4.118998
65113 -3.8131015
65446 1.6003022
65548 2.7376566
67720 0.1875329
67820 -1.1368504
67921 -3.0927148
68020 -4.1776586
68121 -4.2754064
68221 -4.2380347
68321 -3.9618773
68422 -2.7006812
68522 -1.581433
68622 -0.21581507
68722 0.7784395
68823 1.7408686
68923 2.5362139
69023 2.838005
69124 2.8528032
69441 1.4288125
69541 0.3012805
69641 -0.8632331
69741 -1.5418687
69842 -2.2841363
69942 -3.0667858
70043 -4.0129256
70143 -4.079195
70243 -3.179254
70343 -2.4538379
70444 -1.5822082
70543 -0.27440166
70644 0.8329797
70745 1.7132711
70844 2.4271622
70945 2.894844
71045 3.0084114
71146 2.916513
71245 2.2494173
71346 1.016655
71447 -0.42829275
71547 -1.4494503
71647 -2.404261
71747 -3.1283412
71830 -3.3084447
71930 -3.0671778
72032 -2.4893215
72132 -1.6974907
72232 -0.82547426
72331 0.33816338
72432 1.3978529
72533 2.3018064
72633 2.7706733
72732 3.045658
72834 2.9501548
72934 2.5237746
73034 1.6954956
73134 0.66267204
73235 -0.23499584
73334 -1.1856213
73435 -2.2192883
73535 -2.8688705
73635 -3.1955562
73736 -3.037472
73836 -2.3688734
73937 -1.6012149
74037 -0.56275415
74137 0.6658888
74237 1.6963906
74337 2.5466332
74437 3.0295515
74538 3.2502308
74639 3.1630993
74738 2.881383
74839 1.688839
74938 0.40117455
54 -2.2554615
137 -2.0842118
254 -1.5711586
354 -0.79499197
488 0.5138941
588 1.561573
689 2.2348428
789 2.6762266
889 2.7138724
989 2.6459017
1090 2.0920095
1190 0.7723818
1290 -0.5271387
1390 -1.3974926
1491 -2.1059396
1591 -2.4318976
1692 -2.4158287
1792 -2.328546
1892 -1.747184
1992 -1.0317738
2109 0.07154369
2193 1.0243554
2309 2.144319
2410 2.5647988
2510 2.736123
2610 2.7185507
2711 2.406443
2811 1.6680489
2911 0.03988695
3011 -1.2455707
3112 -2.2181692
3212 -2.6948214
3329 -2.773277
3429 -2.5319734
3529 -2.0390522
3630 -1.4481921
3731 -0.46842384
3847 0.873086
3930 1.5496902
4031 2.1056466
4131 2.3832102
4232 2.4971724
4331 2.443326
4432 2.107151
4533 0.77002716
4633 -0.68408585
4733 -1.6915588
4833 -2.3091307
4933 -2.9090326
5033 -2.9146616
5134 -2.7064795
5234 -2.1412287
5335 -1.2600524
5435 -0.11296177
5535 0.72648287
5635 1.7283964
5735 2.5324783
5836 2.8668685
5936 2.8777328
6036 2.658821
6137 2.0164018
6237 0.87645197
6337 -0.38805485
6437 -1.3484497
6538 -1.9270024
6638 -2.177728
6738 -2.2116106
6838 -2.1716657
6939 -1.8525176
7039 -1.0398602
7139 0.24075413
7240 1.1925421
7340 2.1428614
7439 2.6873388
7540 2.9293532
7641 2.946322
7741 2.636382
7841 1.8957086
7941 0.31538343
8041 -1.0591881
8142 -2.0124097
8242 -2.554377
8342 -2.8762088
8442 -2.9089637
8543 -2.850442
8643 -2.7007213
8743 -2.0541902
8844 -0.96690655
8943 0.196383
9045 1.2995348
9145 2.1526117
9245 2.5407934
9345 2.6306295
9445 2.5699244
9546 2.249279
9645 1.3558459
9746 -0.18427753
9847 -1.3527577
9947 -2.1570597
10047 -2.7003756
10147 -2.9201186
10231 -2.9028478
10331 -2.7764719
10432 -2.6939235
10532 -2.5744667
10632 -1.7017758
10731 -0.6858506
10833 0.3587289
10933 1.2917356
11033 1.9517775
11133 2.2590241
11234 2.3153381
11334 2.0485983
11434 1.4739776
11534 0.8122921
11634 -0.13268614
11735 -1.0602276
11835 -1.7607574
11936 -2.1843312
12035 -2.5642667
12136 -2.602054
12236 -2.4974875
12336 -2.3064291
12437 -1.9280326
12537 -0.84760094
12636 0.34823608
12737 1.3823004
12837 2.1258516
12938 2.4679756
13039 2.4238234
13139 2.376845
13239 1.9313879
13339 0.93268824
13439 -0.3974743
13539 -1.3232396
13640 -2.186379
13740 -2.7747152
13841 -2.8737586
13940 -2.864735
14041 -2.7672846
14141 -2.70229
14241 -2.518732
14342 -1.9216814
14442 -1.0072169
14542 0.24190807
14643 1.1987739
14743 1.9819117
14844 2.3946304
14943 2.5105162
15043 2.5211692
15143 2.1452699
15244 1.0076733
15344 -0.04052353
15445 -1.0850277
15545 -1.8284888
15645 -2.410069
15746 -2.6639736
15846 -2.7416527
15947 -2.7540612
16046 -2.642983
16147 -2.3506677
16246 -1.9759989
16347 -1.04147
16431 0.19479275
16530 1.2693076
16631 2.160595
16731 2.594336
16832 2.6973715
16932 2.5250216
17033 2.3600678
17132 1.8757348
17233 0.7405448
17333 -0.68298817
17433 -1.6088276
17534 -2.176078
17634 -2.5558581
17734 -2.7385337
17834 -2.731032
17935 -2.6235924
18035 -2.202941
18134 -1.4668393
18236 -0.34818983
18336 0.8263259
18436 1.59758
18537 2.1627836
18637 2.3619246
18737 2.3843164
18837 2.2941751
18938 1.8022714
19038 0.5069699
19138 -0.7433524
19239 -1.7239857
19338 -2.106097
19439 -2.189263
19539 -2.2196898
19639 -2.1872106
19740 -2.124346
19840 -2.0150146
19940 -1.610234
20040 -0.7083807
20140 0.1700592
20240 0.8541775
20341 1.7202978
20441 2.2079115
20542 2.3786592
20642 2.4507189
20742 2.3830185
20842 2.1273484
20943 0.89792967
21043 -0.42882872
21143 -1.4105759
21243 -1.9260974
21343 -2.1589196
21444 -2.1449227
21545 -1.9184489
21645 -1.6611869
21745 -1.3128304
21845 -0.5848932
21945 0.5603452
22045 1.5658216
22146 2.0301309
22246 2.3032517
22347 2.4393282
22446 2.4545527
22547 2.4311852
22630 2.3258066
22731 1.8847017
22830 0.79274416
22932 -0.4294958
23032 -1.2414899
23132 -1.714508
23233 -2.0481381
23333 -2.1278841
23433 -2.1218622
23533 -2.0692916
23633 -2.0338123
23734 -1.8123705
23834 -0.79376173
23934 0.51847935
24035 1.770925
24135 2.055079
24235 2.2637491
24335 2.341227
24435 2.373496
24536 2.3638291
24636 2.240364
24736 1.6343255
24836 0.4589033
24937 -0.61437464
25037 -1.2989075
25138 -1.7905915
25238 -2.095578
25338 -2.1964433
25438 -2.1877215
25538 -2.137107
25639 -2.0621884
25739 -1.5127888
25839 -0.098381996
25939 1.1807756
26040 2.0059571
26140 2.3144736
26240 2.5788918
26340 2.7160058
26441 2.7037363
26541 2.6013198
26641 2.262291
26742 1.2894373
26842 0.0076322556
26942 -1.2177262
27042 -1.8403006
27142 -2.3246775
27243 -2.4461915
27343 -2.4530468
27443 -2.3278475
27544 -2.1687477
27644 -1.6759663
27744 -0.7402401
27844 0.6040373
28163 2.793518
28263 2.8618765
28363 2.8615317
28463 2.823709
28563 2.7035813
28664 2.1895285
28764 0.84211683
28864 -0.39587498
28964 -1.254132
29065 -1.7570596
29165 -1.93115
29265 -2.0146096
29365 -2.0357049
29466 -1.9503202
29566 -1.765918
29733 -0.5701003
29833 0.4011755
29934 1.408143
30033 2.3148308
30134 2.8533006
30234 3.1293697
30335 3.1604452
30435 2.9862204
30535 2.264749
30636 0.9503794
30736 -0.11909437
30836 -1.0840898
30936 -1.6448655
31037 -1.9140244
31137 -2.141683
31237 -2.1824777
31337 -2.141844
31437 -2.093675
31538 -1.9931169
31638 -1.5509033
31722 -0.62642384
31822 0.7346039
31922 1.7144623
32023 2.6710768
32123 3.247775
32223 3.3872051
32323 3.3566217
32424 3.2450695
32524 3.110157
32624 2.3165197
32724 0.7110286
32825 -0.7339058
32925 -1.8973832
33025 -2.3812861
33126 -2.65939
33225 -2.7062669
33326 -2.6742613
33426 -2.6307387
33526 -2.6216807
33627 -2.6146257
33727 -2.5571623
33827 -1.931957
33928 -0.35605192
34027 1.1385994
34128 2.0862427
34228 2.4214807
34329 2.754055
34429 2.780694
34529 2.75605
34629 2.5939207
34730 1.5606055
34830 0.16905355
34930 -0.95322514
35030 -1.682193
35131 -1.9139361
35231 -2.0979834
35331 -2.1219397
35432 -2.103418
35531 -2.0514011
35632 -1.9444809
35732 -1.6519299
35832 -0.8436575
35933 0.57828665
36033 1.7621775
36133 2.3479147
36233 2.6924095
36334 2.717452
36435 2.6992025
36535 2.6058807
36634 1.931488
36735 0.72818136
36835 -0.5303159
36935 -1.4116077
37035 -2.167468
37136 -2.285446
37236 -2.3162968
37337 -2.311535
37437 -2.295081
37536 -2.2871506
37637 -2.2806232
37738 -2.1679654
37838 -1.2044201
37938 0.4184885
38021 1.4871206
38122 2.1572447
38222 2.518444
38323 2.6967344
38423 2.6971345
38523 2.6271834
38623 2.2290459
38724 0.9427929
38824 -0.48099995
38924 -1.5454712
39025 -2.074787
39125 -2.2314947
39225 -2.2233024
39325 -2.1976662
39425 -2.1433814
39526 -2.0968506
39626 -2.0033689
39726 -1.486583
39826 3.5762787E-4
39927 1.1040759
40027 2.1343246
40128 2.810144
40228 3.0728912
40328 3.1158047
40428 3.0997257
40528 3.0119286
40628 2.637979
40729 0.9940882
40829 -0.27668476
40929 -1.4332356
41030 -2.0204375
41130 -2.407402
41231 -2.453198
41331 -2.3346488
41431 -2.2446098
41531 -2.2048886
41632 -2.1412406
41732 -1.4240232
41832 0.3232255
41932 1.496244
42032 2.4603567
42133 2.7820296
42233 2.8319883
42334 2.8201804
42434 2.7402358
42534 2.5588517
42634 1.8908134
42735 0.5114579
42835 -0.6180854
42935 -1.4396267
43035 -1.8775666
43135 -2.0351229
43236 -2.0822747
43336 -2.0534723
43436 -1.9869418
43537 -1.8574731
43636 -1.462441
43737 0.14105034
43837 1.4987197
43938 2.4597077
44038 2.858695
44138 2.9819956
44222 2.98246
44322 2.949122
44422 2.9090562
44523 2.8438163
44623 1.9963355
44723 0.4287119
44824 -0.99009323
44924 -1.7432218
45024 -2.2708619
45124 -2.3318982
45225 -2.2720342
45325 -2.077357
45425 -1.8831201
45524 -1.531456
45625 -0.57868433
45726 0.66032743
45826 1.6868553
45926 2.4522448
46026 2.7805796
46127 2.8570123
46227 2.8661242
46327 2.8500624
46427 2.717701
46528 1.643403
46628 0.08681965
46728 -1.2638836
46829 -2.0994306
46929 -2.9028447
47028 -3.113665
47129 -3.1713102
47230 -3.1562796
47329 -3.0850132
47431 -2.948057
47531 -2.551394
47631 -1.7694507
47731 -0.8480053
47831 0.46803474
47932 1.6985693
48032 2.304206
48132 2.8547096
48232 3.0418644
48333 3.0339594
48433 2.7904067
48533 1.9438677
48633 0.41156244
48734 -1.0210876
48834 -2.084476
48934 -2.545314
49034 -2.6698067
49135 -2.6319528
49235 -2.5418513
49335 -2.239099
49435 -0.74953747
49536 0.34286928
49636 1.4648466
49737 2.4285798
49837 2.9176283
49936 3.1797342
50037 3.1843634
50137 2.907164
50238 2.0848312
50338 0.7483907
50421 -0.24013042
50521 -1.336792
50622 -2.2954974
50722 -3.2034001
50823 -3.481111
50923 -3.5587907
51023 -3.5378976
51123 -3.2852354
51224 -1.4791348
51324 0.082726955
51425 1.1768532
51525 2.467013
51625 3.0467691
51725 3.4007044
51825 3.3780785
51925 3.06044
52026 2.377626
52126 1.2332134
52226 -0.06789827
52326 -1.0769372
52426 -1.9898791
52527 -2.4744163
52628 -2.7002406
52727 -2.6470304
52828 -2.5499828
52928 -2.3457835
53029 -1.6397686
53129 -0.2882352
53229 1.0577617
53330 2.227436
53430 2.9988136
53530 3.2922983
53631 3.3015509
53731 3.1696033
53831 2.2690787
53931 1.3378439
54031 0.2665186
54132 -0.80765104
54232 -1.667752
54332 -2.2319083
54432 -2.5752358
54532 -2.953542
54633 -2.8925471
54733 -2.6849835
54833 -2.3770676
54934 -1.8353419
55034 -1.2144027
55134 -0.2587819
55233 1.0242834
55334 2.025401
55435 2.898397
55535 3.2083979
55636 3.2253838
55736 3.0073643
55836 2.3400102
55937 1.3706417
56037 0.3431673
56137 -0.63068247
56237 -1.6300418
56338 -2.585426
56437 -3.0181217
56538 -3.1320894
56638 -3.0808473
56722 -2.8494842
56821 -2.459517
56922 -1.9133153
57023 -0.87559605
57123 0.03471899
57222 0.8739176
57322 1.781672
57424 2.2634916
57524 2.5195136
57624 2.5579653
57724 2.2214036
57825 1.4334579
57925 0.263865
58025 -0.77126646
58125 -1.8392632
58226 -2.427653
58326 -2.657311
58425 -2.825636
58527 -2.8160858
58627 -2.4114
58727 -1.738584
58828 -0.59301996
58928 0.26656914
59028 1.2231808
59128 2.1547766
59228 2.833715
59329 3.1665363
59429 3.2429323
59528 3.1924992
59630 2.7947693
59730 1.8286386
59830 0.5800457
59930 -0.7080507
60030 -1.7278657
60131 -2.603947
60231 -3.014883
60331 -3.155232
60432 -3.1076407
60532 -3.010738
60632 -2.198736
60732 -0.8091593
60833 0.48946476
60933 2.074285
61033 3.2471724
61134 3.6249084
61234 3.6887836
61335 3.3719387
61434 3.1011887
61535 1.7837477
61635 0.25149012
61753 -0.9866228
61835 -1.7073886
61935 -2.1523652
62036 -2.3273923
62136 -2.2923717
62237 -2.1699178
62337 -1.6421249
62438 -0.6095724
62537 1.0456514
62638 2.2645888
62738 3.369238
62839 4.1187
62953 4.71638
63022 4.817398
63122 4.625292
63222 4.144268
63323 3.1679087
63423 1.6935234
63523 0.05411625
63623 -1.5355773
63724 -2.5738616
63824 -3.2376235
63924 -3.5899348
64024 -2.9123855
64125 -2.286197
64224 -1.0952697
64325 0.5777855
64426 1.8844428
64526 2.4299698
64626 2.6556845
64726 2.6817384
64826 2.6776986
64927 2.616838
65027 1.9119744
65127 0.23024464
65228 -1.1190658
65328 -1.8733397
65428 -2.1882443
65529 -2.4446785
65629 -2.762676
65729 -2.867193
65829 -2.5292742
65929 -1.380487
66030 -0.22306633
66130 1.225429
66231 2.3944182
66331 2.791326
66431 3.0816946
66531 3.0562057
66631 2.7719355
66732 2.388883
66832 1.44209
66932 0.12954426
67032 -1.1985104
67133 -2.1305327
67233 -3.1108925
67333 -3.40729
67433 -3.3967805
67534 -3.3013277
67633 -3.1704776
67735 -2.8023164
67835 -1.8461502
67935 -0.5543933
68035 0.8266611
68135 1.807456
68236 2.25559
68336 2.5135984
68436 2.5272546
68536 2.3548317
68637 1.0609403
68737 -0.39686823
68837 -1.5364578
68938 -2.7400095
69038 -3.0788658
69138 -3.1895366
69222 -3.0887544
69322 -2.801637
69422 -2.3467863
69523 -1.5125918
69623 -0.51144266
69723 0.5836029
69823 1.885189
69924 2.8371353
70024 3.4773722
70124 3.6316147
70225 3.5371943
70325 3.0964642
70425 2.0620766
70525 0.32967472
70625 -1.15556
70726 -2.643779
70826 -3.802617
70926 -4.0717263
71026 -3.9528131
71127 -3.7045178
71227 -3.1135724
71327 -2.121882
71428 -0.9002919
71528 0.52574253
71628 2.1567793
71729 3.2737017
71829 4.0666485
71929 4.2954617
72029 4.0249004
72130 3.0498857
72230 1.8435621
72330 0.3797698
72430 -0.8846984
72531 -1.9291909
72630 -2.802772
72731 -3.1920733
72832 -3.2298856
72932 -3.0120785
73032 -2.2703261
73131 -1.6939538
73233 -0.7495241
73333 0.41740513
73433 1.4691324
73532 2.2845125
73633 2.781251
73734 3.044898
73834 2.9706354
73934 2.44847
74035 1.4569755
74135 0.21284342
74235 -1.0889449
74335 -2.0077403
74436 -2.7740211
74536 -3.0298514
74636 -3.037126
74737 -2.94463
74837 -2.8050628
74936 -1.9851346
