60 -2.8527281
161 -3.230449
261 -2.900865
361 -1.619494
461 -0.60737896
561 0.89231205
661 2.4832635
762 3.14641
862 3.043192
962 2.0877128
1062 0.71871233
1162 -0.7951746
1262 -1.9149339
1363 -2.773181
1464 -3.1179385
1563 -3.107535
1663 -2.5172486
1763 -1.1375453
1863 0.62081337
1964 2.0922213
2064 2.9801002
2164 3.4583244
2264 3.3560114
2364 2.7343893
2464 1.2076163
2566 -0.25402832
2649 -1.2581432
2765 -2.4806252
2865 -2.9607873
2949 -3.1780972
3049 -2.6901598
3149 -1.2585113
3249 0.31946087
3349 1.6298866
3449 2.7924523
3550 3.5322971
3650 3.885521
3750 3.6293669
3850 2.1378527
3950 0.1683979
4050 -1.4098332
4150 -2.817756
4250 -3.5572414
4351 -3.6857703
4451 -3.216161
4551 -1.8687651
4651 -0.19838381
4751 1.467145
4851 3.1238518
4952 3.8476257
5052 3.9170914
5152 2.9253912
5252 1.2615733
5352 -0.69012165
5455 -2.181972
5555 -2.888066
5655 -3.3941967
5756 -3.1924808
5855 -2.261023
5953 -0.72549677
6054 0.83571196
6154 2.2206755
6254 3.4610043
6355 3.7637043
6454 3.6107378
6554 2.6704993
6657 0.95837116
6757 -0.58118105
6857 -1.7933128
6955 -2.4736924
7055 -2.7677708
7158 -2.5110164
7258 -1.4444058
7358 -0.24831581
7457 1.1803923
7558 2.64705
7657 3.6278706
7758 3.9863157
7857 3.505476
7957 2.075799
8057 0.5584841
8157 -0.8977232
8257 -2.0476112
8360 -3.1525671
8460 -3.8208773
8560 -3.6328664
8660 -2.7899997
8760 -0.9222784
8858 0.88901997
8959 2.7802896
9059 3.704956
9159 4.1547375
9260 3.8208904
9359 2.4684577
9460 0.39608288
9560 -1.5046082
9660 -2.7291064
9760 -3.2295833
10079 -0.7777262
10177 0.5650511
10278 2.3501878
10378 3.2563238
10478 3.5585423
10578 3.6257763
10678 2.4766922
10778 0.6895342
10878 -1.5116653
10979 -2.9768386
11080 -3.6841471
11180 -4.5776577
11280 -4.725503
11379 -4.0645914
11480 -2.580298
11580 -0.9344282
11680 1.272479
11780 3.0478516
11880 3.7438002
11980 3.8869486
12080 2.6224098
12181 0.9788823
12281 -0.5141578
12381 -1.6137242
12482 -2.1531603
12581 -2.528805
12682 -2.5771482
12782 -2.4157672
12882 -1.6326344
12982 -0.26932812
13082 1.0207105
13182 2.1994653
13282 3.466651
13383 4.1116724
13484 4.14493
13584 2.9207945
13683 1.3055782
13783 -0.40835476
13883 -1.497189
13984 -2.6488843
14068 -3.3519003
14168 -3.885304
14268 -3.6037447
14367 -2.65832
14468 -1.1350026
14568 0.6939802
14668 2.1966906
14769 3.2533817
14869 3.914236
14969 3.957056
15068 2.963313
15169 1.8072481
15269 0.37828684
15369 -0.7679825
15470 -1.8883061
15570 -2.6685808
15670 -2.668057
15771 -2.0630715
15870 -1.0602169
15970 0.48102093
16071 1.7323623
16171 2.6888633
16271 3.3877792
16371 3.5545979
16471 3.508812
16571 3.2798805
16671 3.1445827
16772 2.8300385
16872 1.4520197
16973 -0.42881107
17075 -1.8722641
17172 -2.9695096
17272 -3.392817
17375 -3.5789518
17474 -3.469892
17574 -3.4231582
17675 -3.3191886
17774 -3.1203792
17874 -2.3094728
17974 -0.8227105
18074 0.87503433
18174 2.3230948
18274 3.2563553
18374 3.5848484
18474 3.673029
18577 3.6270752
18677 3.3702145
18777 2.7263083
18877 1.1042166
18977 -0.13192368
19077 -1.4188011
19177 -2.6818562
19277 -3.40886
19376 -3.7829862
19478 -4.0194674
19576 -4.0847187
19677 -4.081948
19777 -4.079015
19876 -4.0358987
19977 -3.7241132
20078 -2.516296
20178 -1.0767701
20278 0.6924515
20378 2.2122316
20478 3.1976986
20578 3.5523777
20679 3.5434303
20778 3.478529
20878 3.339058
20979 3.1185942
21079 2.6890936
21179 1.7223535
21279 0.46739292
21380 -1.0262151
21479 -2.1289086
21580 -2.990389
21680 -3.331052
21782 -3.4518425
21880 -3.53156
21981 -3.5436502
22081 -3.5177495
22181 -3.4974387
22281 -3.4227743
22381 -2.572791
22482 -0.97547674
22582 0.656106
22682 2.0588126
22782 3.2700472
22883 3.9064503
22983 4.107809
23084 4.1188364
23183 3.9742603
23283 3.3438702
23383 2.0013123
23483 0.8878865
23584 -0.46362543
23684 -1.3237348
23783 -2.1559594
23867 -2.7488298
23968 -3.2462475
24068 -3.4791167
24168 -3.3856287
24268 -3.270354
24368 -3.162511
24468 -2.5869696
24568 -1.3545799
24668 0.15564632
24769 1.3555217
24869 2.0168238
24969 2.4477806
25069 2.6631331
25169 2.6960135
25270 2.697042
25370 2.6379638
25470 2.3516884
25570 1.5059433
25670 0.7075758
25771 -0.7323146
25870 -1.8365569
25970 -2.6899183
26071 -3.100634
26171 -3.1896632
26271 -3.1941934
26371 -3.1163034
26471 -2.94416
26575 -2.5071511
26675 -1.4460196
26775 -0.12866545
26874 0.9147315
26972 1.567586
27074 2.1773672
27175 2.5939918
27274 2.8268652
27374 2.9740157
27475 3.0112991
27575 2.9723253
27675 2.6913643
27774 1.6432776
27873 0.5047393
27974 -0.91968775
28074 -2.099377
28175 -3.2151325
28274 -3.7093725
28377 -4.0366173
28477 -4.0581393
28577 -4.006981
28677 -3.9432044
28777 -3.542263
28875 -2.5417814
28976 -1.3293469
29076 0.2449255
29176 1.3737688
29277 2.258059
29376 3.0050087
29477 3.5517979
29577 3.6193256
29677 3.4125814
29777 2.7520142
29877 1.5565538
29977 0.33874846
30078 -0.6722522
30178 -1.5192447
30278 -2.341777
30379 -2.9832525
30478 -3.333829
30578 -3.3922248
30678 -3.3106208
30779 -2.9267135
30879 -2.1439145
30979 -0.73582125
31079 0.6252732
31181 1.8424621
31280 2.8168654
31381 3.483965
31481 3.8879414
31582 3.9676266
31681 3.780283
31781 3.1723366
31881 2.3558807
31980 1.1716375
32081 0.0020165443
32181 -1.2913995
32281 -2.3447826
32382 -2.7933745
32482 -3.1113436
32583 -3.2924125
32683 -3.3227868
32782 -3.333959
32882 -3.3156118
32982 -2.6180422
33083 -0.93716717
33182 0.5488596
33283 1.7272224
33383 2.5553384
33484 3.1923084
33584 3.56888
33684 3.64254
33768 3.5614262
33885 3.2116222
33968 2.9408216
34068 2.5694237
34168 1.8670883
34268 0.573956
34368 -0.770144
34468 -1.6190822
34568 -2.501844
34669 -2.9448178
34769 -3.066233
34869 -3.0374608
34969 -3.0402572
35070 -2.9911203
35170 -2.536076
35270 -1.6577606
35369 -0.27210617
35470 1.1993513
35570 2.2374368
35670 2.966732
35770 3.362836
35871 3.5055256
35971 3.394186
36071 2.5056295
36171 1.1502886
36271 -0.04825926
36372 -1.0088723
36472 -1.7628529
36572 -2.1126478
36672 -2.4129958
36772 -2.5297399
36872 -2.558782
36972 -2.5598006
37075 -2.5213978
37175 -2.4975958
37275 -2.3033512
37375 -0.8168421
37475 0.7642851
37574 1.7448983
37674 2.602337
37775 3.047431
37874 3.2646837
37974 3.3144474
38074 3.2475185
38174 2.9676142
38274 2.1418204
38374 0.9511194
38476 0.0063228607
38576 -0.9889021
38675 -1.9017358
38776 -2.6662169
38876 -3.241946
38976 -3.4486377
39076 -3.5130808
39176 -3.5031817
39277 -3.4621794
39377 -3.341797
39477 -2.7940602
39577 -1.921274
39680 -0.90510845
39780 0.16466475
39878 1.1801391
39978 1.9677634
40077 2.5769563
40178 2.9862227
40278 3.1052551
40378 3.0718327
40478 2.720395
40579 1.4815865
40679 0.074602604
40779 -1.1310604
40881 -1.9632187
40980 -2.7815971
41080 -3.317585
41179 -3.835521
41280 -3.9746745
41380 -3.8760688
41480 -3.6925898
41580 -3.3602657
41681 -2.4387941
41781 -1.1591744
41881 0.4247918
41981 1.583312
42081 2.4236321
42181 2.9496155
42282 3.1161842
42382 3.1332397
42482 2.9746451
42582 2.058961
42682 0.9864669
42782 -0.19091892
42882 -1.1023159
42983 -1.8295217
43083 -2.616521
43183 -3.124436
43283 -3.2611427
43385 -3.3426533
43483 -3.257741
43584 -3.14437
43668 -2.8015504
43768 -1.6437142
43868 -0.36523342
43968 0.8088269
44068 1.77913
44168 2.5059295
44267 3.090372
44369 3.3349152
44469 3.320158
44569 3.0511103
44669 2.6527777
44769 1.8346243
44869 0.57963276
44969 -0.93623066
45069 -1.9110913
45170 -2.5155997
45270 -2.7543285
45370 -2.9739466
45470 -3.0511522
45570 -3.0350537
45671 -2.9889016
45770 -2.9068427
45871 -2.7909465
45971 -1.403605
46071 0.9176626
46171 2.4538856
46274 3.5582132
46374 4.00665
46471 3.7072248
46574 2.2994928
46674 0.6122408
46774 -1.1646633
46872 -2.2918606
46973 -3.1021626
47073 -3.6910517
47173 -3.7614655
47273 -3.4349654
47373 -2.0924535
47476 -1.0518215
47574 0.4281149
47676 1.3794398
47776 2.346949
47875 3.1148949
47974 3.3443356
48075 2.507432
48175 0.8076353
48275 -0.6268096
48375 -1.5355358
48475 -2.215591
48576 -2.8549783
48676 -3.262005
48776 -3.3558004
48876 -3.0115008
48976 -1.4194725
49076 0.25444508
49176 1.5899796
49279 2.2340622
49379 2.810042
49479 3.3269377
49579 3.6250114
49679 3.454239
49778 2.5247965
49877 0.2526827
49978 -1.6637902
50078 -2.6076188
50178 -3.3735178
50278 -3.9170856
50378 -4.6659026
50479 -4.307888
50579 -0.3178625
50680 1.1463671
50779 2.1389694
50880 3.1857243
50980 3.608015
51079 3.3395405
51179 1.8110251
51280 0.34917402
51380 -0.68253803
51480 -1.6153016
51582 -2.609797
51682 -3.28306
51781 -3.4135327
51881 -2.8330626
51981 -0.9692869
52081 0.5899229
52182 1.7061868
52282 2.5794306
52382 3.7529411
52482 4.5797176
52582 4.607685
52682 3.2005405
52784 1.3857574
52882 -0.4049511
52983 -1.4316361
53083 -2.251669
53183 -2.9009497
53283 -3.3453815
53384 -3.142289
53483 -1.8982797
53568 -0.62042856
53668 0.6102371
53767 1.6774168
53868 2.500164
53968 3.303543
54068 3.8782578
54168 3.1008215
54268 1.2959566
54368 -0.1294837
54469 -1.5026784
54569 -2.534379
54669 -3.1369507
54769 -3.2024999
54869 -2.8512774
54970 -1.6770408
55071 -0.26671124
55170 0.9609461
55270 1.7447538
55371 2.6109505
55471 3.131691
55571 3.3271809
55671 2.9169273
55771 1.2822733
55871 -0.29563475
55971 -1.359761
56071 -2.179131
56174 -2.8064399
56274 -3.1065154
56374 -3.070014
56474 -2.6789937
56574 -1.3078284
56673 0.063540936
56773 1.206769
56873 2.2102447
56973 2.9006639
57073 3.496234
57174 3.7214985
57273 3.4976597
57373 2.1749163
57474 0.47916126
57575 -0.87604856
57674 -2.0212379
57774 -2.9062014
57875 -3.200492
57974 -3.2179158
58075 -3.130424
58175 -2.3785882
58275 -0.5734434
58375 0.7399397
58476 2.2062964
58576 3.1431675
58676 3.8967533
58776 4.2562933
58879 3.9442978
58976 2.4714065
59076 0.60335827
59179 -0.9916463
59279 -2.1542897
59379 -3.2691524
59479 -4.088273
59579 -4.163652
59679 -3.296749
59778 -1.0006232
59878 0.9169378
59979 2.582644
60078 3.1530504
60178 3.950076
60279 4.037386
60379 3.1253529
60479 1.7252975
60580 0.39208412
60679 -0.8992815
60779 -1.9576478
60880 -2.8139205
60980 -3.1521277
61080 -3.2116084
61180 -2.9833934
61280 -1.7773118
61380 0.1895628
61481 1.765451
61581 2.8078547
61681 3.7485523
61781 4.103441
61881 3.7005215
61982 2.130258
62081 0.4057951
62182 -1.2899556
62282 -2.4304156
62382 -3.0341601
62483 -3.1541877
62583 -2.8046436
62683 -2.1150584
62783 -0.50760555
62883 1.0282421
62984 2.1167135
63083 2.977037
63184 3.571207
63283 3.9905987
63368 4.0240297
63468 2.492879
63568 0.34701967
63668 -1.1362464
63768 -2.350837
63868 -2.374027
63968 -2.5851052
64068 -2.664334
64169 -2.467967
64269 -0.8855524
64369 0.6484966
64469 1.6789231
64569 2.248023
64669 2.5745072
64770 2.7046928
64870 2.0448618
64970 0.66958094
65070 -0.8041825
65170 -1.777081
65270 -2.5780973
65371 -3.019813
65472 -3.2493565
65571 -3.3986897
65671 -2.9143193
65771 -1.6403129
65872 0.49121952
65971 2.0509024
66071 2.9685655
66171 3.6331654
66274 3.851614
66374 3.5799875
66474 2.3936272
66573 0.74302197
66674 -0.9038048
66774 -2.218629
66873 -3.0412583
66973 -3.443583
67074 -3.3235273
67174 -2.869643
67274 -1.9571555
67376 -0.2543311
67474 1.4090438
67576 2.549872
67676 3.576087
67776 4.1918125
67875 4.1575975
67975 3.327711
68075 2.4873695
68175 1.6692972
68276 0.48153877
68376 -1.1816959
68475 -2.326821
68576 -2.81609
68677 -2.646726
68776 -2.1761587
68876 -0.8614974
68979 0.48818684
69079 1.4089952
69179 2.010028
69279 2.5202193
69379 2.966138
69479 3.0289478
69579 2.4546614
69679 1.2541509
69779 0.067004204
69878 -1.1111538
69978 -2.0918024
70078 -2.416306
70178 -2.825003
70278 -2.9644377
70379 -2.6235967
70479 -2.1883655
70580 -0.057948112
70680 1.4648042
70780 2.3487992
70880 2.998517
70981 3.3058157
71080 3.4888144
71181 3.3134708
71280 2.0108566
71381 0.36705637
71481 -0.7337127
71581 -1.8900971
71682 -2.7292726
71781 -2.722819
71883 -2.722576
71982 -2.4219763
72082 -1.7909036
72182 0.008143425
72282 1.2493029
72382 2.2262444
72483 3.1743612
72583 3.8278828
72683 3.992941
72783 3.7593222
72883 2.356926
72983 0.6160474
73083 -1.144259
73184 -2.2720857
73284 -3.0541873
73368 -3.6182775
73468 -3.7815814
73568 -3.75525
73668 -3.1370819
73768 -1.9212632
73868 -0.4096384
73969 1.0355167
74069 1.9689598
74169 2.761695
74269 3.137186
74369 3.240615
74469 3.005496
74569 1.7953634
74670 0.05768776
74770 -1.3838303
74870 -2.5810733
74970 -3.178928
32 4.3124504
132 4.1355743
233 2.3561873
333 0.19479084
433 -1.5508912
534 -2.987613
851 -2.9879909
952 -1.5320828
1052 0.26832867
1151 1.6809144
1252 2.639924
1352 3.2025776
1452 3.2094822
1552 1.9268723
1652 -0.04786873
1752 -1.6853089
1852 -2.882609
1953 -4.027144
2055 -4.3577013
2153 -4.392362
2254 -3.8385913
2354 -2.581602
2454 -0.3650012
2554 1.3437605
2653 2.289033
2753 2.9920607
2854 2.9120216
2955 1.7538085
3056 -0.031918526
3155 -1.832006
3255 -3.253676
3356 -4.015019
3456 -4.1504
3555 -3.7714765
3657 -3.0770135
3756 -1.3150058
3840 0.5471239
3940 1.8374786
4040 2.8886633
4140 3.5766773
4240 3.6116657
4340 2.57652
4439 0.70464134
4540 -1.2138641
4643 -2.5123184
4745 -3.2099538
4843 -3.4447627
4943 -3.0790932
5043 -2.1973727
5143 -0.022296906
5242 1.5247889
5342 2.3499336
5442 3.0559425
5542 3.485402
5643 3.0743017
5743 1.3101873
5843 -0.31250477
5943 -1.7979913
6043 -2.8676264
6145 -3.8709445
6243 -4.1132174
6343 -3.3939846
6443 -2.114223
6543 -0.4227333
6644 0.96504927
6744 2.0505257
6845 2.876564
6944 3.3775883
7044 2.727581
7145 1.3282828
7245 -0.48134327
7345 -1.9109313
7445 -2.9202976
7548 -3.2649727
7645 -3.1508074
7745 -2.2168727
7845 -1.0422988
7948 -0.14058733
8046 0.9075799
8148 1.8624077
8246 2.6880522
8347 3.2489328
8447 3.1979856
8547 2.0148902
8647 0.62331295
8747 -1.0878189
8848 -2.0240512
8948 -2.8740456
9048 -3.659911
9149 -3.9587178
9249 -3.3590293
9348 -2.178219
9449 -0.13768387
9550 1.531415
9649 2.8096056
9750 3.6047983
9849 3.775898
9950 2.7405343
10050 1.1015491
10150 -0.62040234
10250 -2.0241446
10350 -3.1178772
10450 -3.7785113
10552 -3.8661733
10651 -3.3820634
10751 -2.7488604
10851 -0.6516838
10951 0.9727545
11051 1.9744339
11151 2.7056413
11251 2.8749428
11352 1.8446579
11452 0.34930754
11554 -1.1102116
11652 -2.4085426
11753 -3.0446053
11853 -3.4097
11953 -3.4524043
12053 -2.5480974
12153 -0.4768648
12253 0.98242855
12354 2.197474
12454 3.0899715
12555 3.6403322
12654 3.8265514
12755 3.07308
12855 1.2528577
12957 -0.4469509
13055 -1.4533265
13156 -2.3765643
13255 -3.3577378
13355 -3.8810544
13455 -3.556551
13556 -1.6524227
13656 0.040174007
13740 0.9645033
13840 2.0492373
13940 3.0848904
14040 3.801175
14140 3.5002422
14240 1.7812362
14340 0.10064459
14440 -1.0489044
14540 -2.2159402
14641 -3.144542
14741 -3.3749828
14841 -3.1014202
14943 -1.7889957
15043 -0.13458872
15141 0.7627859
15244 1.6781168
15344 2.4843855
15444 3.0854692
15544 3.2597866
15644 2.7996397
15743 1.4539566
15844 -0.03636551
15943 -1.3210514
16043 -2.3488271
16143 -3.2138135
16244 -3.5728133
16344 -3.2968156
16444 -2.5487046
16544 -0.77941227
16644 0.5965891
16744 2.0458002
16845 3.1499138
16945 3.5460243
17045 3.5770283
17145 2.9313917
17245 1.722013
17345 0.15724277
17446 -1.3694737
17545 -2.705458
17646 -3.78777
17748 -4.2011523
17849 -4.160033
17948 -3.4205887
18048 -2.0806022
18148 0.023299217
18246 1.7060866
18347 2.79069
18447 3.5063324
18547 3.487362
18649 3.173418
18749 1.9598403
18849 0.16317034
18948 -1.1144829
19050 -2.1464174
19149 -2.5686457
19249 -2.5600815
19349 -2.638025
19449 -2.6884878
19549 -2.6649008
19649 -2.61947
19749 -2.5041924
19850 -2.4414942
19951 -2.1692958
20050 -0.40593243
20150 0.47885036
20250 1.6265593
20350 2.2337217
20451 2.4533095
20551 2.4180346
20651 2.1289701
20751 1.1385512
20851 -0.10102892
20953 -0.9800048
21052 -1.7688522
21153 -2.3148425
21253 -3.0615444
21353 -3.2001657
21453 -3.262098
21553 -3.4980025
21654 -3.463691
21756 -2.9958804
21854 -1.8613524
21954 -0.61568356
22054 0.4595332
22153 1.2852364
22253 1.937356
22354 2.4157004
22454 2.6595216
22554 2.681754
22654 2.4323258
22754 1.3870401
22854 0.33107042
22955 -0.9552078
23055 -2.3008332
23155 -3.374951
23256 -4.247124
23355 -4.506775
23456 -4.612868
23556 -4.547551
23657 -4.470888
23758 -4.210861
23840 -2.8960536
23940 -1.3918338
24040 -0.18855286
24140 0.94559956
24240 2.1673355
24340 3.0967197
24443 3.4793806
24541 3.4695692
24641 3.0429506
24743 2.5520377
24843 1.5759697
24943 0.64635706
25043 -0.20574665
25143 -1.1620965
25241 -1.6028812
25342 -2.2299185
25442 -2.7008479
25543 -3.0559592
25643 -3.1411433
25743 -3.0235505
25846 -2.0189238
25946 -0.8504486
26044 0.45207882
26146 1.4721832
26244 2.2530541
26344 2.9006858
26444 3.2010088
26544 3.2639399
26645 3.2472353
26744 2.575508
27062 -0.6993809
27162 -1.9381082
27263 -2.3421829
27363 -2.7665322
27463 -2.9007661
27562 -3.0071187
27663 -2.7068114
27763 -2.2800956
27863 -1.6497357
27963 -0.47136068
28064 0.4632039
28163 1.4278054
28263 2.2003264
28364 2.7538757
28466 2.7566938
28564 2.3578768
28665 1.4218836
28765 0.7721944
28866 0.23842096
28965 -0.526155
29065 -1.0667427
29165 -1.835145
29266 -2.3345761
29366 -2.6844678
29467 -2.9202056
29566 -2.9137602
29667 -2.2068436
29767 -0.86952114
29867 -0.16033936
29967 0.7566123
30067 1.4013352
30151 1.8069892
30251 2.1163201
30351 2.454936
30450 2.6017313
30551 2.593297
30650 2.1821318
30751 1.2581415
30852 0.46417046
30954 -0.6351099
31052 -1.1957004
31154 -2.011706
31255 -2.5434933
31354 -2.9194005
31452 -3.1185265
31554 -3.162307
31655 -3.0879543
31755 -2.6708164
31854 -1.5636234
31955 -0.3238616
32055 0.5761862
32154 1.3933134
32254 1.890429
32354 2.1312323
32454 2.235447
32557 2.2891374
32654 2.3506804
32754 2.0479326
32857 0.93503857
32957 -0.0985508
33057 -1.0556283
33157 -1.8688636
33255 -2.969623
33355 -3.1176746
33456 -3.0887876
33556 -3.0875049
33657 -2.3902693
33756 -1.478302
33856 -0.5584302
33959 0.64078
34059 1.7557554
34156 2.3728166
34257 3.0224304
34359 3.3755112
34458 3.399825
34558 3.2210417
34660 2.5191965
34759 1.45327
34858 0.49967766
34959 -0.72293234
35059 -1.40923
35160 -2.2053895
35259 -2.910089
35359 -3.2848582
35459 -3.3743596
35559 -3.1257358
35660 -2.4836268
35760 -1.7618465
35860 -0.40198708
35960 0.87342596
36061 2.0226731
36160 2.823316
36261 3.3928232
36361 3.747038
36461 3.7381763
36561 3.1656647
36662 2.2816672
36762 1.0199428
36862 -0.45617723
36962 -1.5251708
37062 -2.2678366
37162 -2.5992184
37262 -3.0489683
37363 -3.3517647
37463 -3.5297506
37562 -3.3315196
37663 -2.871527
37763 -2.180599
37864 -0.8685484
37963 0.15694904
38066 1.2053747
38165 2.0358648
38264 2.712027
38364 3.039116
38465 3.063427
38564 2.8240995
38664 2.184226
38765 0.882041
38865 -0.3974061
38965 -1.2827117
39066 -1.992845
39167 -2.6066024
39267 -3.1776035
39367 -3.5023007
39466 -3.5488281
39566 -3.409834
39666 -2.5932379
39766 -2.3893785
39867 -1.2704003
39967 -0.4521489
40051 0.46162271
40151 1.4510474
40251 2.1669626
40351 2.7793717
40451 3.1948833
40551 3.392168
40651 3.3044195
40751 2.6787825
40852 1.5545149
40954 0.40846205
41052 -0.7795315
41152 -1.5326958
41252 -2.44583
41352 -3.233399
41455 -3.556368
41554 -3.576532
41655 -3.3867443
41754 -2.6270382
41854 -1.4985607
41954 -0.48094225
42054 0.50485516
42154 1.51266
42254 2.2836967
42354 2.888215
42454 3.2057476
42555 3.1415806
42656 2.4985085
42755 1.6481767
42856 0.7069607
42955 -0.2755556
43055 -1.2310276
43155 -2.1155756
43256 -2.843955
43356 -3.1171496
43456 -2.9651456
43556 -2.5613017
43657 -1.7776394
43757 -0.6643486
43860 0.3202362
43959 1.323564
44060 2.1587958
44159 2.8708067
44258 3.217287
44358 3.238657
44458 2.759841
44558 1.9154763
44658 0.9484434
44758 -0.33897734
44859 -1.2543607
44958 -2.2131968
45059 -3.2337928
45161 -3.9628541
45260 -4.293092
45359 -4.1111383
45460 -3.561079
45560 -2.945078
45660 -1.5740592
45760 -0.40017748
45860 0.9941168
45960 2.2176604
46060 3.0329046
46161 3.1764393
46261 2.6146088
46361 1.0854502
46461 -0.8224163
46562 -2.4503188
46661 -3.5301294
46762 -3.8543913
46862 -3.8436768
46962 -3.0766327
47062 -1.3743229
47163 0.14955854
47264 1.4514518
47365 2.743577
47464 3.888277
47565 4.1452503
47664 3.063304
47763 1.5223465
47864 -0.21519566
47965 -1.5797734
48064 -2.4865615
48164 -3.2333326
48264 -3.357863
48364 -2.8537517
48464 -1.7910633
48564 -0.45514774
48664 0.7757597
48766 1.8594398
48865 2.6228485
48965 3.0517511
49065 3.2256947
49166 2.0497603
49266 0.33717346
49366 -1.0678792
49466 -2.165439
49567 -3.1179786
49667 -3.2017941
49767 -2.477281
49851 -1.476397
49951 0.00848484
50051 1.571208
50151 2.8156319
50251 3.6009274
50351 3.5602665
50451 2.1016822
50551 0.6353736
50652 -0.7592559
50752 -1.715857
50852 -2.5513272
50952 -3.1752224
51052 -3.322039
51153 -3.2146316
51253 -2.6265256
51353 -0.9065461
51453 0.46663523
51553 1.5950928
51654 2.2247376
51753 2.4474916
51853 1.8222771
51954 0.49099827
52054 -0.64919615
52154 -1.705075
52255 -2.6218085
52357 -3.470315
52457 -3.8573658
52557 -3.7656476
52656 -3.2249503
52757 -1.5296264
52857 -0.10154247
52957 1.0225911
53056 2.0839782
53157 3.3415394
53255 4.1719685
53356 3.9996624
53457 2.5502234
53557 0.6884837
53659 -1.162545
53760 -2.070066
53856 -2.9557414
53959 -3.2193897
54059 -2.6223078
54159 -1.7328029
54258 -0.33289385
54358 1.2613997
54458 2.7485628
54559 3.8513489
54658 4.4084377
54759 3.7112074
54859 2.4966164
54959 1.4457922
55059 0.24773169
55159 -0.85303926
55259 -1.8326743
55362 -2.4819448
55462 -2.800074
55562 -2.723102
55662 -1.88908
55762 -0.9914589
55862 0.46635103
55961 1.913691
56062 3.0060425
56161 4.058919
56261 4.6574554
56362 4.498905
56461 3.2248793
56561 1.6737428
56662 0.29106903
56762 -1.0979753
56862 -1.9146476
56962 -2.606815
57064 -3.221817
57163 -3.213341
57263 -2.5692658
57363 -0.8261671
57463 0.8067479
57563 2.099636
57664 3.0969677
57763 3.7370977
57864 3.5561018
57964 2.5041275
58064 1.5021873
58164 0.27104282
58265 -0.8796592
58366 -1.645581
58465 -2.3822126
58565 -2.8913062
58665 -3.0727205
58765 -3.0480533
58866 -2.0841043
58966 -0.8471265
59066 0.61926603
59165 2.27564
59266 3.0739326
59366 3.5035295
59466 3.5365267
59567 2.694654
59667 1.5817361
59767 0.20091772
59851 -0.8856249
59951 -1.9042027
60051 -2.715215
60151 -3.3624182
60251 -3.616863
60350 -3.2331843
60452 -2.2043684
60552 -0.70815754
60652 0.8793812
60752 2.2708373
60854 3.1727514
60952 3.749195
61052 4.1958714
61152 4.362715
61253 3.5550728
61353 2.289846
61453 0.63881016
61553 -0.8660636
61654 -2.1077542
61757 -3.2168422
61854 -3.834415
61954 -3.7771406
62054 -3.3547826
62154 -2.7600174
62257 -0.40625954
62357 1.2261572
62457 2.2337923
62557 3.1972103
62657 3.8437986
62989 0.93321705
63089 -0.8724699
63190 -2.2431846
63290 -3.3482437
63390 -4.246202
63490 -5.0
63590 -5.0
63691 -4.404818
63790 -2.5722175
63891 -1.0076213
63991 0.6142235
64091 1.8653421
64191 2.8227668
64291 3.6241674
64391 3.7370663
64494 2.7381678
64594 0.8734541
64694 -0.8403883
64792 -1.8105733
64894 -2.7346578
64994 -3.2227914
65094 -3.3599687
65194 -2.9037106
65293 -1.9096565
65393 0.13037586
65493 0.76206875
65593 1.6507545
65693 2.5247345
65795 3.0639668
65894 2.9653673
65994 2.2338204
66094 0.9209175
66195 -0.04664612
66295 -1.1615844
66395 -2.0982993
66496 -2.6701865
66595 -3.200217
66698 -2.811587
66795 -1.8712738
66898 -0.14133215
66998 0.6548166
67098 1.7379179
67198 2.6899695
67296 3.0526066
67397 2.9536486
67496 2.8297248
67596 2.7479262
67697 1.6983819
67797 -0.120791435
67897 -1.5509624
67997 -3.19932
68098 -3.75823
68199 -4.472625
68298 -4.1209965
68398 -2.9109726
68499 -1.18385
68599 0.30715322
68698 1.6625872
68799 2.733203
68899 3.3115263
68999 2.8408532
69099 1.430191
69199 -0.2088995
69300 -1.6445873
69401 -3.1862051
69501 -3.2887666
69600 -3.9510467
69701 -3.6925821
69801 -3.0613291
69901 -1.1373615
70001 0.44302464
70101 1.5688605
70201 2.3694296
70301 3.0719204
70402 3.411559
70501 3.128684
70602 1.7606821
70703 0.23911238
70803 -0.9706006
70902 -1.8455544
71003 -2.1531286
71103 -2.6549077
71187 -3.0413063
71286 -3.1268048
71387 -2.3268118
71487 -0.38335133
71587 1.3401151
71687 2.4489198
71787 3.0875902
71888 3.4523602
71988 3.3251448
72088 2.0335832
72188 0.5344391
72288 -1.301724
72388 -2.299553
72488 -3.0450187
72589 -3.4076302
72689 -3.466316
72789 -3.2329078
72889 -2.0422425
72990 -0.52991056
73089 0.587348
73190 1.5013175
73290 2.4352736
73390 3.0042534
73490 2.7694006
73590 1.1938548
73690 -0.52847767
73790 -1.5360608
73893 -2.3705945
73993 -3.1263905
74093 -3.4395013
74193 -3.2512445
74292 -3.1486948
74392 -2.2522676
74492 -0.21864986
74592 0.93398094
74692 2.0168014
74792 2.9608564
74893 3.5838985
74995 3.7711306
