84 2.6936707
184 0.80255604
284 -0.6079917
384 -1.5352852
484 -1.978354
584 -2.127853
685 -2.2275724
785 -2.3109639
885 -2.321056
985 -2.1199384
1085 -1.4053447
1185 -0.19166279
1285 1.0403304
1385 1.9534049
1486 2.7104769
1586 3.1891117
1686 3.3412447
1786 3.5013704
1886 3.4610367
1986 1.9683547
2087 0.17429686
2187 -1.3129528
2287 -2.069967
2387 -2.3603508
2487 -2.4423494
2588 -2.4417682
2688 -2.391973
2788 -2.2127352
2888 -1.8411381
2989 -0.8676467
3088 0.37517214
3189 1.3086691
3288 2.1997976
3389 2.8675966
3489 3.2246304
3589 3.486639
3689 3.5624342
3790 3.1925478
3890 1.10958
3989 -0.5021062
4090 -1.6009121
4190 -2.1269908
4290 -2.412549
4390 -2.687754
4491 -2.8134077
4591 -2.8279116
4691 -2.766989
4791 -1.8974078
4891 -0.42317486
4991 0.7319946
5091 1.8133392
5192 2.7534194
5291 3.207714
5392 3.351408
5492 3.4315224
5592 3.4359798
5692 2.6191149
5793 0.5339365
5893 -0.6737304
5993 -1.8094933
6093 -2.2254992
6194 -2.3990445
6293 -2.568799
6394 -2.8632848
6494 -3.1232924
6594 -3.1357799
6694 -1.7624836
6794 0.001914978
6894 1.3644485
6994 2.5014076
7095 3.2172537
7195 2.8344727
7295 3.2140217
7395 3.4497356
7495 3.5141325
7595 3.4308176
7696 1.6624985
7796 -0.03598547
7896 -1.8522305
7996 -2.88205
8096 -3.190401
8196 -3.1858392
8296 -3.0420575
8397 -2.906431
8497 -2.6283586
8597 -1.7997048
8697 -0.6514964
8797 0.29560757
8898 1.2071834
8998 1.9287009
9098 2.5542793
9198 2.894436
9298 3.1015987
9666 1.2848544
9766 -0.26489162
9866 -1.4922104
10283 -2.7148473
10383 -2.6247785
10483 -2.2962413
10584 -1.1333008
10684 -0.17220306
10784 0.72897816
10885 1.5970483
10984 2.3375573
11084 3.0427542
11184 3.5837135
11284 3.846364
11385 3.80513
11485 3.2769833
11585 2.1395216
11685 0.80024624
11785 -0.26272154
11885 -1.0787246
12203 -1.7070522
12303 -1.1795261
12403 -0.3646736
12503 0.4875636
12603 1.4089689
12703 2.2272887
12804 2.845932
12903 3.229331
13004 3.3985271
13104 3.4208088
13204 2.958705
13305 1.4148726
13405 0.01939869
13504 -1.2163186
13605 -2.234727
13705 -2.8463016
13805 -3.1136146
13905 -3.2427952
14005 -3.2228951
14105 -2.8441079
14206 -1.7646899
14306 -0.41557837
14406 0.59657955
14506 1.431613
14607 2.1043906
14706 2.7155561
14806 3.078642
14907 3.3593102
15007 3.457591
15107 3.3708544
15424 -0.7498388
15525 -1.805393
15625 -2.4694846
15725 -2.8588898
15825 -2.9776542
15925 -3.0144873
16026 -2.9209247
16126 -2.2699106
16225 -1.1718323
16326 0.05804777
16426 1.0146065
16526 1.746789
16626 2.3077798
16726 2.8268418
16827 3.303358
17244 2.8902602
17344 1.8266768
17444 0.8037176
17544 -0.14941692
17645 -0.9950013
17745 -1.7587502
17845 -2.3546276
17945 -2.7287753
18045 -2.8808732
18145 -2.8815823
18245 -2.8011293
18346 -2.2403543
18446 -1.0017846
18546 0.17846727
18646 1.1704063
18746 2.0879493
18846 2.7054176
19180 3.4557924
19280 3.4268036
19380 3.2276516
19481 2.4602356
19581 0.89066935
19681 -0.15388203
19781 -1.4860256
19881 -2.1443813
19981 -2.4013875
20082 -2.553187
20182 -2.6025481
20282 -2.6035886
20382 -2.515572
20483 -2.1239896
20582 -0.75394726
20682 0.5685468
20782 1.7692461
20883 2.9402428
20983 3.7565432
21316 4.540739
21417 4.345023
21517 3.608282
21618 2.056508
21951 -1.9633775
22052 -2.2454917
22152 -2.372986
22252 -2.421876
22352 -2.4504507
22452 -2.4569325
22553 -2.4262252
22653 -2.0733929
22753 -0.80359936
22853 0.51576424
22953 1.5943666
23053 2.7091308
23153 3.4024658
23253 3.9172478
23353 4.3373795
23453 4.402137
23554 4.2409687
23654 3.4557981
23754 2.1562018
24071 -1.5027537
24171 -2.1558514
24272 -2.4998868
24371 -2.7135901
24471 -2.7434716
24572 -2.744265
24672 -2.6585183
24772 -1.0566325
24872 1.1221461
24972 2.846551
25323 4.4466515
25423 4.427267
25523 4.39295
25624 4.371728
25724 4.303837
25824 3.7771578
25924 1.5746179
26024 -0.50028515
26124 -2.2200055
26225 -2.9739933
26325 -2.9293945
26425 -2.7933373
26525 -2.697928
26625 -2.6665652
26725 -2.613878
26826 -2.4632895
26926 -1.8248782
27025 -0.26727343
27126 0.995337
27226 2.184198
27326 3.404397
27427 4.339966
27527 4.863077
27627 5.0
27726 5.0
27827 4.9998245
27927 4.7553654
28027 3.1459723
28128 1.1582489
28228 -0.76304245
28328 -2.1999323
28428 -2.5786338
28528 -2.5350466
28628 -2.3868337
28729 -2.3039808
28829 -2.205722
28929 -1.6297162
29029 -0.30100632
29129 0.8466754
29229 1.847805
29329 2.8039932
29430 3.2290068
29530 3.4394226
29630 3.586069
29730 3.636526
29830 3.6474552
29930 3.6506176
30030 3.6153688
30131 2.2444992
30231 0.029576778
30331 -1.8648629
30431 -2.7420208
30531 -2.8415043
30631 -2.7638097
30732 -2.5979655
30831 -2.4352143
30932 -2.0941067
31032 -1.1695404
31132 0.028323174
31232 1.3341331
31332 2.233985
31433 3.08778
31532 3.6492252
31633 3.9399157
31733 4.0371475
31833 4.05184
31934 4.0341988
32033 3.9625454
32134 3.5789394
32217 2.4055052
32317 0.4279275
32417 -1.1400523
32517 -2.1525264
32617 -2.4685502
32717 -2.562526
32818 -2.5842566
32918 -2.5936985
33019 -2.514151
33119 -1.9252698
33219 -0.6555476
33319 0.62580013
33419 1.6569357
33519 2.2464905
33620 2.8076048
33720 3.2132034
33820 3.4028893
33920 3.5444393
34020 3.6547194
34120 3.7024345
34220 3.6859007
34320 3.2561016
34420 1.439012
34520 -0.062187195
34621 -1.11991
34721 -1.6648483
34821 -1.9135869
34921 -2.0357769
35021 -2.1208541
35122 -2.218533
35222 -2.2553124
35322 -2.2356012
35422 -1.8253634
35523 -0.49710178
35623 0.70715904
35723 1.634078
35823 2.4065614
35924 2.9774094
36023 3.3330278
36123 3.6027565
36223 3.7436619
36324 3.7963696
36423 3.798461
36524 3.5389338
36624 1.8967543
36724 -0.0060687065
36825 -1.363514
36925 -2.186692
37025 -2.542438
37124 -2.5756388
37225 -2.5635178
37325 -2.5534282
37425 -2.5393448
37525 -2.4389138
37626 -1.8318627
37726 -0.52343845
37826 0.73322916
37926 1.7936912
38026 2.8125138
38127 3.3865147
38227 3.8344212
38326 4.13785
38427 4.2338715
38527 4.247608
38627 3.994791
38727 2.4500885
38828 0.883111
38928 -0.41122007
39028 -1.3664563
39128 -2.0245907
39228 -2.273523
39328 -2.3164706
39428 -2.2772574
39529 -2.1977134
39629 -1.7896779
39729 -0.6065526
39829 0.777534
39929 1.869461
40030 2.7544785
40130 3.36942
40229 3.7578049
40330 3.9205418
40430 4.014641
40530 4.0231743
40630 3.8582954
40730 2.598527
40830 0.6421523
40931 -0.96192694
41031 -2.2234244
41131 -2.6880648
41231 -2.7457154
41332 -2.7422504
41432 -2.714396
41532 -2.6516232
41631 -2.3306248
41732 -0.99086
41832 0.54804707
41933 1.8243589
42032 2.8124604
42133 3.479888
42233 3.8540115
42333 4.0709715
42433 4.1197577
42533 4.12967
42633 4.0567293
42734 2.890748
42817 1.136054
42917 -0.6246376
43017 -1.6421764
43117 -1.9678168
43217 -1.9998202
43317 -2.0215092
43417 -2.0264673
43518 -2.0192182
43618 -1.9000449
43719 -1.1675544
43819 0.105642796
43919 1.1559114
44019 2.0497322
44119 2.8514113
44219 3.3001547
44319 3.629157
44420 3.7200184
44520 3.7226105
44620 3.4960327
44720 2.7752151
44820 1.264739
44920 -0.14721203
45020 -1.5837979
45121 -2.4573305
45221 -2.7667873
45321 -2.8141253
45421 -2.7913857
45522 -2.7235217
45622 -2.521159
45722 -1.5185146
45822 -0.18950558
45922 1.0826874
46022 1.9847617
46122 2.7770452
46222 3.182703
46323 3.4578915
46423 3.6691675
46523 3.719389
46623 3.362092
46723 1.5845361
46823 0.12865782
46924 -0.9772315
47024 -1.7011375
47124 -2.0329893
47224 -2.086143
47324 -2.0351176
47424 -1.9511452
47524 -1.7373447
47625 -0.7512655
47725 0.65100193
47825 1.688868
47925 2.3992472
48025 3.0724487
48125 3.379033
48225 3.4602976
48326 3.45014
48426 3.1537018
48526 1.5126901
48626 -0.1193943
48727 -1.3500531
48826 -1.9045062
48927 -1.9760575
49027 -1.9673676
49127 -1.9432836
49227 -1.9427326
49327 -1.7297466
49427 -0.47039986
49528 0.6706643
49628 2.2029014
49728 3.1111097
49829 3.7395277
49928 4.1354523
50028 4.267048
50129 4.2689342
50228 4.0149326
50329 2.738635
50429 0.8664565
50529 -0.36848354
50630 -1.3351848
50729 -1.8859634
50830 -2.061782
50930 -2.0976284
51030 -2.0509937
51130 -1.793468
51230 -0.8347726
51330 0.26973248
51430 1.2587633
51531 2.0702972
51631 2.6743712
51731 3.0396147
51831 3.1077318
51931 3.0780497
52032 2.6933126
52132 1.2518225
52231 -0.31550646
52332 -1.5418808
52432 -2.082994
52532 -2.0884047
52633 -2.019111
52733 -2.0042055
52833 -1.9754488
52933 -1.7005615
53033 -0.8209863
53133 0.26745462
53233 1.1870556
53551 2.9181275
53651 3.1359835
53751 3.280777
53851 3.3345861
53951 3.1946735
54051 1.6674032
54152 -0.31143284
54251 -1.9852431
54352 -2.6208873
54452 -2.6754417
54552 -2.6370168
54652 -2.5127187
54752 -2.2222173
54853 -1.3811994
54953 -0.34638977
55053 0.77276134
55153 1.663434
55253 2.3035688
55353 3.0615635
55454 3.4442806
55770 2.2886581
55871 0.8774514
55971 -0.27633142
56071 -1.2626534
56171 -1.9552279
56271 -2.151406
56372 -2.0935445
56471 -1.7232945
56572 -1.0662112
56672 -0.2048502
56772 0.8486247
56872 1.9038668
56973 2.788044
57290 3.616518
57390 3.2697392
57490 1.9719329
57591 0.32102823
57690 -1.288559
57790 -2.4475608
57890 -2.8126092
57991 -2.6465414
58091 -2.1283064
58191 -1.3791485
58291 -0.39208603
58392 0.6085038
58492 1.3364038
58592 2.026576
58692 2.4041662
58792 2.7835007
58893 2.8093061
58993 2.807106
59092 2.660777
59193 1.7476387
59293 0.3646884
59393 -0.88586617
59493 -1.9143174
59593 -2.5930095
59694 -2.787354
59794 -2.6690712
59894 -2.169746
59993 -1.1632011
60095 -0.2307682
60194 0.79484415
60294 1.728517
60395 2.4184484
60495 2.9861002
60595 3.1772165
60695 3.2471104
60795 3.0897446
60895 1.687027
60995 0.22341537
61095 -1.3899121
61196 -2.152274
61296 -2.4049985
61396 -2.3395247
61496 -1.8383753
61596 -0.96395063
61697 -0.071084976
61797 0.8822546
61897 1.7169275
61997 2.3694487
62097 3.0005426
62197 3.2487898
62298 3.362544
62398 3.3441257
62498 2.6930513
62598 0.71320057
62698 -0.5453806
62798 -1.356488
62899 -1.5873234
62998 -1.6219945
63099 -1.5814109
63199 -1.4577987
63299 -1.0311007
63399 0.06715584
63499 1.4506278
63600 2.5250893
63700 3.3057241
63800 3.5347433
63901 3.5928135
64000 3.361207
64100 2.1325712
64201 0.16908836
64301 -1.7939091
64401 -2.9047093
64501 -3.1798186
64601 -3.0306227
64701 -2.791663
64802 -1.8821208
64902 -0.24377441
65002 1.2711239
65102 2.297862
65202 2.8633738
65303 3.236063
65402 3.3724308
65503 3.2705173
65603 2.434661
65686 0.94191647
65785 -0.6594076
65886 -2.2862678
65986 -3.3561864
66086 -3.5027113
66186 -3.0179744
66287 -2.3278544
66387 -1.4428566
66487 -0.5350294
66588 0.48338985
66688 1.2630167
66788 1.8318238
66888 2.2720833
66988 2.524877
67088 2.540802
67188 1.903997
67289 0.5855527
67389 -0.6373296
67489 -1.9140906
67589 -2.4435387
67689 -2.5137334
67789 -2.227974
67890 -1.689322
67990 -0.72866726
68090 0.3041005
68190 1.2787886
68290 2.1097198
68390 3.0843334
68490 3.7888775
68590 4.1274033
68691 4.124543
68792 3.2475014
68891 1.3493085
68991 -0.33981037
69092 -1.5604472
69191 -1.9558129
69292 -1.995405
69392 -1.897538
69492 -1.7696462
69592 -1.4672236
69693 -0.20310831
69793 1.3301649
69892 2.117662
69993 2.7030668
70093 2.9566088
70193 3.0307207
70293 3.0254507
70394 2.7067347
70494 0.93262005
70594 -0.76324177
70694 -2.1196132
70794 -2.4731562
70894 -2.3669667
70995 -2.0421185
71095 -1.3149028
71195 -0.23798084
71294 0.69500065
71395 1.3777399
71495 1.9879255
71596 2.3847046
71696 2.7591553
71796 2.8846579
71896 2.7137365
71996 1.3172331
72096 -0.19351768
72196 -1.3821297
72297 -1.937643
72397 -2.0837138
72497 -1.9756436
72597 -1.4239922
72697 -0.22344923
72797 1.0399194
72898 2.0054717
72998 2.686483
73098 3.2609692
73198 3.6504135
73298 3.9608698
73398 4.067313
73498 3.868143
73599 2.683538
73699 0.90124226
73799 -0.6653552
73899 -1.7724156
73999 -2.0106628
74100 -1.9374826
74199 -1.6572349
74300 -1.0741761
74400 0.11743641
74500 1.3854685
74600 2.1126046
74700 2.8982925
74800 3.3795805
74901 3.8611946
75001 4.074909
68 2.0875387
168 2.2159357
268 2.3755064
368 2.3606505
468 0.8427968
568 -1.0829487
669 -2.4600713
769 -3.34066
869 -3.6145768
969 -3.6233065
1070 -3.2161984
1170 -2.2474093
1269 -0.68536377
1370 0.56085396
1470 1.636045
1570 2.386754
1670 3.004609
1771 3.3335018
1870 3.4525366
2205 -0.19696331
2305 -1.5312889
2405 -2.5421984
2505 -3.0456195
2605 -3.1728277
2705 -3.1029224
2806 -2.728222
2905 -1.3777778
3006 -0.03201294
3106 1.0507126
3206 1.7591515
3306 2.5001006
3407 3.2302446
3506 3.6905546
3607 3.7009115
3707 2.714662
3957 -2.1338236
4058 -2.876639
4158 -2.964102
4258 -2.7946315
4357 -2.2861226
4592 0.35608387
4692 1.2711992
4792 2.1978636
4893 2.938445
4992 3.325696
5092 3.355876
5193 2.8769617
5293 0.8199606
5376 -0.76139927
5476 -1.7548625
5576 -2.2944725
5676 -2.70363
5776 -2.9102428
5876 -2.8593984
5977 -2.394567
6077 -1.6145287
6177 -0.5040722
6278 0.64183426
6378 1.5014014
6478 2.3443909
6578 3.0043392
6678 3.34124
6778 3.2740793
6878 2.2179823
6979 0.4115262
7079 -0.9653635
7179 -1.6595674
7279 -1.9426823
7379 -2.189498
7479 -2.3828835
7580 -2.4963799
7680 -2.0002236
7780 -0.5410881
7880 0.55355406
7980 1.0476513
8081 1.9019804
8181 2.781701
8281 3.3993216
8381 3.691019
8598 3.1417303
8698 1.1106863
8798 -0.2617483
8898 -1.1459613
8999 -1.5022304
9099 -1.7832246
9199 -2.0130835
9300 -2.0795095
9399 -2.1184325
9499 -2.1147895
9599 -1.5087609
9700 -0.43330383
9800 0.04661274
9900 0.47843218
10000 1.4848375
10100 2.5598297
10200 3.1928234
10300 3.1913662
10401 2.6488204
10501 1.9079514
10601 1.0791535
10701 0.1456995
10801 -0.6529131
10902 -1.6310272
11002 -2.7282424
11102 -3.2448082
11201 -3.344045
11303 -3.2022078
11402 -2.4421906
11636 0.421278
11736 1.2855616
11837 1.999897
11936 2.620265
12037 3.0250187
12137 3.1350908
12237 2.9271874
12337 1.925561
12437 0.86378
12537 -0.085988045
12854 -2.1538167
12955 -2.217039
13055 -2.19418
13155 -1.9281249
13255 -0.98822355
13355 0.17769194
13456 1.3468318
13556 2.576108
13656 3.2088757
13756 3.4037457
13856 3.3501186
13956 2.778544
14056 1.3251615
14156 -0.15240765
14257 -1.5143046
14357 -2.5068157
14457 -3.1099968
14557 -3.2226033
14657 -3.045865
14757 -2.4334917
14858 -1.1304233
14958 0.22251844
15058 1.1531467
15158 1.8519373
15259 2.3761435
15358 2.664524
15458 2.7493734
15558 2.4482527
15659 0.8439264
15759 -0.3218007
15859 -1.7071476
15960 -2.6625805
16060 -3.1486936
16159 -3.3951206
16259 -3.4692683
16360 -3.389269
16460 -2.963179
16560 -0.40750647
16661 1.1544294
16760 1.8449631
16861 2.1754265
16961 2.395607
17061 2.4335136
17161 2.318193
17261 1.3833904
17362 -0.36023474
17462 -1.7325416
17562 -2.5156243
17662 -2.9644673
17762 -3.3011136
17862 -3.3852615
17963 -3.4049957
18063 -3.3845289
18163 -3.0540845
18246 -1.5940242
18346 0.12888622
18446 1.8071327
18546 2.5872068
18646 2.9895072
18746 3.1233654
18847 3.0828533
18947 2.949964
19048 2.7721472
19148 1.7373567
19248 -0.013743401
19348 -1.2844708
19448 -2.0951865
19548 -2.5462914
19648 -2.7887545
19749 -2.8501017
19849 -2.8502812
19949 -2.8421862
20050 -2.805458
20149 -2.018546
20249 -0.012247086
20350 0.99159765
20450 2.1738029
20550 3.078165
20650 3.5488186
20750 3.697672
20850 3.623579
20950 3.4050083
21051 2.7006426
21151 1.0311527
21251 -0.65996504
21351 -1.7119579
21451 -2.171272
21551 -2.2583601
21652 -2.2458081
21752 -2.2165186
21852 -2.197475
21953 -2.0359547
22052 -1.176405
22152 0.27523994
22253 1.6758018
22353 2.7862182
22453 3.7701397
22553 4.133457
22654 4.1702013
22753 4.0794325
22854 3.7360783
22954 2.2814302
23054 0.6744795
23153 -0.7548132
23254 -1.7598183
23354 -2.1751094
23454 -2.2661958
23554 -2.318152
23655 -2.357554
23755 -2.3430314
23855 -2.185918
23955 -1.2391181
24055 0.21608877
24155 1.4143233
24256 2.3514128
24356 3.0011005
24456 3.338892
24556 3.5020847
24656 3.5596905
24756 3.483779
24857 2.8510828
24957 1.3985872
25056 0.14116001
25157 -1.0791748
25257 -1.9131174
25357 -2.323007
25457 -2.462537
25558 -2.4586053
25658 -2.4587693
25759 -2.45534
25858 -2.355708
25959 -1.2653325
26058 0.35575104
26158 1.6795797
26259 2.522831
26358 2.9077735
26459 3.0586758
26559 3.032857
26660 2.8984504
26760 2.7182722
26860 2.3254447
26960 0.9226694
27060 -0.5337286
27160 -1.7000356
27261 -2.29115
27360 -2.411212
27460 -2.3934948
27560 -2.3479476
27661 -2.2725854
27762 -2.163238
27861 -1.6454647
27961 -0.45976686
28062 0.6016445
28162 1.5466866
28262 2.3927317
28362 2.9910345
28462 3.3832788
28563 3.58325
28663 3.6178074
28763 3.5631256
28846 3.4160595
28946 2.6298685
29046 1.4123955
29146 0.16034985
29246 -0.8938327
29346 -1.4215131
29446 -1.690511
29547 -1.8005328
29647 -1.8478954
29748 -1.8588369
29848 -1.8468628
29948 -1.5903411
30048 -0.05133915
30148 1.2442374
30248 2.0638285
30348 2.700757
30449 3.0611544
30549 3.2270336
30649 3.266221
30749 3.1167917
30849 2.2938957
30949 0.8651171
31050 -0.50324917
31150 -1.5122418
31250 -1.9543536
31350 -2.0463393
31450 -2.0570555
31550 -2.051806
31650 -2.041287
31750 -1.9084773
31851 -1.2567437
31951 -0.19825172
32051 0.9970889
32151 1.7109971
32251 2.493628
32352 3.0963993
32452 3.4515162
32552 3.5957184
32652 3.6523666
32752 3.6231813
32852 3.2816572
32953 2.17443
33053 0.76134586
33152 -0.6632128
33253 -1.7825189
33353 -2.3693032
33453 -2.4805784
33553 -2.4812846
33654 -2.4332242
33754 -2.3891344
33855 -2.2639158
33954 -1.3017914
34055 -0.04781246
34155 0.88683796
34254 1.8130965
34354 2.6397843
34455 3.1999607
34555 3.3696127
34655 3.3788471
34756 3.3001728
34856 3.1391926
34956 2.5737548
35056 1.5292015
35157 0.2886157
35256 -0.78611946
35357 -1.5636547
35456 -1.9490762
35557 -2.0179706
35657 -2.004496
35757 -1.9017828
35857 -1.3037171
35958 0.16968012
36057 1.3883634
36157 2.420587
36258 3.030054
36358 3.3399105
36458 3.4402943
36559 3.4337873
36658 3.3400822
36758 3.1686993
36859 2.0660105
36959 0.30355644
37059 -0.9732094
37159 -1.6471856
37259 -1.8679905
37360 -1.8980234
37460 -1.884213
37560 -1.8288302
37660 -1.5119977
37760 -0.38298416
37860 0.7272372
37960 1.5770941
38061 2.3393717
38161 2.8264046
38261 3.2520332
38361 3.4760847
38461 3.611886
38561 3.6398115
38661 3.6382198
38762 3.4441051
38862 2.1407104
38962 0.67785454
39062 -0.52801037
39162 -1.3242614
39262 -1.6672127
39362 -1.7346268
39462 -1.7474549
39546 -1.7479541
39646 -1.7433715
39746 -1.6180427
39846 -0.7929344
39946 0.42750788
40046 1.4911156
40146 2.4660835
40247 2.9768386
40347 3.1812544
40448 3.1997871
40548 3.1579752
40648 3.1045122
40748 2.9701548
40848 2.719574
40948 1.5272622
41048 -0.023649216
41149 -1.1054053
41249 -1.8345797
41349 -2.060913
41449 -2.1608791
41549 -2.2267168
41649 -2.2417197
41749 -2.2057312
41850 -1.9704258
41950 -1.283689
42251 1.888423
42351 2.595778
42451 3.0123768
42551 3.2163315
42651 3.390952
42751 3.441228
42851 3.3799162
42952 2.7750878
43052 1.0897756
43152 -0.6691375
43235 -1.6098068
43335 -1.9772258
43435 -1.9654031
43535 -1.7434108
43635 -1.4855504
43735 -1.2166152
43836 -0.6866579
43936 0.3722849
44037 1.1933646
44137 1.8762054
44237 2.1857939
44337 2.459773
44437 2.7132583
44537 2.8422408
44637 2.895833
44737 2.8304224
44838 1.8670707
44938 -0.04603052
45038 -1.6318517
45138 -2.4678555
45238 -2.5953321
45339 -2.5035965
45439 -2.2544332
45539 -2.0702305
45639 -1.5169654
45739 -0.47353792
45840 0.5740051
45940 1.5299463
46040 2.3721342
46140 3.008255
46240 3.3809452
46340 3.5453053
46440 3.5872717
46541 3.557601
46640 2.6230378
46741 0.82010365
46841 -0.91292095
46941 -1.8275001
47041 -2.0115104
47141 -2.006715
47241 -2.0333257
47342 -1.9673052
47442 -1.6045296
47542 -0.5019741
47642 0.5891447
47742 1.5981188
47842 2.4696145
47943 3.1640682
48043 3.713128
48143 3.940401
48244 3.97476
48343 3.7576656
48443 3.2178535
48544 1.620635
48644 -0.35668468
48744 -2.1103764
48844 -2.9058225
48944 -3.0503516
49045 -3.0305045
49144 -2.8642905
49244 -2.3913562
49345 -1.2815304
49445 -0.26588106
49545 0.75459385
49646 1.6856589
49745 2.392736
49846 2.793046
49946 2.8852768
50046 2.9213371
50146 2.9530592
50247 2.7868133
50346 1.3541479
50447 0.037564278
50547 -0.917161
50847 -1.3336024
50947 -1.1766248
51048 -0.7572031
51148 0.33091116
51248 1.5497293
51348 2.5997329
51448 3.2223682
51548 3.6151896
51649 3.8052444
51749 3.8345785
51849 3.6689777
51949 2.6779618
52050 1.1264887
52149 -0.44067335
52250 -1.8173833
52349 -2.2557254
52450 -2.2499955
52550 -2.1476789
52650 -1.6309803
52750 -0.5569825
52850 0.56299543
52951 1.5726395
53051 2.3270593
53150 2.9161315
53250 3.3050928
53351 3.4542494
53451 3.5074024
53551 3.4298477
53652 2.8168364
53752 1.447371
53852 -0.22093964
53952 -1.4637146
54052 -2.0388093
54152 -2.115404
54253 -2.1107674
54353 -2.0827355
54436 -1.8560872
54536 -0.51190376
54636 0.94212437
54736 2.0261445
54836 2.7663078
54936 3.1947231
55037 3.3487453
55137 3.3740683
55238 3.3217602
55338 3.0114803
55438 1.9928374
55538 0.11994457
55638 -1.3897629
55738 -2.1467314
55838 -2.1657977
55938 -2.0325673
56039 -1.9649887
56139 -1.7929616
56239 -1.1952195
56339 0.1153574
56439 1.3758936
56539 2.3112688
56639 2.9492493
56740 3.1965017
56840 3.3745022
56940 3.4439068
57040 3.1373663
57140 1.6135511
57241 -0.10343075
57340 -1.2721043
57440 -1.8091588
57541 -1.8976672
57641 -1.9605286
57741 -1.9541793
57842 -1.8505969
57941 -0.6767664
58042 0.51925755
58142 1.4600191
58242 2.3890343
58342 2.9866552
58442 3.656972
58543 4.009569
58643 4.06526
58743 3.636073
58843 2.4784493
58944 0.87627935
59044 -0.5386467
59143 -1.5373108
59244 -1.9272835
59344 -1.9313693
59444 -1.8546047
59544 -1.7544391
59644 -1.4199309
59745 -0.17571926
59845 1.0247049
59945 1.8533745
60045 2.5142798
60146 3.148448
60246 3.347724
60345 3.3827791
60445 3.0957394
60545 1.473619
60646 -0.3299384
60746 -2.0924811
60846 -2.6324828
60946 -2.6722174
61046 -2.5228994
61147 -2.1760008
61247 -1.3909988
61347 0.12915373
61447 1.4892616
61547 2.4495916
61647 3.132658
61748 3.5041666
61848 3.7157946
61948 3.767313
62048 3.2081547
62148 1.0650659
62248 -0.8842201
62349 -1.8727646
62449 -2.020346
62549 -1.9793267
62649 -1.8047836
62749 -1.4842846
62849 -0.7150669
62950 0.48371506
63050 1.6918449
63150 2.7083116
63250 3.4858837
63350 4.0794363
63450 4.2507343
63550 4.1453648
63651 3.1724129
63751 1.2363806
63851 -1.3282642
63951 -3.5737655
64051 -4.0502
64151 -3.748265
64252 -3.4557793
64569 0.30020952
64669 1.991838
64769 3.2633524
64869 3.8312607
64969 3.8643246
65070 3.8701534
65169 3.7235107
65269 3.2208672
65370 1.2334156
65470 -0.9722595
65570 -2.1900918
65671 -2.3113282
65771 -2.136863
65871 -1.7848804
65971 -1.1230552
66071 0.058873653
66171 1.3780942
66271 2.3014464
66372 2.994203
66472 3.4484625
66572 3.7016182
66672 3.7693262
66772 3.7223988
66872 3.3992157
66972 1.6272993
67073 0.0031628609
67173 -1.9481525
67273 -2.6495328
67373 -2.5400882
67473 -2.225372
67573 -1.9426358
67674 -1.2908642
67773 -0.19334984
67874 0.8367443
67974 1.6863546
68074 2.3108468
68174 2.7321038
68274 2.8055887
68375 2.8250122
68475 2.8442812
68558 2.8288484
68658 1.1927824
68758 -0.91412973
68858 -1.7471461
68958 -1.7703686
69058 -1.531213
69158 -1.3439221
69259 -1.0154939
69360 -0.12550259
69676 3.3513393
69777 3.739976
69877 4.0139275
69977 4.07751
70077 4.042368
70178 3.593338
70278 1.8860855
70378 0.020199776
70478 -1.0299163
70578 -1.3403523
70678 -1.356462
70778 -1.2585449
70879 -1.0632892
70979 -0.38611507
71079 0.7496791
71179 1.7630186
71279 2.7166786
71379 3.2485933
71480 3.5596151
71579 3.8864584
71680 3.9638643
71780 3.9635859
71880 3.834875
71980 1.7760859
72080 -0.14335203
72181 -1.1508167
72448 -0.89621687
72548 -0.5352535
72865 2.1691256
72965 2.8872848
73065 3.6544352
73165 4.030321
73266 4.214863
73366 4.2059345
73466 4.002265
73566 2.817768
73667 0.6762667
73766 -0.65788937
73867 -1.1120441
73967 -1.0249519
74067 -0.86936665
74167 -0.7821231
74268 -0.62676096
74367 -0.06097603
74601 3.103526
74701 3.8243017
74801 3.975647
74902 3.984745
75002 3.852292
