21 -4.197784
352 -0.07831907
452 1.2819281
552 2.291407
653 3.2163935
752 3.8376179
853 4.101673
953 3.5428371
1054 2.3359666
1137 1.2224474
1237 0.13579464
1337 -0.6655698
1437 -1.390733
1537 -2.0280604
1637 -2.6512687
1737 -3.0121086
1837 -2.9993386
1938 -1.8550544
2040 -0.42885017
2138 1.1290574
2238 2.154664
2340 3.094347
2440 3.8398628
2541 4.15176
2639 4.050041
2739 3.073783
2839 1.8274751
2939 0.8493347
3039 -0.12271929
3139 -1.1003349
3240 -2.2056162
3340 -3.1578689
3440 -4.073884
3542 -4.2331796
3640 -3.520792
3742 -1.9877772
3841 -0.37327433
3941 0.86804485
4041 2.0241141
4141 2.9328089
4242 3.6336384
4342 4.0573997
4442 4.3421364
4542 4.2895203
4642 3.0914698
4742 1.7212038
4843 0.6291723
4942 -0.43839264
5045 -1.2842591
5145 -1.8911128
5245 -2.5977721
5345 -2.9912584
5444 -3.1896358
5544 -2.947849
5645 -1.5050011
5745 -0.22209167
5844 0.95201206
5944 1.8447657
6044 2.60916
6146 3.2488928
6245 3.6448479
6345 4.0874653
6446 4.2577696
6547 2.957994
6646 1.3075781
6745 0.23463345
6847 -0.7338419
6946 -1.7593746
7046 -2.628928
7148 -3.579309
7248 -4.585926
7348 -4.7271595
7447 -4.8473315
7547 -2.9129233
7648 -1.7130456
7747 -0.85882235
7848 -0.034081936
7948 1.0243587
8049 1.7063799
8148 2.236979
8248 2.6876984
8349 3.029951
8449 3.0969439
8550 2.3732886
8649 0.8979745
8750 -0.45276642
8850 -1.7668366
8949 -2.7809024
9050 -3.679685
9150 -4.033106
9250 -4.09884
9350 -3.9204
9450 -2.6715543
9550 -1.334713
9653 -0.35076618
9751 0.68320704
9851 1.4702425
9951 2.1833534
10051 3.5051327
10152 3.7081718
10252 3.9058113
10352 3.7799664
10453 2.85224
10552 1.0142317
10652 -0.77876425
10753 -1.9192128
10852 -3.037201
10954 -4.026575
11053 -4.3818283
11137 -4.2370577
11237 -3.7806952
11337 -2.7610903
11437 -1.1441932
11537 0.47310734
11637 1.8327284
11740 2.834571
11838 3.5218658
11940 3.9464521
12040 0.0
12140 0.0
12239 0.0
12340 0.0
12440 0.0
12540 0.0
12640 0.0
12740 0.0
12839 0.0
12939 0.0
13040 0.0
13142 0.9513335
13243 2.0794106
13342 3.1443005
13440 3.2071438
13540 2.3216333
13642 0.5896425
13742 -0.6923089
13841 -1.6012974
13941 -2.4014318
14041 -2.6317592
14141 -2.9518933
14241 -2.7848394
14342 -1.6728492
14443 -0.2630639
14542 0.8877363
14642 2.018444
14745 2.7705827
14845 3.0747347
14942 3.0592222
15045 2.8803453
15145 2.2360902
15245 0.8930197
15345 -0.011495113
15446 -0.66740894
15546 -1.21134
15646 -1.6575325
15745 -2.0194614
15845 -2.1297593
15945 -2.2796588
16046 -2.2925875
16145 -2.2939384
16245 -2.2991831
16345 -2.3064725
16445 -2.3095946
16546 -2.3160748
16646 -2.330121
16746 -2.296486
16847 -1.7191868
16946 -0.6675854
17047 0.08404112
17148 0.7152271
17248 1.4861994
17347 1.8066125
17447 1.8117509
17548 1.5493164
17648 0.7271447
17747 -0.23559189
17850 -1.1354222
17949 -1.8374057
18048 -2.4003792
18150 -2.9485264
18248 -3.1565955
18349 -4.2148514
18449 -4.2287188
18549 -4.419467
18649 -4.3629446
18750 -4.2644367
18849 -4.1293216
18950 -3.7920318
19050 -3.0905437
19152 -2.1351879
19251 -1.1921394
19350 -0.15552473
19451 0.95523834
19551 2.0280142
19651 2.587008
19751 3.013216
19851 3.1036472
19951 3.0895977
20051 2.866488
20153 1.9179444
20252 0.7128782
20354 -0.70376205
20454 -1.7785282
20553 -2.6480467
20652 -3.4385576
20752 -3.7997816
20853 -4.0989704
20937 -4.1039023
21037 -4.0130796
21136 -3.924775
21237 -3.8839707
21337 -3.4752636
21436 -2.7766814
21540 -1.8784904
21640 -0.74809647
21738 0.71036005
21838 1.8379412
21937 2.4470916
22038 2.8778253
22138 3.1182938
22240 3.1294994
22341 2.9757676
22438 2.6017365
22541 1.5141973
22641 0.39455652
22741 -0.6529083
22840 -1.4932244
22940 -2.200898
23040 -2.5873625
23140 -3.438762
23240 -3.7396464
23340 -3.7761378
23440 -3.5732963
23540 -3.3659523
23643 -2.842043
23743 -2.1524062
23843 -1.8344715
23943 -1.0969334
24042 -0.30664635
24142 0.8247018
24242 1.3152132
24342 2.1217356
24442 2.5095382
24542 2.7961783
24642 2.9314995
24743 2.9695635
24843 2.9662466
24944 2.8163705
25045 1.947712
25144 0.832335
25244 -0.1512804
25343 -1.0661519
25444 -1.820514
25544 -2.5038114
25644 -3.0702724
25744 -3.4861553
25845 -4.0443316
25945 -3.875063
26045 -3.6441233
26146 -3.0752368
26246 -2.1109595
26346 -1.4307022
26447 -0.7605519
26546 -0.2853837
26646 0.06536722
26746 0.3781557
26846 0.8094244
26946 1.1573238
27046 1.4250436
27147 1.6000519
27247 1.7152967
27347 1.7448893
27447 2.3816094
27548 1.3145332
27647 -0.40312004
27748 -1.6657975
27848 -2.5172122
27948 -3.2134442
28050 -3.5956237
28148 -3.5558462
28249 -3.3871388
28349 -2.8830538
28448 -1.4943757
28550 -0.34860516
28649 0.8786173
28749 1.7903395
28849 2.6312819
28950 3.3756962
29268 4.4990387
29367 4.501383
29468 4.450099
29568 4.098132
29668 3.3493729
29768 2.3534431
29868 1.0579925
29969 -0.24501038
30069 -1.2916763
30169 -1.8091235
30271 -2.225657
30369 -2.4362018
30469 -2.4771166
30569 -2.4585888
30670 -2.348311
30770 -2.0421329
30870 -1.3349814
30969 -0.19587708
31070 0.7981949
31170 1.7652664
31270 2.5194602
31370 3.1367207
31471 3.4884882
31571 3.6478138
31671 3.6791868
31771 3.6815243
31871 3.654852
31972 3.5268545
32072 2.9511595
32172 1.8856606
32272 0.91509104
32372 -0.39755917
32472 -1.2294979
32573 -2.016873
32673 -2.5141582
32773 -3.8545895
32874 -4.539581
32973 -4.334721
33073 -3.6260111
33174 -2.3863044
33274 -1.1334996
33374 0.18100643
33474 2.1117873
33574 2.7442484
33674 3.1810055
33775 3.3882275
33876 3.4198914
33975 3.2158499
34059 2.7713485
34159 1.5075274
34259 0.29310894
34359 -0.40601015
34459 -1.0243027
34558 -1.4383225
34660 -1.8884294
34760 -2.3043659
34860 -2.65975
34960 -2.616207
35060 -2.6195145
35160 -2.6325793
35261 -2.5731525
35360 -1.5693269
35460 -0.892004
35561 0.020618439
35661 0.97462463
35761 1.7273788
35861 2.2800894
35961 2.650107
36062 2.8997698
36162 2.9823084
36262 2.808474
36362 2.245782
36462 1.4471807
36563 0.48538876
36665 -0.36656475
36763 -1.0039685
36863 -1.4720988
36963 -2.2145228
37063 -2.5519052
37163 -2.7997646
37263 -3.0059013
37366 -3.0534406
37466 -2.9055068
37565 -2.8233817
37665 -2.4224153
37765 -1.838764
37865 -1.1538339
37965 -0.20640469
38066 0.6145048
38165 1.4401603
38266 1.9416952
38366 2.2498116
38467 2.4252143
38568 2.5380416
38666 2.5835142
38766 2.488492
38866 1.3279419
38967 -0.08396053
39066 -1.0876136
39167 -1.7629356
39267 -2.3072212
39368 -2.6767037
39467 -2.936718
39567 -2.9374552
39668 -2.9510894
39768 -2.9445987
39868 -2.615623
39968 -1.5357845
40068 -0.7424097
40168 -0.11530113
40271 0.6228361
40371 1.2407336
40471 1.7921333
40570 2.2761717
40671 2.4875937
40770 2.6376762
40870 2.7084618
40971 2.7251878
41071 2.476387
41170 0.8836317
41270 -0.5791564
41371 -1.5788178
41471 -2.3240047
41571 -2.9143462
41671 -3.1363273
41771 -3.3443053
41872 -3.1903536
41971 -2.8021512
42074 -2.1010268
42172 -1.3820415
42273 -0.41760588
42372 0.6393919
42473 1.5973067
42572 2.5086508
42673 3.1202278
42774 3.4897633
42873 3.7797327
42974 3.9017687
43074 3.8593607
43174 3.3795576
43275 2.3307023
43375 1.1015925
43474 -0.055555344
43574 -0.9292855
43675 -1.5948644
43775 -2.3783965
43859 -2.8732727
43959 -4.1024275
44059 -4.2222385
44159 -3.9134612
44258 -3.3548367
44359 -2.5711956
44460 -1.443475
44560 -0.6077838
44660 0.08785248
44759 1.632122
44860 2.9289832
44960 3.5041924
45060 3.8756504
45160 4.084507
45261 4.081045
45361 3.9240894
45461 3.5663185
45561 2.7931418
45661 1.4651022
45761 0.24200535
45862 -0.4049716
45962 -1.0385022
46062 -1.3652985
46162 -1.6754875
46262 -1.7958386
46362 -1.8657503
46465 -1.9352822
46565 -1.9807229
46665 -1.8623602
46765 -0.62559223
46863 0.5947504
46963 1.7934752
47064 2.4323983
47164 2.7760735
47264 2.9671502
47364 3.380972
47467 3.6543722
47565 3.5150366
47668 2.1546082
47764 0.07295704
47865 -1.0938404
47965 -1.7625344
48065 -2.0284328
48166 -2.1228578
48266 -2.163613
48366 -2.4057918
48466 -2.0100074
48566 -1.143187
48667 0.34086418
48767 1.569623
48867 2.7266326
48967 3.2470665
49067 3.5916157
49168 3.7266064
49270 3.517579
49367 2.5791616
49467 1.2556605
49570 0.29255962
49670 -0.37357712
49770 -1.0594687
49868 -1.8819847
49969 -2.3446608
50069 -2.7634034
50168 -3.0736995
50269 -3.4263654
50369 -3.1341176
50471 -2.1687014
50570 -0.9999337
50670 -0.112690926
50770 0.7723818
50870 1.5519423
50970 2.2124887
51070 2.8595266
51170 3.5002556
51271 3.82018
51371 3.8859463
51471 3.69769
51571 2.7736855
51672 1.271481
51773 0.22116041
51873 -0.50806713
51972 -1.2866096
52072 -2.062775
52172 -2.6473908
52273 -2.8990493
52372 -3.7418215
52473 -3.772236
52573 -2.715343
52674 -2.0348372
52775 -1.0876889
52874 -0.46163654
52974 0.5862379
53074 1.484765
53174 2.2566743
53274 2.7081938
53375 3.1643467
53474 3.4384127
53575 3.4908495
53659 2.7925682
53759 1.0422258
53859 -0.18611288
53959 -0.90606165
54059 -1.5849979
54159 -2.254829
54259 -2.7783077
54359 -3.0184312
54459 -3.3626208
54560 -2.813079
54660 -1.9224
54760 -0.65161705
54860 0.29910707
54960 1.393897
55061 2.266501
55161 2.944903
55261 3.4224281
55361 3.709484
55461 3.7770672
55561 3.425641
55661 2.3507948
55762 0.725101
55862 -0.31578255
55962 -1.1991
56062 -1.7984447
56162 -2.288358
56265 -2.728931
56362 -3.0088053
56465 -3.617042
56565 -3.5909362
56665 -2.1120617
56765 -0.82505846
56864 0.335258
56964 1.3092656
57064 2.0111022
57164 2.706964
57264 3.397108
57364 3.8625822
57465 3.9417849
57567 3.44705
57667 2.3109732
57767 0.6163144
57865 -0.40672255
57966 -1.1083355
58066 -1.7916942
58166 -2.611264
58266 -2.8660407
58366 -2.8710322
58467 -2.6193187
58566 -1.7834098
58667 -0.612957
58768 0.3287325
58867 1.2434988
58967 2.1687307
59070 2.78515
59170 3.210001
59267 3.3655605
59370 3.2400017
59470 2.1576967
59570 0.16100979
59670 -1.0636201
59770 -1.9252808
59869 -2.7131562
59971 -3.4362526
60069 -5.0
60169 -5.0
60270 -5.0
60370 -5.0
60470 -1.4617832
60569 1.246233
60670 3.2438126
60770 3.822607
60870 3.985777
60971 4.047865
61070 4.1573925
61173 3.3378582
61271 1.5105042
61371 -0.052275658
61472 -1.419553
61572 -2.3640876
61672 -3.2686045
61772 -4.1378655
61872 -4.5807085
61972 -4.371057
62072 -3.0936558
62173 -1.6900458
62273 -0.31974888
62373 1.1452165
62475 2.203405
62574 2.7674437
62673 3.2901993
62774 3.1442556
62874 2.6679711
62974 1.350379
63074 -0.32370043
63175 -1.4633498
63275 -2.007832
63375 -2.273886
63475 -2.6593661
63559 -2.793972
63676 -2.4502802
63759 -1.9165289
63859 -0.72624207
63959 0.7769561
64059 1.887136
64159 2.8524957
64259 3.4670868
64360 3.84414
64460 3.8510818
64560 2.4211473
64660 0.68884516
64760 -0.5516424
64861 -1.444222
64961 -2.1690893
65061 -3.0525172
65161 -3.4137564
65262 -3.3023818
65361 -2.190271
65461 -0.91086483
65562 -0.108719826
65662 1.1923728
65762 2.1577935
65862 2.8218231
65965 3.340087
66062 3.485529
66164 3.0585117
66265 1.9141364
66365 0.14082813
66465 -1.2839508
66565 -2.256948
66665 -2.8244567
66765 -3.1986527
66864 -3.1435494
66964 -2.4915664
67065 -1.5575078
67165 -0.42181063
67264 0.6750603
67364 1.5680909
67467 2.6098642
67567 3.3306198
67667 3.5350895
67767 3.4710522
67866 2.9410934
67966 2.169629
68066 0.97797585
68166 -0.10816097
68266 -1.090219
68367 -1.9224565
68466 -2.7065272
68566 -3.07695
68667 -3.007809
68767 -2.279858
68867 -0.6027775
68970 1.0104222
69070 2.2805085
69170 3.3673115
69267 4.1172886
69370 4.36862
69470 3.6459684
69570 2.3991585
69669 0.6059675
69769 -0.6112013
69869 -1.9162343
69969 -2.839169
70070 -3.3016691
70169 -2.7787423
70270 -1.9601266
70370 -0.76380396
70469 0.3905797
70570 1.5475984
70671 2.3664923
70772 3.0116062
70871 3.47645
70971 3.5744638
71071 3.1089334
71171 1.9153395
71271 0.5105634
71371 -0.43720675
71471 -1.1515002
71572 -1.9384313
71672 -2.528911
71772 -2.8943179
71873 -2.8122942
71973 -2.2152355
72073 -1.0939088
72173 0.114264965
72273 1.2455907
72373 2.1565728
72474 2.792118
72573 3.22793
72674 3.487481
72773 3.528163
72874 3.150342
72974 1.4117746
73074 0.096616745
73175 -0.82476425
73275 -1.6698768
73375 -2.5805678
73459 -3.2492075
73559 -3.2187946
73659 -2.5404963
73759 -1.7108655
73859 -0.41606474
73958 0.7572355
74060 2.101964
74160 3.1563969
74260 3.9554348
74360 4.439665
74460 4.508363
74560 3.848115
74661 2.3244476
74760 0.68461704
74861 -0.6098051
74961 -1.6338735
