17 -2.8075275
117 -2.9451933
334 -2.7638981
554 -0.69967365
654 0.18640041
754 0.9910507
970 2.193274
1070 2.7621856
1170 3.2360706
1270 3.5325432
1491 3.485136
1590 2.55902
1690 1.6126947
1790 0.93659735
1890 0.091609
1990 -0.50290775
2090 -0.96180344
2190 -1.4665322
2290 -2.2121122
2390 -2.6339934
2490 -2.8789093
2590 -2.9467034
2690 -2.8951867
2790 -2.2792535
2890 -1.35109
2990 -0.30756283
3090 0.47578144
3190 1.0873294
3391 2.1984901
3491 2.5705848
3600 2.896038
3699 3.077116
3799 3.207716
3899 3.214755
3999 2.8591447
4099 2.004818
4199 1.0595446
4299 0.09333134
4399 -0.5217681
4499 -1.0698776
4599 -1.485847
4700 -1.9631324
4799 -2.4168897
4899 -2.760139
4999 -2.889355
5099 -2.909632
5325 -1.838151
5422 -0.73279476
5522 0.24818516
5622 0.7445698
5722 1.2622294
5822 1.6352615
5922 2.1931305
6022 2.4760714
6122 2.6623926
6222 2.6887307
6322 2.5121322
6422 1.9586778
6522 1.3657632
6622 0.45616436
6722 -0.38032436
6822 -0.92155266
6922 -1.4708474
7022 -1.9521029
7122 -2.212804
7221 -2.4019532
7322 -2.4592412
7422 -2.4714074
7522 -2.4195685
7622 -1.8575017
7722 -1.2478161
7822 -0.23974895
7922 0.5701046
8023 1.3663077
8122 1.9388304
8222 2.502832
8430 3.3199644
8530 3.4473858
8630 3.4634848
8730 3.2719336
8830 2.2658844
8930 1.30201
9030 0.2467823
9130 -0.4103341
9230 -1.0188382
9437 -2.075688
9537 -2.2407203
9637 -2.2976594
9737 -2.3204079
9837 -2.2952712
9937 -1.6874504
10037 -0.56687975
10137 0.3147092
10237 1.0676732
10337 1.8944001
10437 2.305707
10537 2.7416906
10637 3.0635815
10737 3.2885284
10837 3.309536
11044 2.4499826
11144 1.4782419
11244 0.50972843
11344 -0.36204004
11444 -1.1526389
11544 -1.8050857
11644 -2.2575336
11744 -2.6794684
11844 -2.9355083
11944 -3.0240347
12044 -2.9597998
12144 -2.7728379
12244 -1.6142998
12345 -0.90977335
12444 -0.27768946
12544 1.4607034
12644 2.0206995
12744 2.4795141
12844 2.8133621
12944 3.1538782
13044 3.1708393
13144 3.1129017
13244 2.7889657
13344 2.0150366
13444 1.3007226
13544 0.6872444
13644 0.0019350052
13744 -0.6025119
13844 -1.132087
13944 -1.5555553
14044 -2.0041127
14144 -2.3093712
14244 -2.4098601
14344 -2.4628148
14444 -2.3891406
14544 -1.780726
14644 -1.0222504
14744 -0.2675438
14844 0.44582462
14944 1.0422568
15044 1.7174978
15144 2.208764
15244 2.614461
15344 2.8527298
15444 2.9322014
15544 2.9270692
15644 2.741294
15744 2.1320815
15844 1.4813204
15944 0.84652805
16044 0.034020424
16144 -0.61739683
16244 -1.1670747
16344 -1.6281898
16444 -2.1861756
16544 -2.4972785
16644 -2.6473458
16744 -2.701049
16844 -2.6126235
16944 -1.9915931
17151 0.27698946
17251 1.2852893
17351 2.0639658
17451 2.4936461
17551 2.7882628
17651 3.1243076
17751 3.2193203
17851 3.2053738
17951 2.8994951
18051 2.0079317
18151 1.3868437
18251 0.3030901
18351 -0.17194271
18451 -0.7602291
18551 -1.2228019
18651 -1.6494579
18751 -1.8697686
18851 -2.0857425
18951 -2.240172
19051 -2.245121
19151 -1.8848672
19251 -0.67666817
19351 0.32385826
19451 1.469718
19551 2.1304665
19651 2.6947565
19751 2.9614997
19851 3.2024336
19951 3.302596
20051 3.3245125
20151 3.2751179
20251 3.1145267
20351 2.7623749
20451 2.0794268
20551 1.1986532
20651 0.2755332
20751 -0.50494814
20851 -1.0763135
20951 -1.6693082
21051 -2.0532231
21151 -2.3235106
21251 -2.4424353
21351 -2.4494998
21451 -2.0199637
21551 -0.8627372
21651 -0.20805645
21751 0.9449334
21851 1.7508683
21951 2.2112832
22051 2.6329904
22151 2.9989958
22251 3.1510448
22352 3.2843904
22451 3.3517475
22551 3.3775482
22651 3.313363
22751 2.6473417
22852 1.6027718
22951 0.8483572
23051 0.13110352
23151 -0.7957325
23251 -1.4622531
23351 -2.037693
23451 -2.3491323
23551 -2.421227
23651 -2.4716463
23751 -2.4715345
23851 -2.435842
23951 -1.6915736
24051 -0.48336124
24151 0.49453115
24251 1.5232568
24351 2.002739
24451 2.615426
24551 2.9327059
24651 3.1026878
24751 3.2973242
24851 3.395773
24951 3.462801
25051 3.4751797
25151 3.1201658
25252 1.8584075
25351 0.43406773
25451 -0.5106511
25551 -1.2989624
25651 -2.0832145
25751 -2.6916993
25851 -3.1214595
25951 -3.280884
26051 -3.2915301
26151 -3.1884181
26251 -2.8387742
26351 -1.9079077
26451 -1.11111
26551 -0.011023045
26651 1.0332518
26751 1.8227835
26851 2.210331
26951 2.8712797
27051 3.1510143
27151 3.4747553
27251 3.745573
27351 3.8342676
27451 3.9144316
27551 3.9293327
27651 3.917758
27751 3.884779
27851 3.7857933
27951 3.0693216
28051 1.9561439
28151 0.42430592
28251 -0.653842
28351 -1.5696759
28451 -2.193197
28551 -2.5418544
28651 -2.691651
28751 -2.7414358
28851 -2.473721
28951 -0.94730043
29051 0.38831377
29151 1.501544
29251 2.2286668
29351 2.7633438
29451 2.9126916
29551 2.9747648
29651 2.9772239
29751 2.673636
29851 2.0788512
29951 1.5435247
30051 0.82747126
30151 0.016074657
30251 -0.60933256
30351 -1.0252221
30451 -1.4419549
30551 -1.8785853
30651 -2.2570975
30751 -2.5581634
30851 -2.7840273
30951 -2.882742
31051 -2.8706956
31151 -2.3827372
31251 -0.9485178
31351 0.2797675
31451 1.4231286
31551 2.338272
31651 2.9126792
31751 3.3665886
31851 3.595152
31951 3.64495
32051 3.514554
32151 3.2807713
32251 2.3675294
32351 1.3379636
32451 0.19490767
32551 -0.60534954
32651 -1.3100266
32751 -1.740766
32851 -2.223722
32951 -2.5234509
33051 -2.6455238
33151 -2.76158
33251 -2.7924178
33351 -2.7664502
33451 -2.0906336
33551 -0.79104185
33651 0.71342564
33751 1.6955528
33851 2.3832788
33951 3.0117216
34051 3.396266
34151 3.6337824
34251 3.7605495
34351 3.7811518
34451 3.3949127
34551 1.9453783
34651 0.59019184
34751 -0.3764763
34851 -0.9187012
34951 -1.374274
35051 -1.7673059
35151 -2.2162747
35251 -2.4812245
35351 -2.784164
35451 -2.8891501
35551 -2.8675532
35651 -2.2803433
35751 -0.86127996
35851 0.38825893
35951 1.5929031
36051 2.5846581
36151 2.6958022
36251 2.931694
36351 3.434122
36451 3.520938
36551 3.5319118
36651 3.3787708
36751 2.7991471
36851 1.4694376
36951 0.049500465
37051 -1.0166676
37151 -1.6893413
37251 -2.1321175
37351 -2.2123141
37451 -2.2622194
37551 -2.3112621
37650 -2.3242593
37751 -2.2805972
37851 -1.6591911
37951 -0.5593238
38051 0.54513454
38151 1.676652
38251 2.2870355
38351 2.801374
38451 3.253355
38551 3.669032
38651 3.8112164
38751 3.7570648
38851 3.4520168
38951 2.5865564
39051 1.6306977
39151 0.5444188
39251 -0.44919634
39351 -1.1226242
39451 -1.7743931
39551 -2.2382598
39651 -2.4186134
39751 -2.494969
39851 -2.5058649
39951 -2.4610794
40051 -2.0993943
40151 -1.086909
40251 0.062348843
40351 1.1507807
40451 2.01299
40551 2.6203742
40651 3.0082874
40751 3.1051311
40851 3.1487026
40951 3.2016544
41051 3.2169018
41151 2.9921007
41251 2.2198205
41351 0.9359975
41451 0.023358345
41551 -0.70502806
41651 -1.2244313
41751 -1.715322
41851 -2.1334586
41951 -2.4495788
42051 -2.5914772
42151 -2.649519
42251 -2.6580286
42351 -2.2029772
42451 -1.097503
42551 -0.1159606
42651 0.89650345
42751 1.7122316
42851 2.3370843
42951 2.711028
43051 2.8830323
43151 2.9267592
43251 2.9154372
43351 2.8513412
43451 2.5970726
43551 1.6533403
43651 0.62235594
43751 -0.23770905
43851 -0.8432884
43951 -1.1966825
44051 -1.86097
44151 -2.3636372
44251 -2.8037899
44351 -3.0086217
44451 -3.0411646
44551 -2.9829955
44651 -2.1400628
44751 -1.2032311
44851 -0.01782751
44951 0.7832928
45051 1.2544312
45151 1.9074259
45251 2.2611914
45351 2.5557914
45451 2.7774878
45551 2.8677611
45651 2.8573852
45751 2.7303123
45851 2.143846
45951 1.1759238
46051 0.004442215
46151 -0.7842407
46251 -1.2348576
46351 -1.7965119
46451 -2.1629024
46551 -2.4212356
46651 -2.4641476
46751 -2.3331208
46851 -2.1652517
46951 -1.3000133
47051 -0.07603216
47151 0.73326015
47251 1.6086907
47351 2.3761444
47451 2.9056191
47551 3.2463589
47651 3.3710232
47751 3.3671694
47851 3.19625
47951 2.79608
48051 2.132815
48151 1.294292
48251 0.3348956
48351 -0.36872244
48451 -0.8516927
48551 -1.369283
48651 -1.9588943
48751 -2.5002322
48851 -2.7557125
48952 -2.7959344
49051 -2.7639685
49151 -2.0878112
49251 -0.45338154
49351 0.6087899
49451 1.6177797
49551 2.4100366
49651 2.887496
49751 3.3536587
49851 3.4563446
49951 3.4399128
50051 3.1782045
50151 2.6375237
50251 2.0946379
50351 1.2962985
50451 0.046904087
50551 -0.82000303
50651 -1.4931366
50751 -2.1890645
50851 -2.6324973
50951 -2.8347552
51051 -2.8681636
51151 -2.4956815
51251 -1.3518054
51351 -0.22993088
51452 0.87079906
51551 1.9579177
51651 2.8455877
51751 3.3233423
51851 3.5123844
51951 3.5978327
52051 3.5648603
52151 3.0518389
52251 2.1737032
52351 1.5055475
52451 0.608973
52551 0.13196087
52651 -0.47159624
52751 -1.198436
52851 -1.7864792
52951 -2.029265
53051 -2.1074414
53151 -2.097012
53251 -1.7045803
53351 -0.6136818
53451 0.5645075
53551 1.4896188
53651 2.2461195
53751 2.5979166
53851 2.7900405
53951 2.8446388
54051 2.880773
54151 2.8214035
54251 2.2335596
54351 0.8793268
54451 -0.4160657
54551 -1.5875192
54651 -2.253261
54751 -2.6677995
54851 -2.676882
54951 -2.6283867
55051 -2.3280344
55151 -1.4932754
55251 -0.32274723
55351 0.82343435
55451 1.7729363
55551 2.4271646
55651 2.790924
55751 2.986062
55851 3.0443907
55951 2.9779472
56051 2.4456496
56151 1.3921442
56251 0.61090755
56351 -0.1619916
56451 -1.0238023
56551 -1.8475108
56651 -2.3157825
56751 -2.4488826
56851 -2.51718
56951 -2.7023995
57051 -2.5137534
57151 -1.9009914
57251 -0.48700428
57351 0.652194
57451 1.5882583
57551 2.322898
57651 2.7923188
57751 3.2418861
57851 3.428627
57951 3.455783
58051 3.3253698
58151 2.6918778
58251 1.7199631
58351 0.62107563
58451 -0.36849642
58551 -1.0882301
58651 -1.8485563
58751 -2.5162237
58852 -2.9641662
58951 -3.1093185
59051 -3.1134398
59151 -2.6806126
59251 -1.6697679
59351 -0.59901667
59451 0.5563855
59551 1.6688256
59651 2.2101607
59751 2.8414488
59851 3.229948
59951 3.4763403
60051 3.5212307
60151 3.3564281
60251 2.7605448
60351 1.5119276
60451 0.3294034
60551 -0.66235447
60651 -1.3072922
60751 -1.9694371
60851 -2.6785915
60951 -3.1421256
61051 -3.2078404
61151 -3.0128033
61251 -2.1058936
61351 -0.90382576
61451 0.1656084
61551 1.1985278
61651 2.018116
61751 2.4112358
61851 2.643856
61951 2.877252
62051 2.9726357
62151 2.9834585
62251 2.3500404
62351 1.0053887
62451 0.086156845
62551 -0.82580566
62651 -1.5727386
62751 -2.369985
62851 -3.08372
62951 -3.3039181
63051 -3.2225635
63151 -2.696588
63251 -1.8189087
63351 -0.68292046
63451 0.34558058
63551 1.287293
63651 2.2126908
63751 2.7475357
63851 3.070819
63952 3.4237938
64051 3.379284
64151 3.0819988
64251 2.4874063
64351 1.8414016
64451 1.0019822
64551 0.02539444
64651 -0.81544113
64751 -1.4950299
64852 -2.1930902
64951 -2.6320112
65051 -2.7523916
65151 -2.7162173
65251 -2.055752
65352 -0.9686084
65451 0.13884258
65551 1.1919751
65651 2.017047
65751 2.4742827
65851 2.814859
65951 3.057352
66051 3.1185513
66151 3.0355663
66251 2.402658
66351 1.3558092
66451 0.24602795
66551 -0.59905005
66651 -1.213227
66751 -1.7011838
66851 -2.230411
66951 -2.6147885
67051 -2.8447413
67152 -2.8175
67251 -2.0041358
67351 -0.91174364
67451 0.277503
67551 1.3423777
67651 2.038423
67751 2.6247687
67851 3.0225687
67951 3.1921759
68051 3.129736
68151 2.8299508
68251 1.9621315
68351 1.1474047
68451 7.6055527E-4
68551 -1.0569549
68651 -1.6919122
68752 -2.108704
68851 -2.4142127
68952 -2.6953104
69051 -2.7695208
69151 -2.6649446
69251 -1.6918392
69351 -0.5190339
69451 0.5818262
69551 1.4193397
69651 1.9946914
69751 2.5055285
69851 2.7796526
69951 2.8229399
70051 2.8040185
70151 2.2738562
70251 1.0594168
70350 -0.21321201
70451 -1.125386
70551 -1.835048
70651 -2.3524015
70751 -2.845218
70851 -3.175629
70951 -3.2728944
71051 -3.2686462
71151 -2.6428757
71251 -1.2886925
71351 -0.10278845
71451 0.90606594
71551 1.9228239
71651 2.6425948
71751 3.1119347
71851 3.2172146
71951 3.2218838
72051 3.0034103
72151 2.2061996
72251 1.0839906
72351 0.021672249
72451 -0.76349735
72551 -1.498605
72651 -1.8478138
72751 -2.3672996
72851 -2.481344
72951 -2.3971696
73051 -1.8479984
73151 -0.94178534
73251 0.10238218
73351 1.0734897
73451 1.9189329
73551 2.5406709
73651 2.9901414
73751 3.095541
73851 3.016058
73951 2.6572938
74051 1.8264785
74151 0.9087181
74252 0.039313316
74351 -0.6085663
74451 -1.2442927
74551 -1.8574615
74687 -2.4623044
74785 -2.5649946
74885 -2.5510852
74985 -2.253737
