34 -1.0964284
134 -2.4433932
235 -3.6734986
334 -3.948703
435 -4.298897
534 -4.200562
635 -4.1591744
735 -2.5513759
835 -1.1904511
936 0.29601002
1035 1.5557709
1136 3.001423
1236 4.2201405
1336 4.5376654
1436 4.559161
1536 4.1363316
1636 3.0861673
1737 1.5203094
1838 -0.19389915
1938 -1.5926323
2038 -3.1253939
2137 -3.439454
2237 -3.7467988
2338 -3.7217915
2438 -3.447128
2538 -3.1133487
2638 -2.5611022
2739 -1.1896794
2839 0.32004118
2939 1.8549933
3040 3.0146818
3139 3.5768661
3239 4.111491
3339 4.0822773
3439 4.0032206
3539 2.8992395
3640 1.6808753
3740 0.6991911
3842 -0.16918659
3940 -1.1422684
4041 -1.7511292
4141 -1.9943445
4241 -2.0074592
4340 -1.9523933
4441 -1.7867081
4542 -1.500133
4642 -0.91583204
4746 0.8533106
4842 2.5283346
4943 3.6665764
5042 4.144719
5143 4.5540085
5243 4.413822
5343 3.1701918
5443 2.3675032
5543 1.2281065
5643 0.20025158
5744 -1.4657402
5846 -2.796369
5944 -3.3383152
6044 -3.7732606
6145 -3.7006366
6244 -3.4623854
6344 -3.3292575
6445 -2.7001977
6545 -1.2356861
6645 0.28278017
6746 1.9742594
6845 3.3413782
6946 4.215498
7046 4.2531366
7146 4.153221
7245 3.9544964
7346 3.2300138
7432 1.7271895
7546 0.5404577
7631 -0.9941082
7730 -2.382642
7831 -3.1252987
7930 -3.2511764
8031 -3.7883945
8130 -3.4936872
8231 -3.0777798
8331 -2.6948073
8431 -1.7286124
8531 -0.23099232
8632 2.4631639
8734 4.054286
8831 4.562791
8932 4.803937
9032 4.9101467
9133 4.8251667
9232 4.2213087
9333 2.7949724
9433 1.4811239
9533 0.20738888
9634 -1.2992129
9733 -2.139566
9834 -3.2665632
9934 -3.5243216
10035 -3.5139205
10134 -2.9260335
10234 -2.861352
10335 -2.1866019
10434 -0.68545246
10534 1.0288916
10634 2.492031
10736 3.702402
10835 2.854528
10935 3.1416073
11035 3.62226
11136 3.7271328
11236 3.823141
11337 3.441515
11436 1.8476038
11536 0.3368082
11637 -1.1113162
11737 -2.268134
11839 -3.0484025
11937 -3.4038217
12038 -3.432635
12137 -3.2530963
12238 -2.5473816
12337 -1.1361439
12437 0.638505
12540 2.3232498
12638 3.864767
12738 4.554224
12839 4.799057
12939 4.69046
13039 4.54002
13139 3.5395937
13239 2.4591494
13339 1.355628
13439 -0.33546638
13540 -1.7845988
13640 -3.1564054
13740 -3.3961368
13840 -3.338655
13940 -3.0725353
14041 -2.7036824
14140 -2.5574858
14241 -1.6841416
14340 -0.05445385
14441 1.6849875
14541 3.3256512
14641 4.239629
14742 4.825678
14842 4.9293346
14942 4.6110945
15042 3.551712
15143 2.429328
15242 1.0388098
15343 -0.41050005
15442 -1.8197656
15543 -2.6018524
15642 -3.095305
15743 -3.4045486
15844 -3.3737195
15943 -3.3148396
16044 -3.196154
16143 -2.6216834
16244 -1.4551926
16344 -0.4287691
16444 1.0366197
16544 2.5357122
16644 3.52987
16746 4.339056
16845 4.7358255
16945 5.0
17045 5.0
17146 5.0
17246 5.0
17345 4.918458
17445 3.7849398
17546 2.7282143
17647 1.55158
17746 0.78840065
17847 0.110229015
17948 -0.7307596
18047 -1.3945122
18147 -1.9723945
18247 -2.4298725
18347 -2.7065046
18448 -2.8676944
18548 -2.799212
18648 -2.6308284
18733 -2.378577
18848 -1.5254467
18949 -0.5198369
19032 0.50298023
19133 1.7090673
19232 2.5424576
19333 2.7947807
19433 3.4568386
19550 4.453349
19634 4.923334
19733 4.949148
19834 4.8556623
19933 4.744466
20034 4.6822615
20134 4.2014465
20234 3.849224
20335 3.184328
20434 1.9195251
20537 0.5373678
20634 -0.23030901
20735 -1.3663654
20835 -2.4433577
20936 -3.1749084
21035 -3.288001
21136 -3.3265948
21236 -3.3431096
21336 -3.3170712
21439 -3.111264
21536 -2.4378738
21637 -0.9805536
21737 0.4417696
21837 1.6682968
21937 3.026699
22254 4.4037
22354 4.4642496
22454 4.483513
22554 4.455329
22655 4.3784695
22754 4.2241306
22855 3.764862
22956 2.5005455
23055 0.7407031
23155 -0.79687023
23257 -1.9976628
23356 -3.0062828
23456 -3.3675153
23556 -3.5119638
23658 -3.4806373
23757 -3.392661
23857 -2.8169537
23957 -1.7914672
24058 -0.4884863
24157 0.7063513
24257 2.2046404
24357 3.7558727
24458 4.470845
24557 4.988226
24658 5.0
24759 5.0
24858 5.0
24958 4.44903
25059 2.8904061
25158 2.3939552
25259 1.1587739
25359 0.038410664
25459 -0.99350834
25559 -1.7078583
25659 -2.4953985
25760 -2.884789
25862 -3.0978303
25960 -3.1041834
26060 -3.054195
26161 -2.7944036
26261 -2.1784103
26361 -0.9787741
26460 0.3099513
26560 1.3120236
26661 2.2899117
26762 3.3725452
26862 4.04064
26963 4.414837
27062 4.527544
27162 4.588297
27261 4.3743153
27363 4.360098
27463 4.1619053
27562 3.6437588
27664 2.129037
27763 0.6954322
27864 -0.583272
27963 -1.4617584
28064 -2.332355
28164 -2.9168413
28264 -3.160552
28364 -3.1414192
28464 -3.1070247
28565 -2.65023
28664 -1.9744713
28767 -0.5688982
28865 0.5461912
28965 1.8993998
29065 3.1820173
29166 3.8008404
29266 4.1021385
29366 4.1564655
29466 4.0569267
29566 3.783162
29667 3.193719
29766 2.3595781
29867 0.7448969
29966 -0.3685007
30067 -1.414875
30166 -2.2502694
30267 -2.8757122
30351 -3.1413636
30467 -3.172875
30552 -3.0955548
30652 -2.8156343
30752 -2.103395
30851 -1.1641622
30952 -0.074687004
31052 0.9781246
31152 2.077567
31252 3.4379148
31353 4.0742664
31453 4.403036
31552 4.4808617
31654 4.5036173
31753 4.375972
31854 4.1572695
31954 3.6910467
32055 2.6620378
32153 1.1012936
32254 -0.3529024
32354 -1.3749149
32455 -1.9739661
32555 -2.4436045
32655 -2.8166702
32756 -3.0402486
32855 -3.0587459
32955 -3.0130403
33055 -2.6147232
33156 -1.7785072
33257 -0.60624504
33355 0.6656723
33457 1.5138636
33556 2.2417908
33658 3.4177494
33756 3.5753107
33857 3.8466053
33957 3.8716536
34057 3.83669
34157 3.6392918
34257 3.2695093
34357 2.3228784
34457 1.763041
34557 0.2833414
34658 -0.86385775
34758 -1.8819964
34858 -2.8292477
34959 -3.0711482
35058 -3.0891356
35158 -2.997745
35259 -2.695708
35358 -2.1368527
35459 -1.2998931
35560 -0.23443365
35659 1.156539
35760 2.026773
35860 3.107211
35960 3.9183655
36060 4.098999
36160 4.271226
36261 4.331503
36361 4.3358116
36461 4.269167
36562 3.4120846
36661 2.244275
36761 0.9129777
36861 -0.21532154
36962 -1.2485383
37062 -1.7881885
37162 -2.0918393
37262 -2.3328865
37363 -2.2480123
37463 -2.2078648
37563 -2.126974
37663 -1.6068139
37762 -0.35087872
37863 0.83883
37963 1.7313766
38064 2.6291556
38163 3.4529896
38264 3.6009464
38363 3.8500805
38464 4.2400417
38564 4.319481
38664 4.2493954
38765 3.3446646
38864 2.4598055
38965 1.1890011
39065 0.12063742
39165 -0.888679
39265 -1.5514789
39366 -2.0406306
39466 -2.3712344
39566 -2.4740665
39668 -2.4107919
39766 -2.3348136
39867 -2.218442
39966 -1.9169135
40067 -0.61645985
40166 1.1380787
40267 2.0661607
40367 3.1977377
40468 3.9358845
40568 4.064502
40669 4.205847
40769 4.331397
40868 4.37381
40968 4.285021
41068 3.473299
41168 2.2911606
41269 1.29604
41369 -0.03465557
41469 -1.0877757
41569 -1.7594235
41669 -2.2877152
41769 -2.4089465
41870 -2.446137
41970 -2.3787653
42070 -2.2932975
42154 -2.1965823
42271 -1.0063369
42354 0.30198526
42454 1.6384573
42555 3.1784382
42654 3.9929295
42755 4.55149
42855 4.784157
42955 4.661791
43055 4.427745
43155 4.2127943
43255 2.8725662
43356 1.9380813
43457 1.2269487
43556 -0.09593773
43657 -1.0359886
43756 -1.6503258
43856 -2.0490997
43957 -2.2044277
44057 -2.2144306
44157 -2.2236946
44257 -2.017212
44360 -0.8103814
44457 0.6161709
44558 1.776361
44658 2.8207512
44758 3.6375103
44859 4.1535416
44958 4.42622
45058 4.5483522
45158 4.570221
45259 4.5420256
45359 3.8526592
45459 2.4885993
45559 1.3322906
45660 0.118854046
45759 -0.64295673
45860 -1.3201046
45960 -1.7592647
46060 -2.0409944
46160 -2.1776528
46260 -2.3532958
46361 -2.495371
46461 -2.5359783
46561 -2.4376721
46661 -1.547358
46761 -0.06035185
46862 1.2237272
46962 2.4261909
47061 3.448308
47161 3.9986486
47262 4.3356285
47362 4.3700857
47462 4.2985144
47562 3.898511
47664 2.9270844
47763 1.3899589
47863 -0.30498743
47964 -1.7824492
48063 -2.84973
48164 -3.237935
48263 -3.4014642
48363 -3.4503837
48464 -3.381019
48564 -2.6227605
48665 -1.1197765
48765 0.46896172
48865 1.967485
48964 3.2423553
49064 3.9094448
49165 4.3475895
49265 4.382653
49365 3.8568048
49465 2.8436828
49566 1.136549
49666 -0.7092285
49766 -2.265615
49866 -3.3284097
49967 -3.6378691
50066 -4.0728292
50167 -4.494959
50267 -4.067385
50369 -3.1352239
50467 -1.193423
50568 0.25212574
50667 1.8535194
50768 2.915452
50868 3.630659
50968 4.1307325
51067 4.4952564
51169 4.554064
51269 3.9005575
51369 2.9801788
51469 1.691916
51569 0.25101662
51669 -1.2769878
51770 -2.438918
51870 -3.308319
51970 -3.4727936
52070 -3.2216299
52170 -3.1179197
52270 -2.3552933
52355 -1.1420035
52454 0.28218603
52554 2.176116
52654 3.8418684
52755 4.581895
52854 4.9245768
52955 4.8041134
53055 3.2428703
53171 1.5284815
53258 -0.043789864
53355 -1.6003642
53455 -2.8975616
53555 -3.5529811
53657 -3.6465464
53756 -3.4467342
53856 -2.802958
53956 -1.5823338
54056 0.023334026
54159 1.3721805
54257 2.396894
54358 3.5890675
54458 4.0843563
54558 3.459772
54658 3.3406658
54758 3.1276102
54858 2.0995154
54958 1.3732996
55058 -0.36814833
55158 -0.45401096
55258 -1.8640995
55358 -3.1384332
55459 -3.4796546
55559 -3.5296786
55660 -3.2289796
55759 -2.4148326
56076 2.0928216
56177 3.5996075
56276 3.8109884
56377 4.0699043
56477 4.1388607
56578 4.1656857
56678 3.6057444
56778 2.347299
56878 1.2798066
56978 -0.013431549
57078 -1.674382
57178 -2.8801098
57280 -3.63742
57595 -2.3921766
57697 -1.6934242
57796 0.29619026
57896 1.6563377
57997 2.8145285
58097 3.9476986
58197 4.1411495
58297 3.8607435
58397 3.794856
58497 3.7277603
58597 2.4215384
58697 1.5286188
58798 -0.1657877
58898 -1.8460441
58999 -2.8400912
59098 -3.0067937
59199 -2.9543157
59299 -2.6776547
59399 -2.4108202
59499 -1.5304348
59599 -0.10802555
59699 1.287837
59799 2.5432024
59900 3.698721
59999 3.7888994
60100 3.860467
60200 3.7359505
60300 2.7660894
60400 1.4890747
60500 0.3600664
60600 -1.1333566
60700 -2.2260194
60801 -3.057588
60901 -3.3537605
61002 -3.2906861
61102 -2.5528486
61202 -1.6420941
61302 -0.03544855
61402 1.1722631
61502 2.4434419
61602 3.3721333
61702 3.9144115
61802 3.987008
61903 3.8763704
62002 3.6253223
62103 2.7594428
62203 1.6240015
62303 0.30433655
62404 -1.2624424
62503 -2.404714
62603 -3.1548867
62704 -3.3420627
62804 -3.2730048
62904 -3.118629
63005 -2.5729346
63104 -1.3391051
63206 0.54827404
63305 1.6242485
63405 2.6715965
63505 3.401101
63606 3.6505756
63707 3.6477108
63806 3.503684
63905 2.5147848
64007 1.6346536
64106 0.9315176
64206 -0.39497995
64307 -1.6538835
64406 -2.6124876
64507 -3.1204753
64607 -3.461877
64707 -3.519353
64808 -3.4031565
64907 -2.4062755
65008 -1.1567032
65108 0.4462633
65192 1.3401341
65292 2.1182313
65392 2.887651
65493 3.5697145
65592 3.6803036
65694 3.4466114
65792 2.3134818
65893 2.0332594
65994 1.31425
66094 0.20777369
66193 -1.3942668
66293 -2.4798806
66393 -3.1273835
66494 -3.3402889
66595 -3.204033
66693 -2.4488153
66794 -1.3795643
66895 0.08300495
66995 1.4070077
67094 2.5249176
67195 3.4411106
67297 3.8373775
67395 3.8898296
67496 3.7128916
67595 2.4434447
67696 1.6438012
67796 0.49320936
67897 -0.9511118
67997 -1.9883883
68097 -3.0751371
68196 -3.5825684
68297 -3.5797312
68614 -0.8896532
68714 0.56277895
68814 1.7609696
68914 2.793635
69015 3.7776203
69115 3.8567343
69215 3.763012
69315 3.5272121
69414 2.9809532
69515 1.8219924
69616 0.9894762
69716 -0.52252436
69815 -1.8608968
69916 -2.7552881
70016 -3.2204092
70117 -3.3082628
70218 -3.2983546
70316 -3.0080438
70416 -2.195149
70517 -0.57231617
70618 1.084857
70717 2.1671515
70817 3.1640081
70917 3.8240137
71018 3.860671
71118 3.8148975
71218 3.417182
71318 2.7164946
71419 1.9144096
71519 0.46806765
71619 -0.9409437
71720 -2.1204345
71819 -3.1857698
71919 -3.5042224
72020 -3.5246267
72120 -3.4676223
72220 -3.2960544
72320 -3.0170655
72420 -1.9115968
72520 -0.36839533
72621 1.1104956
72721 1.9440727
72822 2.9817023
72920 3.4807568
73022 3.5698195
73120 3.4692917
73222 2.510573
73321 1.9136276
73422 1.0293026
73523 -0.45335484
73622 -1.7010231
73723 -2.6696694
73823 -3.2789524
73924 -3.3946354
74023 -3.3485875
74123 -2.9579692
74222 -2.1800196
74324 -0.72677946
74423 0.842803
74523 1.9805541
74624 2.8770094
74723 3.3994932
74809 3.5117512
74924 3.097412
