46 -0.08930588
147 0.957973
247 1.7166457
347 2.2611465
447 2.4765496
547 2.4694123
647 2.4762
748 2.4398856
848 1.7463593
947 0.574553
1048 -0.5909357
1148 -1.5310307
1248 -1.9289312
1348 -2.184676
1448 -2.1731532
1549 -1.823071
1649 -0.960958
1749 0.15754175
1850 0.9595976
1950 1.6452537
2049 2.2994928
2149 2.5056038
2250 2.5014787
2350 2.5028076
2450 2.2013817
2550 1.0195317
2650 -0.123028755
2751 -1.0561604
2851 -1.8418014
2951 -2.401626
3051 -4.192898
3151 -5.0
3251 -4.796277
3351 -2.0538235
3452 -0.6499777
3552 0.68285704
3652 1.4767594
3753 2.043315
3852 2.3439407
3952 2.42373
4053 2.4250655
4153 2.2824388
4254 1.4407454
4353 0.1197772
4453 -0.99177074
4553 -1.7927234
4654 -2.4113538
4754 -2.4261584
4854 -1.7398407
4954 -1.038578
5054 -0.11102247
5154 0.8846111
5255 1.7291207
5355 2.3445878
5438 2.710013
5538 2.9629693
5638 3.0464191
5738 3.0606327
5837 2.8285193
5938 1.585082
6038 0.2177248
6139 -0.46056128
6473 -1.7780564
6574 -1.8209128
6673 -1.810838
6774 -1.4863515
6873 -0.20322323
6974 1.0038538
7074 1.8119936
7174 2.235456
7274 2.3403063
7374 2.3392
7474 2.282454
7575 1.8453279
7675 0.671998
7775 -0.23215008
7875 -1.0380082
7975 -1.5185635
8076 -1.7349353
8393 -1.2867503
8493 -0.08165264
8594 1.0029125
8693 1.8115654
8794 2.4981246
8894 2.7978692
8994 2.8840637
9093 2.9026842
9193 2.7771177
9294 1.7981033
9395 0.8428602
9495 -0.30307674
9595 -1.1697516
9695 -1.4817357
10012 -1.5960712
10112 -0.94709444
10496 2.499611
11414 -0.8642211
11514 -1.4648635
11614 -1.7568161
11715 -1.8653738
11815 -1.8071694
11915 -1.259093
12015 -0.25576782
12115 0.70238113
12215 1.5942597
12315 2.09898
12416 2.3081489
12515 2.3093748
12616 2.2539864
12717 2.1255965
12816 1.5772543
12917 0.34090042
13016 -0.7942915
13117 -2.0040417
13217 -2.251994
13317 -2.4273143
13417 -2.4378386
13517 -2.2858849
13617 -1.7438774
13718 -0.6691694
13818 0.3684826
13918 1.2218156
14018 1.8927331
14118 2.1797304
14218 2.3036218
14318 2.3203354
14419 2.2333555
14518 1.7814703
14620 0.7106476
14719 -0.3251028
14819 -1.0761364
14919 -1.503406
15020 -1.7359862
15120 -1.8022723
15220 -1.6902385
15320 -1.0599186
15420 -0.049881935
15520 0.88997936
15621 1.5351295
15704 1.9791269
15804 2.3099241
15904 2.362359
16004 2.3662653
16104 2.3470597
16204 2.3340158
16304 2.3290129
16405 2.3284516
16505 2.3332481
16606 2.3373642
16706 2.3390646
16806 2.341466
16906 2.3447485
17006 2.284906
17106 1.0145082
17440 -1.5191503
17540 -1.5421379
17640 -1.5251832
17741 -1.4928031
17840 -1.4683361
17941 -1.4357216
18041 -1.3424954
18142 -1.2845864
18241 -1.2738338
18342 -1.2633927
18442 -1.2569079
18542 -1.2533901
18642 -1.2476506
18742 -1.2432923
18842 -1.2381375
18943 -1.1801238
19043 -0.54162645
19143 0.267622
19243 0.8612752
19343 1.4749603
19443 2.033445
19543 2.3017898
19860 2.5504813
19961 2.582418
20060 2.6080208
20161 2.6374016
20261 2.679254
20361 2.7120695
20461 2.725451
20562 2.058835
20662 0.30318165
20762 -0.65180683
20862 -1.0795543
20962 -1.1916168
21063 -1.2280354
21162 -1.2379448
21263 -1.2617316
21362 -1.2939065
21463 -1.262317
21563 -0.2665701
21663 0.9342704
21764 1.8203173
21863 2.279583
21964 2.5235686
22064 2.7165222
22164 2.829535
22498 2.9800887
23499 -2.3049228
23600 -2.323438
23700 -2.3416224
23800 -1.9143851
23900 -0.349885
24000 0.90491295
24100 1.899373
24200 2.468534
24300 2.8571143
24401 3.3080187
24501 3.6100035
24601 3.7930193
24701 3.7961054
24801 3.539194
24902 2.785182
25002 1.4111314
25336 -1.8118725
25436 -2.0384636
25536 -2.3179383
25636 -2.4925995
25736 -2.543871
25836 -2.5358496
25937 -2.5048814
26037 -2.440025
26137 -1.9484572
26237 -0.30417204
26337 0.8391266
26437 1.6903191
26538 2.115322
26638 2.382154
26738 2.6699896
26838 2.7945375
26939 2.7923837
27038 2.7160988
27139 2.2266188
27238 1.1718473
27339 0.12066126
27439 -0.66581106
27539 -1.4783905
27639 -2.349212
27739 -2.9608798
27840 -3.2584996
27940 -3.5191085
28040 -3.547106
28141 -3.4395278
28241 -3.2582343
28341 -3.1842942
28441 -2.8465493
28541 -0.8111639
28641 0.45293903
28741 1.5179687
28841 2.1943421
28941 2.6682024
29042 3.092144
29142 3.365572
29242 3.4283848
29342 3.42589
29442 3.422472
29542 3.366562
29643 2.8042579
29742 1.2382708
30160 -1.8274016
30260 -2.130358
30360 -2.2379918
30460 -2.292347
30561 -2.3039975
30644 -2.3046784
30744 -2.2668834
30844 -1.5884998
30943 -0.01888752
31044 1.4911909
31144 2.6151114
31244 3.3691912
31345 3.612772
31445 3.6716442
31546 3.6762247
31646 3.6793623
31746 3.659462
31846 3.554367
31946 2.4967089
32046 0.98839283
32147 -0.5224314
32246 -1.7661319
32347 -2.51765
32447 -2.8703234
32547 -3.1883025
32647 -3.5259411
32747 -3.4895773
32848 -3.4264424
32948 -4.3925037
33048 -3.6870499
33148 -2.5974674
33248 -1.105835
33348 0.5774932
33448 1.751236
33549 2.224186
33649 2.3710089
33749 2.434217
33849 2.4963121
33949 2.552001
34049 2.5904913
34150 2.5881486
34249 2.2519507
34350 0.85346556
34450 -0.3826394
34550 -1.3919978
34650 -2.3375533
34750 -2.91956
34851 -3.2697544
34950 -3.4404068
35051 -3.5601368
35151 -3.6922603
35251 -3.6069264
35351 -1.9638841
35452 0.11288118
35551 1.4302382
35652 2.3614283
35752 2.894288
35852 2.9701166
35952 2.9252663
36053 2.8696885
36152 2.8423262
36252 2.7987022
36353 2.5972953
36453 0.7348738
36554 -0.6549325
36653 -1.6700623
36754 -2.373301
36854 -2.9019141
36954 -2.9863636
37054 -3.297606
37154 -3.5005348
37254 -3.9331267
37354 -4.0888896
37455 -3.800054
37555 -1.9683037
37655 -0.45869875
37756 0.8413482
37856 2.6928377
37956 3.3910007
38056 3.560382
38155 3.6005735
38256 3.621088
38357 3.6192303
38456 3.551094
38557 3.0110254
38657 2.1091661
38757 1.0458469
38857 0.16593933
38958 -0.52479935
39057 -1.0310242
39158 -1.4467711
39258 -1.6371579
39357 -1.8138542
39458 -2.0199676
39558 -2.2167068
39659 -2.3359034
39758 -2.1087413
39858 -0.6454468
39959 0.624341
40059 1.7719741
40159 2.601344
40259 3.0188265
40360 3.2811375
40459 3.3212109
40560 3.3027525
40660 3.28825
40760 3.2704535
40860 3.2272625
40961 2.5934243
41060 1.5524583
41161 0.6260085
41261 -0.53715277
41344 -1.4268422
41444 -2.0793476
41543 -2.297882
41643 -2.2454488
41743 -2.1731472
41844 -2.1622908
41943 -2.1556773
42045 -2.1394587
42145 -1.2010117
42246 0.2249527
42346 1.4658518
42446 2.4665003
42546 2.968431
42646 3.3691463
42746 3.4390535
42846 3.433218
42947 3.413536
43047 3.3109703
43147 2.8185287
43247 1.3781323
43347 0.16304207
43447 -0.7961812
43548 -1.4890473
43648 -1.8178296
43748 -1.9411597
43849 -2.0147777
43948 -2.1025302
44048 -2.2055352
44149 -2.3695767
44249 -2.4183772
44349 -2.073673
44449 -0.3762064
44549 1.1304502
44649 2.6149912
44966 3.5896893
45067 3.5783215
45167 3.5779095
45267 3.5838413
45368 3.57823
45718 0.73681355
45818 -0.4970479
45918 -1.2955203
46018 -1.531641
46118 -1.5935783
46218 -1.6137204
46319 -1.6282227
46419 -1.6497223
46519 -1.6679807
46619 -1.6128972
46720 -0.37600613
46819 0.8707142
46919 1.8128881
47020 2.5693932
47120 2.8765745
47220 2.8976693
47320 2.9010344
47420 2.9081168
47520 2.9122047
47621 2.829834
47721 1.23767
47821 -0.14031267
47921 -0.98686314
48021 -1.4937034
48122 -1.7685475
48222 -1.8988633
48322 -1.962131
48422 -2.001124
48522 -2.046849
48839 0.018469334
48940 1.093966
49039 1.8707342
49139 2.5406127
49240 2.9465437
49340 3.0975437
49440 3.0972776
49540 3.0637894
49641 2.0395103
49741 0.6955018
49840 -0.45939445
49941 -1.4451191
50041 -2.0729136
50141 -2.4703555
50241 -2.6560023
50342 -2.6063929
50442 -2.6788406
50542 -2.6180305
50642 -2.486668
50742 -1.3618774
50842 0.1452856
50942 1.5427542
51042 2.468274
51143 2.9891028
51243 3.13272
51343 3.1175766
51443 3.0467215
51544 2.9496946
51644 1.7779589
51744 0.23689938
51844 -0.7966089
51944 -1.5439873
52044 -1.9850802
52144 -2.2075856
52244 -2.2468815
52344 -2.2461371
52445 -2.2407517
52545 -2.237455
52645 -1.8361487
52745 0.10879183
52846 1.4420929
52946 2.3204489
53046 2.9540358
53129 3.1803493
53229 3.4950342
53329 3.6154766
53429 3.2267885
53529 2.0677557
53629 0.7331128
53730 -0.49536085
53830 -1.4014983
53931 -1.942699
54031 -2.288271
54131 -2.5533457
54231 -2.6364074
54331 -2.6473763
54431 -2.6535347
54531 -2.6037803
54631 -1.3433471
54732 0.3528285
54832 1.661242
54932 2.6956701
55032 3.403613
55132 3.5238008
55233 3.5941439
55333 3.348219
55650 0.123337746
55750 -0.7763758
55850 -1.6368675
55951 -2.2838788
56050 -2.5954614
56151 -2.7111967
56251 -2.7305737
56351 -2.7253764
56451 -2.6944237
56551 -2.5753036
56652 -1.7369258
56752 0.20805597
56851 1.6150055
56952 2.897863
57052 3.2835407
57152 3.2774181
57252 3.1596813
57353 3.1218357
57452 2.838098
57553 1.0524411
57653 -0.8138962
57753 -1.9750204
57853 -2.6788259
57953 -2.86626
58054 -2.680366
58154 -2.6186857
58254 -2.596212
58354 -2.5346549
58454 -1.7053127
58554 0.0070233345
58654 1.2549305
58755 1.9853158
58855 2.231021
58955 2.4637046
59055 2.5308504
59372 0.41621542
59472 -0.53270245
59573 -1.3363605
59673 -1.7873032
59773 -1.9879537
59873 -2.1191099
59973 -2.1666267
60074 -2.2064908
60173 -2.2255976
60274 -2.2279818
60373 -1.7652042
60474 -0.11188173
60574 1.2108102
60674 2.0864258
60775 2.6704879
61175 2.9176307
61275 1.624414
61375 -0.3893323
61475 -1.701751
61575 -2.3148189
61676 -2.3916929
61776 -2.43187
61876 -2.4484515
61976 -2.4403615
62077 -2.395389
62176 -2.0473707
62277 -0.4448352
62611 2.7700949
62711 3.0241508
62811 3.2526674
62912 3.422285
63011 3.4838743
63111 3.4246216
63211 1.9432311
63312 -0.22161388
63411 -1.5120132
63512 -2.187296
63612 -2.3841407
63712 -2.3865392
63813 -2.359779
63913 -2.323686
64012 -2.2723775
64113 -1.7229412
64213 -0.25805712
64313 0.73940897
64414 1.7074747
64514 2.2574668
64614 2.6602936
64714 2.754407
64814 2.7433648
64914 2.456089
65015 1.1229753
65114 -0.5818467
65215 -1.9373322
65315 -2.2907748
65415 -2.28581
65515 -2.166325
65615 -2.1444888
65716 -1.9883316
65816 -1.1569915
65916 0.22095776
66016 1.4007044
66117 2.0874228
66217 2.7065992
66316 3.2289991
66416 3.3555222
66517 3.3642054
66617 3.2597609
66717 2.2860184
66817 0.44501734
66918 -1.16138
67017 -1.9815953
67118 -2.2240236
67217 -2.2273116
67318 -1.956553
67419 -1.7084694
67518 -1.557101
67618 -0.7244468
67719 0.69599056
67819 1.8625283
67919 2.595117
68020 3.0361528
68119 3.1713505
68220 3.0930672
68320 2.2319083
68420 0.26960087
68503 -1.0937629
68603 -2.233084
68703 -2.6214573
68803 -2.4505687
68903 -2.2856526
69003 -2.2159693
69104 -2.1352785
69204 -1.3497174
69304 0.2785759
69405 1.704072
69505 2.682551
69605 3.1477184
69705 3.3693848
69805 3.3970385
69906 3.3485022
70006 3.1273022
70106 1.4186263
70423 -2.5658743
70523 -2.5311513
70623 -2.414777
70723 -2.3263202
70824 -2.018522
70924 -0.7060342
71024 0.64373875
71124 1.7283125
71224 2.5652285
71324 3.0966358
71424 3.3165054
71524 3.3253078
71625 3.1327686
71725 2.0133057
71825 0.37915468
71925 -1.1397381
72025 -2.1641784
72126 -2.5054078
72226 -2.3780792
72326 -2.328373
72426 -2.2502756
72526 -1.6829987
72626 -0.3217764
72726 0.9445658
72827 2.0035944
72927 2.7297144
73027 3.0789394
73128 3.1586437
73227 3.1045494
73327 2.6944418
73428 1.6737046
73528 -0.026432037
73628 -1.6940942
73728 -2.736267
73828 -3.1134696
73929 -3.12289
74029 -3.2574809
74128 -2.9380183
74229 -1.423188
74329 0.19753265
74429 1.6222496
74529 2.793954
74629 3.3311281
74730 3.5240612
74830 3.602621
74930 3.3967962
