93 3.4579487
261 3.4314823
361 3.2476034
461 2.856852
562 2.0900574
662 1.2266097
762 0.5350199
862 -0.41561222
963 -1.3265023
1063 -2.2134695
1163 -2.7000194
1264 -2.9019623
1364 -2.8540761
1464 -2.6169116
1564 -2.1878476
1665 -1.3876634
1765 -0.17181873
1865 0.7185631
1965 1.5833306
2065 2.2608933
2166 2.682107
2265 3.002761
2366 3.2360039
2467 3.274993
2566 3.159031
2667 2.625805
2767 1.8448668
2868 0.9831438
2967 0.0037732124
3068 -0.9485798
3168 -1.8402886
3268 -2.821038
3369 -3.13364
4288 2.4498281
4388 2.7308373
4489 2.8267794
4589 2.8277273
4689 2.5727944
4790 1.7341223
4889 0.83319473
4990 -0.076496124
5090 -1.0619266
5408 -2.7518213
5508 -2.7139742
5607 -2.6330073
5708 -2.4919856
5808 -1.6735122
5909 -0.4117484
6010 0.39166784
6109 1.1814795
6209 1.7816429
6527 3.001443
6627 2.938333
6728 2.6800141
6827 1.8703561
6928 1.0601182
7029 0.12650585
7129 -0.7235098
7229 -1.6043563
7330 -2.4447138
7429 -2.8060684
7530 -2.8691785
7848 -1.7654767
7948 -0.2913494
8047 0.9057975
8149 1.8063912
8248 2.5710459
8348 2.9473662
8449 3.0582743
8549 3.0488768
8650 2.7708502
8967 0.5313301
9067 -0.49125814
9167 -1.4682765
9268 -2.264754
9368 -2.9245944
9468 -3.4576306
9569 -3.5122912
9669 -3.1087456
9770 -2.4924877
9870 -2.0498154
9969 -1.2307811
10069 -0.25311947
10170 0.6227312
10271 1.4114165
10370 1.9320855
10471 2.5667481
10571 2.9069138
10890 1.8881197
10989 0.83817196
11090 0.030299187
11189 -0.660213
11290 -1.3650336
11391 -1.9661701
11490 -2.49692
11591 -3.0632215
11691 -3.3771546
11792 -2.8666224
11892 -2.0942883
11992 -1.2519047
12092 -0.5475416
12192 -0.100960255
12293 0.7532282
12393 1.6658998
12494 2.0661354
12593 2.430913
12694 2.566082
12794 2.5206437
12894 2.3497605
12995 1.6835814
13095 0.48534155
13195 -0.40224266
14114 -0.13870668
14215 0.74388266
15133 1.7888556
15234 0.85696507
15334 -0.14109516
15434 -1.2010646
15535 -2.382688
15634 -3.0225396
16102 -0.7657995
16203 0.38794613
16303 1.4755616
16404 2.409021
16504 3.276104
16604 3.5105724
16704 3.4031887
16805 3.40697
16904 3.34091
17005 2.1832533
17106 0.94026375
17206 -0.20799828
17306 -1.1422164
17406 -1.5852401
17507 -1.7234592
17606 -1.7606373
17707 -1.7451298
17808 -1.7179475
17907 -1.604877
18009 -1.0326297
18108 0.0029268265
18208 0.9137492
18309 1.8333869
18409 2.4569564
18509 2.6983619
18609 2.7985525
18710 2.8900633
18810 2.895266
18911 2.779376
19011 1.9055467
19111 0.93798923
19211 -0.16579437
19311 -0.99660397
19412 -1.5376148
19512 -1.9629779
19613 -2.291206
19713 -2.4236047
19813 -2.2821224
19912 -1.5701585
20013 -0.5858507
20114 0.50889015
20214 1.6592417
20314 2.5399122
20414 3.0985985
20515 3.563754
20615 3.7222118
20715 3.7098103
20815 3.6565046
20916 3.5799942
21016 3.5296097
21100 3.4217262
21200 2.8362603
21300 1.6990356
21400 0.6060667
21501 -0.49600172
21601 -1.4233088
21700 -2.4934392
21801 -3.248301
21902 -3.4891305
22002 -3.5851276
22102 -3.569295
22203 -3.4421918
22303 -2.9244814
22403 -1.9479825
22504 -0.38491106
22604 0.60916615
22703 1.7149658
22804 2.7246552
22905 3.5337515
23004 3.8813972
23105 3.969221
23204 3.9762516
23306 3.8531704
23405 3.6699657
23506 3.3782835
23606 2.5749998
23707 1.8171134
23807 0.7670646
23906 -0.32646084
24007 -1.636298
24108 -2.5956967
24208 -3.1371748
24307 -3.377562
24409 -3.3640766
24509 -3.3738937
24608 -3.3681257
24709 -3.2599406
24810 -3.0842395
24910 -2.7228189
25010 -2.1269681
25111 -0.7171726
25210 0.73176813
25311 1.9280319
25411 2.8372917
25511 3.295969
25612 3.5162563
25712 3.4836245
25812 3.3284607
25913 3.173151
26013 3.103609
26113 2.7464995
26213 2.0045357
26314 1.1323929
26413 0.299016
26514 -0.9067297
26615 -2.0533788
26715 -2.7506266
26815 -3.3166125
26915 -3.4359732
27016 -3.4918265
27115 -3.4769275
27216 -3.3708773
27299 -2.9586055
27400 -1.9375944
27500 -0.32254028
27600 0.63369226
27701 1.6755142
27801 2.3617668
27900 2.654273
28001 2.6197
28102 2.3975334
28201 1.9376411
28302 0.9515867
28403 -0.29786444
28503 -1.4166839
28603 -2.455028
28703 -3.0306356
28804 -3.2061117
28903 -3.3022754
29004 -3.299766
29105 -3.2776911
29204 -3.2119687
29305 -3.0979137
29404 -2.9132082
29505 -2.0048263
29605 -0.36648655
29706 0.66601753
29806 1.602252
29906 2.2353516
30007 2.5561767
30107 2.8062067
30207 2.926374
30307 2.8831077
30408 2.7963343
30507 2.617156
30609 2.0762992
30709 1.0278769
30808 7.510185E-4
30909 -1.0563436
31009 -2.1027815
31110 -2.9526963
31210 -3.355792
31311 -3.5544748
31410 -3.5760875
31511 -3.5341365
31611 -3.4568129
31711 -3.3310924
31811 -3.0981193
31911 -2.83937
32012 -2.3100133
32112 -1.2854412
32212 0.13189077
32313 1.2664475
32413 2.0762267
32513 2.7300148
32614 2.7201157
32714 2.7216072
32814 2.640399
32914 2.4385328
33015 1.8862085
33115 0.64220333
33214 -0.561749
33316 -1.6958847
33415 -2.5666208
33515 -2.953297
33600 -2.9985983
33699 -2.9765408
33800 -2.858513
33901 -2.601423
34000 -2.0870101
34101 -0.6939707
34201 0.4581709
34302 1.5600424
34402 2.3878226
34502 2.6951613
34602 2.8520737
34702 2.8886347
34803 2.8741722
34903 2.858344
35004 2.7960129
35103 2.549346
35204 1.7514982
35305 0.52951145
35404 -0.3433156
35505 -1.3893666
35605 -2.2941887
35706 -2.770039
35806 -2.932002
35906 -2.9313602
36005 -2.8472981
36107 -2.6628292
36207 -2.4111688
36307 -1.8719773
36407 -0.6259589
36507 0.6174407
36608 1.7614775
36708 2.4395766
36808 2.8094072
36909 2.9933853
37009 3.053156
37108 3.079236
37209 3.0730534
37309 3.0670118
37410 3.0440998
37510 2.8813868
37610 2.105165
37711 0.6209669
37811 -0.6290808
37911 -1.5505974
38012 -2.200907
38112 -2.488353
38212 -2.5834644
38312 -2.6110241
38412 -2.598964
38513 -2.4261374
38613 -1.8072038
38713 -0.5130224
38814 0.5868902
38913 1.5426702
39013 2.2279701
39114 2.51925
39215 2.6144552
39315 2.6221914
39415 2.5807905
39515 2.5078049
39616 2.4262123
39716 2.3219805
39799 2.0317612
39900 0.7766557
40000 -0.5318756
40100 -1.4283032
40201 -2.293373
40301 -2.6313887
40401 -2.6931791
40501 -2.6587842
40602 -2.5367188
40702 -2.392422
40802 -2.1862435
40903 -1.7453308
41003 -0.26504707
41103 0.70712423
41203 1.5982552
41304 2.1547484
41404 2.5499
41504 2.6403933
41605 2.6515136
41705 2.5977874
41805 2.3971162
41905 2.0206003
42005 1.2103491
42106 0.22501945
42206 -0.7423148
42306 -1.5539818
42407 -2.3514736
42507 -2.6639302
42607 -2.7801933
42707 -2.8280704
42808 -2.7963464
42907 -2.5835583
43008 -1.7587693
43109 -0.39632082
43209 0.6171198
43308 1.7307081
43409 2.4109702
43510 2.8798385
43610 3.275259
43710 3.366516
43810 3.4025135
43910 3.4305363
44011 3.3418264
44111 2.9018755
44211 2.2386599
44312 1.3697729
44412 0.10228443
44512 -0.9359083
44613 -1.9949753
44712 -2.5618787
44813 -2.8832426
44913 -2.9472594
45014 -2.9425235
45113 -2.8868937
45214 -2.7878213
45314 -2.5503702
45414 -1.6686599
45514 -0.32446384
45615 0.91132593
45715 1.7380342
45815 2.1596236
45916 2.1954765
45999 2.1991944
46100 2.10178
46200 2.0112839
46301 1.8167672
46401 1.4148073
46501 0.23169518
46600 -0.8274169
46701 -1.5285885
46802 -2.5410137
46902 -2.7569976
47002 -2.7643616
47102 -2.5774372
47203 -2.2529805
47303 -1.843586
47403 -1.0992131
47503 -0.1009779
47604 0.95286655
47703 1.956584
47804 2.8468857
47905 3.260172
48005 3.389576
48171 3.4186268
48271 3.3464308
48372 3.06007
48473 2.095365
48572 0.81102085
48673 -0.17592525
48774 -1.2326279
48874 -1.8676319
48974 -2.1857202
49141 -2.2357469
49242 -2.0607033
49342 -1.5778923
49441 -0.7634721
49543 -0.01695919
49643 0.6148443
49743 1.4302645
49843 1.9508538
50010 2.5189118
50729 0.0054135323
50829 -0.6584959
50929 -1.2391777
51397 -1.9112275
51498 -1.4500325
51598 -0.43948698
51698 0.4057579
51798 1.3238778
51898 2.039834
52066 2.6991553
52165 2.8424973
52265 2.902794
52367 2.907102
52467 2.840365
52567 2.472982
52667 1.6477289
52767 0.7271271
52934 -1.0013988
53035 -1.6966481
53135 -2.195071
53235 -2.4045541
53336 -2.3673046
53436 -2.1464396
53536 -1.7529972
53637 -0.7861986
53737 0.09291363
53836 1.1061893
53938 2.0392761
54037 2.7744331
54138 3.2653904
54238 3.7434187
54338 3.7413807
54438 3.4803715
54539 3.0261383
54639 2.6674032
54739 1.9050179
54840 1.052474
54940 0.11509657
55023 -0.58141947
55124 -1.2390976
55224 -1.7193673
55324 -1.9730196
55425 -2.0128727
55525 -1.9240012
55624 -1.5547988
55726 -0.6816511
55826 0.17501211
55926 1.1163607
56026 1.8095765
56127 2.3981032
56227 2.6894555
56327 2.8096337
56428 2.8322248
56528 2.796163
56628 2.5636306
56728 1.7087226
56828 0.89903736
56928 -0.0914731
57029 -0.84030724
57129 -1.4778392
57229 -1.9801786
57330 -2.298798
57430 -2.3913205
57530 -2.3348024
57631 -1.9393644
57731 -0.8963909
57830 0.08613491
57931 1.163023
58032 1.9414892
58132 2.4941702
58232 2.70829
58332 2.7859602
58433 2.8461022
58533 2.8500528
58633 2.7104363
58734 2.0280876
58834 1.0204859
58933 0.3064208
59034 -0.6040478
59135 -1.7124782
59234 -2.4132597
59335 -2.8040717
59436 -2.933751
60154 1.039021
60253 1.8634086
61207 -1.6778705
61306 -2.1804585
61407 -2.5566669
61507 -2.6368768
61608 -2.5527296
61708 -2.2286208
61808 -1.390635
61909 -0.48441505
62009 0.41503716
62110 1.415246
63128 -0.82091856
63847 -0.73942995
63947 0.17067385
64047 1.2574568
64967 1.4860711
65067 0.46959543
65166 -0.38364744
65268 -1.2319915
65367 -1.6556461
65468 -1.8343916
65569 -1.9109974
65669 -1.9206204
65769 -1.806577
66085 0.8812928
66187 2.0724397
66286 2.7923326
66387 3.322195
66487 3.3750162
66588 3.410839
66687 3.2430468
66787 2.4414954
66889 1.263278
66989 -0.038912296
67089 -1.0938716
67190 -1.6776307
67290 -1.9966745
67390 -2.057284
67490 -1.9825253
67591 -1.7277083
67690 -0.8655901
67791 0.3185892
67891 1.3231988
67992 2.1221251
68092 2.7736092
68192 3.2094479
68292 3.4257107
68392 3.4241877
68493 3.2618647
68592 2.6825953
68677 2.0827522
68776 0.969378
68877 -0.14186096
68978 -1.2210128
69077 -2.0111973
69178 -2.373685
69278 -2.4301524
69379 -2.379707
69479 -2.1699789
69579 -1.940073
69679 -1.2173202
69780 -0.123929024
69880 0.6951165
69980 1.5111961
70081 2.438437
70180 2.7941537
70281 2.9642563
70380 2.953074
70482 2.8822365
70582 2.1936798
70682 1.0954337
70782 -0.16325474
70882 -1.4822478
70983 -2.4542723
71083 -3.223782
71184 -3.3672407
71284 -3.3128903
71384 -2.8407028
71484 -2.21606
71584 -1.2916603
71684 -0.27758884
71784 0.8633909
71885 1.9431252
71985 2.548532
72086 2.8373857
72186 2.92313
72286 2.9481912
72387 2.8636217
72487 2.693737
72586 1.8372192
72688 0.34418726
72788 -0.67966604
72887 -1.7904975
72988 -2.3461235
73088 -2.6893687
73189 -2.7078898
73289 -2.5627716
73389 -2.1107116
73489 -1.3490148
73590 -0.26492214
73690 0.58686733
73790 1.5088463
73890 2.0830908
73990 2.4646616
74091 2.7122445
74191 2.714985
74291 2.5945902
74391 2.4603586
74492 1.910759
74593 1.0355844
74693 0.0986948
74793 -0.7787576
74876 -1.4521427
74977 -2.636125
