3 1.4061232
103 0.82225466
204 0.24022198
304 -0.36231852
404 -0.6989045
504 -0.9965229
604 -1.0931199
704 -1.0757766
804 -1.0063293
905 -0.7949128
1005 -0.49682665
1105 -0.22212505
1205 0.15554237
1305 0.61495495
1405 1.1881399
1505 2.0696082
1606 2.7331696
1706 2.983924
1806 2.9795904
1906 2.830289
2006 2.5263624
2106 2.0919762
2206 1.5541697
2307 0.96152735
2407 0.4032812
2507 -0.15995455
2607 -0.72652197
2708 -1.1314723
2807 -1.2502131
2907 -1.2300415
3008 -1.1449628
3108 -0.8598981
3208 -0.32117987
3308 0.36519527
3408 1.2077608
3508 2.010497
3609 2.8075013
3708 3.2759228
3809 3.4501553
3909 3.4657307
4010 3.3290644
4110 2.704873
4210 1.6279383
4311 0.7098646
4410 -0.034413338
4510 -0.6465659
4611 -1.1291828
4711 -1.5118403
4811 -1.6597533
4911 -1.6597533
5012 -1.4731686
5111 -0.8807874
5212 -0.44814968
5312 5.9604645E-5
5412 0.57310724
5512 1.0459471
5612 1.5261583
5712 1.9987397
5813 2.402429
5913 2.5583253
6013 2.5109224
6113 2.016533
6214 1.4705963
6314 1.0281477
6414 0.504014
6514 -0.07801819
6614 -0.72886705
6714 -1.444941
6815 -1.8882241
6914 -2.0389054
7015 -2.0258226
7115 -1.8985982
7215 -1.6030221
7315 -1.307251
7416 -1.0779572
7515 -0.8008895
7616 -0.4936781
7715 -0.010706902
7816 0.61931086
7916 1.3140893
8016 2.0036764
8117 2.5219688
8217 2.8205137
8317 2.767499
8417 2.250959
8516 1.5879602
8618 0.9380064
8717 0.47969627
8818 -0.009149075
8900 -0.3577137
9000 -0.6468663
9100 -0.93900967
9200 -1.1249986
9300 -1.1126626
9402 -0.81958866
9502 -0.2252655
9603 0.53953457
9703 1.1153369
9803 1.8397713
9903 2.4946036
10003 2.787322
10103 2.8299904
10203 2.7414842
10304 2.3349853
10404 1.4287782
10504 0.6573634
10604 0.20073032
10704 -0.08672619
10805 -0.39577007
10904 -0.56587553
11005 -0.82535744
11105 -1.0418415
11205 -1.1064353
11305 -0.99447155
11405 -0.5115032
11505 0.10982418
11606 0.7836795
11706 1.4725175
11806 2.3102965
11906 3.015895
12006 3.1744394
12106 3.0243473
12206 2.654214
12306 1.80719
12407 1.0641732
12507 0.21406269
12607 -0.568326
12707 -1.1781685
12807 -1.4235408
12907 -1.5217197
13008 -1.5343318
13109 -1.4788888
13208 -1.1382165
13308 -0.5833483
13409 0.03959036
13508 0.5753846
13608 1.1223221
13709 1.7175765
13809 2.2085977
13910 2.530301
14009 2.7204385
14110 2.7617807
14210 2.6162653
14311 1.9847441
14410 1.2238493
14510 0.46597672
14610 -0.24860859
14710 -0.8669863
14811 -1.4060283
14912 -1.7981772
15012 -2.0261197
15111 -2.172452
15212 -2.2959015
15312 -2.3968196
15412 -2.351193
15513 -1.321198
15612 -0.009645462
15712 0.9122839
15813 1.5414634
15913 1.8028326
16013 1.8532495
16113 1.8563223
16431 2.0679293
16530 2.1718397
16631 2.2689223
16731 2.352839
16832 2.410904
16931 2.4457932
17032 2.469635
17132 2.494544
17232 2.5210128
17332 2.5422883
17432 2.5583472
17532 2.5708961
17632 2.5752363
17732 2.575222
17833 2.5461302
17933 2.466632
18033 2.226822
18134 1.636312
18484 -1.7183032
18583 -1.8386331
18684 -1.8397367
18784 -1.6996942
18884 -1.3210385
18985 -0.5838332
19085 0.11499119
19185 0.86155176
19285 1.3831606
19385 1.8128738
19486 2.03937
19586 2.4694128
19686 3.1446037
19786 3.5133572
19887 3.6833296
19987 3.7025833
20087 3.6736698
20187 3.6387482
20287 3.208727
20386 2.3440208
20488 1.4063773
20587 0.542377
20688 -0.43746853
20788 -1.5039096
20888 -1.974684
20988 -2.1319127
21088 -2.17017
21189 -2.1862378
21288 -2.1963618
21389 -2.1290884
21488 -1.3493519
21589 0.018638134
21690 0.80055237
21790 1.399015
21890 2.3862257
21990 2.8720322
22090 3.3467655
22190 3.4529438
22508 2.9341002
22607 2.5040536
22708 1.1997952
22807 0.27101183
22908 -1.2424519
23007 -2.4405882
23108 -2.98661
23208 -3.0627236
23309 -3.0788193
23408 -2.96495
23508 -2.7407804
23609 -2.6922565
23709 -2.5895033
23809 -2.1240125
23909 -0.92680645
24009 0.32711506
24110 1.077774
24210 2.2128005
24310 2.9188209
24411 2.998149
24511 2.994986
24610 2.9749222
24711 2.946087
24811 2.6786523
24911 2.1776261
25012 1.776217
25112 1.147294
25212 0.21191502
25311 -0.48000002
25412 -1.1585763
25512 -1.5318916
25613 -1.8146672
25713 -1.973299
25812 -2.024569
25913 -2.0478463
26013 -2.0550742
26114 -2.0565019
26214 -2.0121658
26313 -1.5044663
26631 1.0866857
26731 1.7104177
26832 2.4052362
26931 2.4875665
27032 2.5536256
27132 2.8150406
27232 2.8448815
27332 2.7965498
27432 2.7939386
27532 2.7569122
27633 2.510672
27732 0.90192986
27833 -0.5331502
27932 -0.9142003
28033 -1.2720113
28133 -1.7767711
28234 -2.0160046
28333 -2.2067428
28433 -2.3865123
28534 -2.4270968
28634 -2.4910753
28734 -2.507401
28835 -2.0792308
28934 0.4547248
29034 1.0001202
29135 1.4510627
29235 1.3485937
29335 1.145648
29435 0.9324298
29536 0.36663532
29635 -0.3161764
29736 -0.9324751
29836 -1.2662749
29936 -1.3785763
30037 -1.5008655
30137 -1.6353874
30237 -1.7679322
30336 -1.8506277
30437 -1.9570055
30538 -2.024942
30637 -2.090579
30738 -2.1502118
30838 -2.1821203
30939 -2.1318965
31038 -1.6559513
31139 -0.50839424
31239 0.6374388
31339 1.2993984
31421 1.6297164
31521 1.6691055
31621 1.6784616
31721 1.7800536
31821 2.1317148
31921 2.2348566
32023 2.2442718
32123 1.6214957
32224 0.54215336
32324 -0.740263
32424 -1.0899742
32524 -1.4727883
32624 -1.8131104
32724 -2.0118055
32824 -2.1695285
32925 -2.2960985
33025 -2.3529756
33125 -2.3838313
33225 -2.3936124
33325 -2.3963876
33425 -2.3452833
33526 -1.3771012
33625 -0.05937767
33726 0.7749653
33826 1.1819258
33926 1.2762322
34026 1.3972983
34127 1.4175882
34227 1.3484912
34327 0.67849636
34427 -0.034466267
34527 -0.9105797
34623 -1.9923856
34727 -2.8669605
34828 -3.0687995
34928 -3.084621
35028 -3.1450007
35128 -3.2149081
35228 -3.0656939
35328 -2.0605426
35428 -0.951653
35529 -0.08570957
35629 0.31715822
35730 0.6041589
35829 0.9246564
35929 1.6538696
36030 2.3713288
36130 2.4582415
36230 2.9685683
36331 3.498929
36430 3.1286087
36531 2.3435364
36848 -0.40234852
36948 -1.6643167
37048 -2.1475422
37148 -2.3591228
37248 -2.4160323
37349 -2.3923593
37449 -2.3268917
37549 -2.129472
37649 -1.750293
37750 -1.5320199
37850 -1.3081863
37950 -0.86124086
38049 -0.042061806
38150 0.78275156
38250 1.8885283
38350 2.5910501
38451 2.9297829
38551 3.9100971
38650 4.3797426
38751 4.453047
38852 4.021394
38952 3.186224
39047 2.1895423
39152 1.6998949
39252 0.8677759
39352 -0.010939598
39453 -1.461745
39552 -2.1912887
39653 -2.7357502
39753 -2.8678133
39853 -2.7846947
39953 -2.4274795
40053 -1.4169831
40154 0.30749083
40253 1.6684303
40336 2.3694215
40436 2.8666162
40536 3.034976
40636 3.6129627
40736 3.9003515
40836 3.9554234
40936 3.8951778
41038 3.7027302
41139 2.698462
41239 2.2692823
41339 1.5896897
41439 0.906312
41539 -0.20200825
41639 -1.6791584
41739 -2.504673
41840 -3.118524
41940 -3.5694268
42040 -3.5681393
42140 -3.2501974
42240 -2.3714793
42340 -0.7389879
42440 0.905406
42541 2.006971
42641 2.8791304
42741 3.3299923
42841 3.402979
42941 3.4030762
43041 3.3028498
43142 2.7241783
43242 1.6694579
43342 0.5750265
43442 -0.010445595
43542 -0.70069885
43642 -1.4157424
43743 -2.086697
43843 -2.6008983
43943 -3.013095
44043 -3.5234437
44143 -3.3512037
44244 -3.2961392
44343 -2.604682
44443 -1.444706
44544 -0.52794886
44644 0.3991413
44744 1.2239456
44845 2.0185013
44944 3.1612139
45045 3.6254482
45145 4.3028774
45246 4.3945627
45345 4.110256
45445 3.198409
45545 2.422244
45646 1.307466
45746 -0.4239521
45847 -1.1411946
45947 -2.0978394
46047 -2.768701
46147 -3.2509158
46246 -3.5785284
46346 -3.7919445
46447 -3.8060055
46548 -3.6161425
46643 -2.9001708
46747 -1.6986244
46848 -1.073808
46948 -0.34691238
47049 0.57199
47148 1.3814354
47249 1.9704103
47348 2.412179
47449 2.704371
47549 2.9664373
47650 2.9283667
47749 2.2528358
47849 1.2667646
48167 -0.75619507
48267 -1.1217256
48366 -1.6555104
48468 -1.875464
48567 -1.8877056
48667 -1.7999668
48768 -1.2904668
48868 -0.637424
48968 -0.30964804
49069 0.048050404
49169 0.6607542
49268 1.1277113
49369 1.8712769
49469 2.476119
49569 2.4900994
49670 1.8453398
49769 0.8239527
49870 -0.0063681602
49970 -0.59407043
50070 -1.0073674
50170 -1.3136649
50270 -1.3969417
50370 -1.2317092
50471 -0.9335227
50571 -0.7277832
50671 -0.5048814
50771 -0.22478962
50872 0.30693913
50971 1.0814657
51071 1.7188821
51172 1.9536924
51272 2.154901
51372 2.240129
51473 2.2387314
51573 2.0193167
51673 1.4694128
51772 0.75715303
51873 0.3124671
51973 -0.121797085
52074 -0.5557084
52173 -0.84120417
52274 -0.9237213
52374 -0.89009
52474 -0.53786564
52574 -0.10782337
52674 0.30808258
52774 0.7740183
52875 1.4001312
52957 1.6702776
53057 1.7630262
53157 1.7800231
53257 1.7418671
53357 1.3731451
53457 0.7740531
53559 0.27402163
53659 -0.12882042
53760 -0.62538433
53860 -1.1109416
53960 -1.1516013
54060 -1.1805375
54394 -1.0177116
54494 -0.68952465
54594 -0.2729435
54694 0.24325895
54794 1.1332674
54895 1.6506462
54994 1.8887472
55095 1.9386358
55195 1.8890228
55296 1.7206511
55395 1.5439034
55495 1.3060412
55596 0.45688963
55695 -0.24991894
55796 -0.7068505
55896 -0.94923496
55996 -1.1051934
56097 -1.1300838
56197 -0.9099326
56297 -0.50090027
56397 -0.19674921
56497 0.014858246
56597 0.3608036
56698 1.0140791
56797 1.2867498
56898 1.3557792
56998 1.3444362
57099 1.2848616
57199 1.2487135
57298 1.100481
57399 0.59531736
57498 -0.27345753
57599 -0.934021
57700 -1.3971329
57799 -1.5846908
57900 -1.6103034
58000 -1.5366662
58100 -1.2790115
58200 -0.76307964
58300 -0.39383745
58400 -0.07896328
58501 0.51819324
58601 1.104753
58701 1.5381775
58802 1.6125731
58901 1.4716926
59001 1.122716
59101 0.7292142
59202 0.29729748
59302 -0.23631382
59402 -0.65983677
59502 -1.2338817
59602 -1.4110177
59703 -1.544157
59802 -1.5463328
59904 -1.3313916
60003 -0.78205204
60103 -0.39387226
60203 0.033318996
60303 0.6536951
60404 1.068037
60503 1.259203
60605 1.2641039
60705 1.1781931
60804 1.1073332
60887 0.98894787
60987 0.6969714
61087 0.19363308
61187 -0.38068438
61287 -0.6620536
61387 -0.81996965
61488 -0.8796201
61589 -0.95239973
61690 -1.000171
61790 -0.95190763
61890 -0.61353064
61990 -0.2001648
62090 0.5064359
62190 1.259829
62290 1.7358375
62391 1.6461649
62491 1.4997253
62591 1.407754
62691 1.0679789
62791 0.4401474
62891 -0.27953243
62991 -0.71438885
63092 -1.0171943
63192 -1.1644192
63292 -1.1761646
63392 -1.1600528
63492 -0.8475981
63592 -0.5024514
63692 -0.2411828
63793 -0.011253357
63893 0.30624723
63993 0.8951168
64093 1.3563147
64193 1.448245
64293 1.261334
64395 0.7285795
64494 0.17299223
64594 -0.28940964
64695 -0.5820341
64794 -0.7681856
64894 -0.85278606
64994 -0.8717437
65095 -0.724267
65195 -0.36169815
65295 0.16500282
65395 0.7578392
65496 1.4566002
65596 2.0133905
65697 1.9569955
65796 1.395709
65897 0.7349005
65996 0.06302118
66097 -0.5705304
66197 -1.083395
66297 -1.656203
66397 -2.313065
66498 -2.384849
66597 -2.1928267
66697 -1.4399197
66798 -0.3838644
66897 0.19872761
66998 0.691473
67098 1.0561337
67199 1.6459184
67299 2.065699
67399 2.1497636
67499 1.783155
67599 1.0672126
67699 0.58001184
67800 -0.2540145
67900 -0.89835835
68000 -1.2593522
68100 -1.4348023
68200 -1.4752414
68300 -1.4393144
68401 -1.3637156
68500 -1.2002435
68601 -0.84831667
68701 -0.50595903
68801 -0.21094227
68901 0.48728514
69002 0.9945364
69101 1.454483
69202 1.9589548
69303 2.3334923
69403 2.364637
69503 2.2966065
69603 1.1982884
69702 0.43301582
69803 -0.043312073
69903 -0.3871541
70003 -0.7486758
70104 -0.83446217
70203 -0.8607793
70303 -0.84891796
70404 -0.7864847
70504 -0.69918156
70604 -0.5194645
70705 -0.10486269
70804 0.30327368
70905 0.8559537
70987 1.4375024
71087 2.02417
71188 2.4366941
71287 2.5977697
71387 2.594252
71489 2.4385061
71588 2.1731505
71690 1.7735395
71790 1.163259
71890 0.4225073
71990 -0.21793175
72090 -0.6211333
72189 -0.92006063
72291 -1.1135926
72390 -1.147089
72491 -1.156136
72591 -1.0818982
72691 -0.6388674
72791 -0.2552309
72891 0.03908634
72992 0.31648636
73092 0.8734002
73192 1.4202051
73292 1.724936
73392 1.7441659
73492 1.6581984
73592 1.4890203
73693 0.8655038
73793 0.34547377
73893 -0.043164253
73993 -0.51362944
74093 -0.9599948
74193 -1.2645469
74294 -1.3626175
74394 -1.3763509
74494 -1.37118
74594 -1.2906919
74694 -1.009655
74794 -0.5942254
74894 -0.056257248
74995 0.5279207
